5.000000000000000000e-01 2.108485625000000000e+05
5.101010101010100550e-01 1.913345781250000000e+05
5.202020202020202211e-01 1.830514218750000000e+05
5.303030303030302761e-01 1.839237187500000000e+05
5.404040404040404422e-01 2.169926562500000000e+05
5.505050505050504972e-01 2.282222187500000000e+05
5.606060606060605522e-01 2.317860312500000000e+05
5.707070707070707183e-01 2.113734218750000000e+05
5.808080808080807733e-01 1.980318281250000000e+05
5.909090909090909394e-01 2.087807343750000000e+05
6.010101010101009944e-01 2.247520625000000000e+05
6.111111111111111605e-01 2.504814687500000000e+05
6.212121212121212155e-01 2.522022812500000000e+05
6.313131313131312705e-01 2.372669531250000000e+05
6.414141414141414366e-01 2.408826718750000000e+05
6.515151515151514916e-01 2.262725000000000000e+05
6.616161616161616577e-01 2.438004218750000000e+05
6.717171717171717127e-01 2.676868125000000000e+05
6.818181818181818787e-01 2.824589687500000000e+05
6.919191919191919338e-01 2.921917500000000000e+05
7.020202020202019888e-01 2.825680625000000000e+05
7.121212121212121549e-01 2.829983437500000000e+05
7.222222222222222099e-01 2.831889375000000000e+05
7.323232323232323759e-01 2.981172500000000000e+05
7.424242424242424310e-01 3.279914375000000000e+05
7.525252525252525970e-01 3.429218125000000000e+05
7.626262626262626521e-01 3.584056562500000000e+05
7.727272727272727071e-01 3.670551562500000000e+05
7.828282828282828731e-01 3.540178750000000000e+05
7.929292929292929282e-01 3.703334687500000000e+05
8.030303030303029832e-01 3.943920937500000000e+05
8.131313131313131493e-01 4.286713125000000000e+05
8.232323232323233153e-01 4.661107500000000000e+05
8.333333333333333703e-01 5.066889687500000000e+05
8.434343434343434254e-01 5.077820312500000000e+05
8.535353535353535914e-01 5.601570000000000000e+05
8.636363636363636465e-01 5.642220625000000000e+05
8.737373737373737015e-01 6.257460625000000000e+05
8.838383838383838675e-01 6.988610000000000000e+05
8.939393939393940336e-01 7.756447500000000000e+05
9.040404040404040886e-01 8.490186250000000000e+05
9.141414141414141437e-01 9.093085000000000000e+05
9.242424242424243097e-01 9.632523125000000000e+05
9.343434343434343647e-01 1.023503375000000000e+06
9.444444444444444198e-01 9.814595000000000000e+05
9.545454545454545858e-01 9.304905000000000000e+05
9.646464646464647519e-01 8.501981250000000000e+05
9.747474747474748069e-01 7.364751875000000000e+05
9.848484848484848619e-01 7.023406250000000000e+05
9.949494949494950280e-01 5.970038125000000000e+05
1.005050505050505194e+00 5.200998750000000000e+05
1.015151515151515138e+00 4.546445937500000000e+05
1.025252525252525304e+00 4.053853750000000000e+05
1.035353535353535470e+00 3.574590312500000000e+05
1.045454545454545414e+00 3.117590937500000000e+05
1.055555555555555580e+00 2.781350312500000000e+05
1.065656565656565746e+00 2.436850937500000000e+05
1.075757575757575690e+00 2.113096093750000000e+05
1.085858585858585856e+00 1.922578125000000000e+05
1.095959595959596022e+00 1.774687968750000000e+05
1.106060606060605966e+00 1.597037500000000000e+05
1.116161616161616355e+00 1.484423593750000000e+05
1.126262626262626299e+00 1.335963437500000000e+05
1.136363636363636465e+00 1.214724843750000000e+05
1.146464646464646631e+00 1.178197968750000000e+05
1.156565656565656575e+00 1.084116796875000000e+05
1.166666666666666741e+00 9.627791406250000000e+04
1.176767676767676907e+00 8.996525781250000000e+04
1.186868686868686851e+00 8.521242968750000000e+04
1.196969696969697017e+00 7.920745312500000000e+04
1.207070707070707183e+00 7.108015625000000000e+04
1.217171717171717127e+00 6.518008984375000000e+04
1.227272727272727293e+00 6.116116406250000000e+04
1.237373737373737459e+00 5.309766796875000000e+04
1.247474747474747403e+00 5.158982812500000000e+04
1.257575757575757791e+00 4.404775781250000000e+04
1.267676767676767735e+00 3.944346484375000000e+04
1.277777777777777679e+00 3.598314843750000000e+04
1.287878787878788067e+00 3.241886914062500000e+04
1.297979797979798011e+00 2.999696093750000000e+04
1.308080808080808177e+00 2.747978125000000000e+04
1.318181818181818343e+00 2.657256445312500000e+04
1.328282828282828287e+00 2.620770703125000000e+04
1.338383838383838453e+00 2.525926757812500000e+04
1.348484848484848619e+00 2.510660937500000000e+04
1.358585858585858563e+00 2.375337500000000000e+04
1.368686868686868729e+00 2.141805273437500000e+04
1.378787878787878896e+00 1.807953515625000000e+04
1.388888888888888840e+00 1.433091113281250000e+04
1.398989898989899228e+00 1.179276660156250000e+04
1.409090909090909172e+00 9.825903320312500000e+03
1.419191919191919116e+00 9.948034179687500000e+03
1.429292929292929504e+00 1.042858300781250000e+04
1.439393939393939448e+00 1.070359667968750000e+04
1.449494949494949614e+00 9.151958007812500000e+03
1.459595959595959780e+00 6.967873535156250000e+03
1.469696969696969724e+00 4.976344238281250000e+03
1.479797979797979890e+00 4.789284179687500000e+03
1.489898989898990056e+00 5.362166015625000000e+03
1.500000000000000000e+00 5.324114746093750000e+03
