5.000000000000000000e-01 1.362534676445648074e-04
5.101010101010100550e-01 1.315288973273709416e-04
5.202020202020202211e-01 5.784357927041128278e-05
5.303030303030302761e-01 2.176284397137351334e-05
5.404040404040404422e-01 9.963571210391819477e-05
5.505050505050504972e-01 1.478580379625782371e-04
5.606060606060605522e-01 1.476261386414989829e-04
5.707070707070707183e-01 1.207543318741954863e-04
5.808080808080807733e-01 5.879138188902288675e-05
5.909090909090909394e-01 2.743043842201586813e-05
6.010101010101009944e-01 8.156413241522386670e-05
6.111111111111111605e-01 8.517115929862484336e-05
6.212121212121212155e-01 1.755788252921774983e-04
6.313131313131312705e-01 1.399980828864499927e-04
6.414141414141414366e-01 9.025948384078219533e-05
6.515151515151514916e-01 2.159078030672390014e-05
6.616161616161616577e-01 4.078966230736114085e-05
6.717171717171717127e-01 1.475335011491551995e-04
6.818181818181818787e-01 1.539397781016305089e-04
6.919191919191919338e-01 5.379373033065348864e-05
7.020202020202019888e-01 1.743026659823954105e-04
7.121212121212121549e-01 2.370080765103921294e-04
7.222222222222222099e-01 1.738276769174262881e-04
7.323232323232323759e-01 2.358967612963169813e-04
7.424242424242424310e-01 2.043627173407003284e-04
7.525252525252525970e-01 3.557690361049026251e-04
7.626262626262626521e-01 1.986963034141808748e-04
7.727272727272727071e-01 7.392779225483536720e-04
7.828282828282828731e-01 8.752279682084918022e-04
7.929292929292929282e-01 9.432911756448447704e-04
8.030303030303029832e-01 6.910350639373064041e-04
8.131313131313131493e-01 1.971013844013214111e-03
8.232323232323233153e-01 6.015090038999915123e-04
8.333333333333333703e-01 2.799551002681255341e-03
8.434343434343434254e-01 2.958606928586959839e-03
8.535353535353535914e-01 1.749667571857571602e-03
8.636363636363636465e-01 5.873364396393299103e-03
8.737373737373737015e-01 4.911565221846103668e-03
8.838383838383838675e-01 4.729744978249073029e-03
8.939393939393940336e-01 4.909911192953586578e-03
9.040404040404040886e-01 5.305773578584194183e-03
9.141414141414141437e-01 7.651143241673707962e-03
9.242424242424243097e-01 7.317473646253347397e-03
9.343434343434343647e-01 1.134445052593946457e-02
9.444444444444444198e-01 1.432363875210285187e-02
9.545454545454545858e-01 1.797384768724441528e-02
9.646464646464647519e-01 1.699657365679740906e-02
9.747474747474748069e-01 1.451103854924440384e-02
9.848484848484848619e-01 2.011926099658012390e-02
9.949494949494950280e-01 2.600033581256866455e-02
1.005050505050505194e+00 1.874609105288982391e-02
1.015151515151515138e+00 2.691836468875408173e-02
1.025252525252525304e+00 2.138439565896987915e-02
1.035353535353535470e+00 1.657102070748806000e-02
1.045454545454545414e+00 2.601459436118602753e-02
1.055555555555555580e+00 1.974189281463623047e-02
1.065656565656565746e+00 1.651893369853496552e-02
1.075757575757575690e+00 1.876771636307239532e-02
1.085858585858585856e+00 1.196682360023260117e-02
1.095959595959596022e+00 1.744229719042778015e-02
1.106060606060605966e+00 1.086148712784051895e-02
1.116161616161616355e+00 1.386320870369672775e-02
1.126262626262626299e+00 1.128799002617597580e-02
1.136363636363636465e+00 1.512096729129552841e-02
1.146464646464646631e+00 1.649923622608184814e-02
1.156565656565656575e+00 1.801899448037147522e-02
1.166666666666666741e+00 1.141718495637178421e-02
1.176767676767676907e+00 1.165167707949876785e-02
1.186868686868686851e+00 1.088649407029151917e-02
1.196969696969697017e+00 1.169392652809619904e-02
1.207070707070707183e+00 7.225261069834232330e-03
1.217171717171717127e+00 1.143243815749883652e-02
1.227272727272727293e+00 5.580883938819169998e-03
1.237373737373737459e+00 6.517061498016119003e-03
1.247474747474747403e+00 8.899308741092681885e-03
1.257575757575757791e+00 6.177600938826799393e-03
1.267676767676767735e+00 8.623917587101459503e-03
1.277777777777777679e+00 6.105650682002305984e-03
1.287878787878788067e+00 1.338507700711488724e-02
1.297979797979798011e+00 1.354476902633905411e-02
1.308080808080808177e+00 1.755373552441596985e-02
1.318181818181818343e+00 2.840409055352210999e-02
1.328282828282828287e+00 1.190402284264564514e-01
1.338383838383838453e+00 4.228588938713073730e-01
1.348484848484848619e+00 7.032679319381713867e-01
1.358585858585858563e+00 4.678507745265960693e-01
1.368686868686868729e+00 1.387737244367599487e-01
1.378787878787878896e+00 1.788930036127567291e-02
1.388888888888888840e+00 2.776829991489648819e-03
1.398989898989899228e+00 5.057399976067245007e-04
1.409090909090909172e+00 8.188667125068604946e-04
1.419191919191919116e+00 5.286981468088924885e-04
1.429292929292929504e+00 1.577838847879320383e-04
1.439393939393939448e+00 3.375166852492839098e-05
1.449494949494949614e+00 4.572201760311145335e-06
1.459595959595959780e+00 2.269192918902263045e-05
1.469696969696969724e+00 2.579820466053206474e-05
1.479797979797979890e+00 2.122562727890908718e-05
1.489898989898990056e+00 1.203215470013674349e-05
1.500000000000000000e+00 8.577400762987963390e-07
