5.000000000000000000e-01 3.561078119673766196e-05
5.101010101010100550e-01 1.403895876137539744e-04
5.202020202020202211e-01 2.824853581842035055e-04
5.303030303030302761e-01 3.518103912938386202e-04
5.404040404040404422e-01 3.226627013646066189e-04
5.505050505050504972e-01 2.168892970075830817e-04
5.606060606060605522e-01 3.452201417530886829e-05
5.707070707070707183e-01 1.375118590658530593e-04
5.808080808080807733e-01 2.979112323373556137e-04
5.909090909090909394e-01 3.755639481823891401e-04
6.010101010101009944e-01 3.675761399790644646e-04
6.111111111111111605e-01 2.612796379253268242e-04
6.212121212121212155e-01 8.668421651236712933e-05
6.313131313131312705e-01 1.112750542233698070e-04
6.414141414141414366e-01 2.700163749977946281e-04
6.515151515151514916e-01 3.902469470631331205e-04
6.616161616161616577e-01 4.309763025958091021e-04
6.717171717171717127e-01 3.769404138438403606e-04
6.818181818181818787e-01 2.334411547053605318e-04
6.919191919191919338e-01 7.605199789395555854e-05
7.020202020202019888e-01 1.312636304646730423e-04
7.121212121212121549e-01 3.134005528409034014e-04
7.222222222222222099e-01 4.450716369319707155e-04
7.323232323232323759e-01 4.920348292216658592e-04
7.424242424242424310e-01 4.838225431740283966e-04
7.525252525252525970e-01 3.360647533554583788e-04
7.626262626262626521e-01 1.707696792436763644e-04
7.727272727272727071e-01 4.178794915787875652e-05
7.828282828282828731e-01 2.405747945886105299e-04
7.929292929292929282e-01 4.415623552631586790e-04
8.030303030303029832e-01 5.937461974099278450e-04
8.131313131313131493e-01 6.769159808754920959e-04
8.232323232323233153e-01 6.108634406700730324e-04
8.333333333333333703e-01 5.313229630701243877e-04
8.434343434343434254e-01 3.484052722342312336e-04
8.535353535353535914e-01 1.596957299625501037e-04
8.636363636363636465e-01 5.305849481374025345e-05
8.737373737373737015e-01 3.168095136061310768e-04
8.838383838383838675e-01 5.688081146217882633e-04
8.939393939393940336e-01 8.226130739785730839e-04
9.040404040404040886e-01 1.082342932932078838e-03
9.141414141414141437e-01 1.075859647244215012e-03
9.242424242424243097e-01 7.176395040005445480e-03
9.343434343434343647e-01 6.369607895612716675e-02
9.444444444444444198e-01 2.691271603107452393e-01
9.545454545454545858e-01 4.140730500221252441e-01
9.646464646464647519e-01 2.235908657312393188e-01
9.747474747474748069e-01 3.826543688774108887e-02
9.848484848484848619e-01 3.532044589519500732e-03
9.949494949494950280e-01 6.483181496150791645e-04
1.005050505050505194e+00 4.356051795184612274e-04
1.015151515151515138e+00 3.886650083586573601e-04
1.025252525252525304e+00 3.307829902041703463e-04
1.035353535353535470e+00 2.652177936397492886e-04
1.045454545454545414e+00 1.761563762556761503e-04
1.055555555555555580e+00 2.021322143264114857e-04
1.065656565656565746e+00 1.617596135474741459e-04
1.075757575757575690e+00 1.611714542377740145e-04
1.085858585858585856e+00 1.637713867239654064e-04
1.095959595959596022e+00 1.845103251980617642e-04
1.106060606060605966e+00 2.029398165177553892e-04
1.116161616161616355e+00 2.117506810463964939e-04
1.126262626262626299e+00 2.411576715530827641e-04
1.136363636363636465e+00 1.858863630332052708e-03
1.146464646464646631e+00 3.587777912616729736e-02
1.156565656565656575e+00 2.379663586616516113e-01
1.166666666666666741e+00 5.647245049476623535e-01
1.176767676767676907e+00 4.509690701961517334e-01
1.186868686868686851e+00 1.420134007930755615e-01
1.196969696969697017e+00 1.631730794906616211e-02
1.207070707070707183e+00 8.870656893122941256e-05
1.217171717171717127e+00 6.371909403242170811e-04
1.227272727272727293e+00 5.095970700494945049e-04
1.237373737373737459e+00 4.300317668821662664e-04
1.247474747474747403e+00 3.217189223505556583e-04
1.257575757575757791e+00 2.849045849870890379e-04
1.267676767676767735e+00 2.175248519051820040e-04
1.277777777777777679e+00 1.571146422065794468e-04
1.287878787878788067e+00 9.738789958646520972e-05
1.297979797979798011e+00 6.353620847221463919e-05
1.308080808080808177e+00 1.443369819753570482e-05
1.318181818181818343e+00 1.986617098737042397e-05
1.328282828282828287e+00 4.912568692816421390e-05
1.338383838383838453e+00 7.386199285974726081e-05
1.348484848484848619e+00 8.814835018711164594e-05
1.358585858585858563e+00 9.226560359820723534e-05
1.368686868686868729e+00 8.992930816020816565e-05
1.378787878787878896e+00 7.616140646860003471e-05
1.388888888888888840e+00 5.800462531624361873e-05
1.398989898989899228e+00 3.235246185795404017e-05
1.409090909090909172e+00 8.103148502414114773e-06
1.419191919191919116e+00 1.394982427882496268e-05
1.429292929292929504e+00 3.054430999327450991e-05
1.439393939393939448e+00 3.828796616289764643e-05
1.449494949494949614e+00 3.613902663346379995e-05
1.459595959595959780e+00 2.395512638031505048e-05
1.469696969696969724e+00 9.343903911940287799e-06
1.479797979797979890e+00 6.137814125395379961e-06
1.489898989898990056e+00 1.646691271162126213e-05
1.500000000000000000e+00 1.851724482548888773e-05
