5.000000000000000000e-01 1.227031015625000000e+05
5.101010101010100550e-01 9.339470312500000000e+04
5.202020202020202211e-01 6.488985546875000000e+04
5.303030303030302761e-01 7.846732031250000000e+04
5.404040404040404422e-01 1.446948437500000000e+05
5.505050505050504972e-01 1.219966875000000000e+05
5.606060606060605522e-01 1.398966406250000000e+05
5.707070707070707183e-01 1.061312578125000000e+05
5.808080808080807733e-01 1.237621093750000000e+05
5.909090909090909394e-01 1.330434218750000000e+05
6.010101010101009944e-01 1.647518281250000000e+05
6.111111111111111605e-01 1.221769531250000000e+05
6.212121212121212155e-01 1.310821562500000000e+05
6.313131313131312705e-01 1.998729218750000000e+05
6.414141414141414366e-01 2.163541562500000000e+05
6.515151515151514916e-01 1.871776718750000000e+05
6.616161616161616577e-01 1.797930781250000000e+05
6.717171717171717127e-01 1.937762500000000000e+05
6.818181818181818787e-01 2.238210000000000000e+05
6.919191919191919338e-01 1.939087500000000000e+05
7.020202020202019888e-01 2.130885781250000000e+05
7.121212121212121549e-01 3.373157187500000000e+05
7.222222222222222099e-01 2.213115000000000000e+05
7.323232323232323759e-01 2.185583906250000000e+05
7.424242424242424310e-01 3.556434375000000000e+05
7.525252525252525970e-01 4.090437500000000000e+05
7.626262626262626521e-01 5.284540000000000000e+05
7.727272727272727071e-01 5.064157812500000000e+05
7.828282828282828731e-01 4.407419375000000000e+05
7.929292929292929282e-01 3.405253437500000000e+05
8.030303030303029832e-01 3.282573750000000000e+05
8.131313131313131493e-01 3.631811875000000000e+05
8.232323232323233153e-01 4.091891875000000000e+05
8.333333333333333703e-01 3.357878125000000000e+05
8.434343434343434254e-01 3.460701875000000000e+05
8.535353535353535914e-01 3.077790312500000000e+05
8.636363636363636465e-01 2.452103125000000000e+05
8.737373737373737015e-01 3.253055937500000000e+05
8.838383838383838675e-01 2.333994218750000000e+05
8.939393939393940336e-01 1.610670781250000000e+05
9.040404040404040886e-01 1.473227343750000000e+05
9.141414141414141437e-01 1.482310468750000000e+05
9.242424242424243097e-01 1.520195000000000000e+05
9.343434343434343647e-01 1.439103281250000000e+05
9.444444444444444198e-01 1.390139687500000000e+05
9.545454545454545858e-01 9.132806250000000000e+04
9.646464646464647519e-01 1.000378671875000000e+05
9.747474747474748069e-01 1.331578281250000000e+05
9.848484848484848619e-01 1.113119062500000000e+05
9.949494949494950280e-01 1.041544609375000000e+05
1.005050505050505194e+00 7.672960156250000000e+04
1.015151515151515138e+00 5.405530078125000000e+04
1.025252525252525304e+00 7.891025781250000000e+04
1.035353535353535470e+00 7.381894531250000000e+04
1.045454545454545414e+00 4.371282031250000000e+04
1.055555555555555580e+00 4.875948437500000000e+04
1.065656565656565746e+00 3.697470703125000000e+04
1.075757575757575690e+00 4.234202734375000000e+04
1.085858585858585856e+00 4.443487890625000000e+04
1.095959595959596022e+00 2.344306835937500000e+04
1.106060606060605966e+00 2.323691992187500000e+04
1.116161616161616355e+00 2.813063476562500000e+04
1.126262626262626299e+00 3.140072460937500000e+04
1.136363636363636465e+00 1.931391796875000000e+04
1.146464646464646631e+00 2.137843359375000000e+04
1.156565656565656575e+00 2.881919531250000000e+04
1.166666666666666741e+00 2.383881835937500000e+04
1.176767676767676907e+00 2.091489257812500000e+04
1.186868686868686851e+00 2.380961328125000000e+04
1.196969696969697017e+00 2.039038085937500000e+04
1.207070707070707183e+00 1.772823828125000000e+04
1.217171717171717127e+00 1.644306640625000000e+04
1.227272727272727293e+00 1.429344824218750000e+04
1.237373737373737459e+00 1.748991210937500000e+04
1.247474747474747403e+00 1.139924804687500000e+04
1.257575757575757791e+00 7.628049316406250000e+03
1.267676767676767735e+00 1.077198828125000000e+04
1.277777777777777679e+00 8.258689453125000000e+03
1.287878787878788067e+00 8.195811523437500000e+03
1.297979797979798011e+00 9.991559570312500000e+03
1.308080808080808177e+00 8.068405761718750000e+03
1.318181818181818343e+00 8.062334960937500000e+03
1.328282828282828287e+00 6.760446777343750000e+03
1.338383838383838453e+00 7.760268066406250000e+03
1.348484848484848619e+00 6.674405761718750000e+03
1.358585858585858563e+00 6.009210937500000000e+03
1.368686868686868729e+00 5.431315429687500000e+03
1.378787878787878896e+00 4.855520507812500000e+03
1.388888888888888840e+00 4.529717773437500000e+03
1.398989898989899228e+00 2.709462890625000000e+03
1.409090909090909172e+00 2.264916015625000000e+03
1.419191919191919116e+00 3.044373291015625000e+03
1.429292929292929504e+00 3.264912109375000000e+03
1.439393939393939448e+00 3.344027587890625000e+03
1.449494949494949614e+00 1.602357666015625000e+03
1.459595959595959780e+00 1.678099609375000000e+03
1.469696969696969724e+00 9.587693481445312500e+02
1.479797979797979890e+00 1.509936401367187500e+03
1.489898989898990056e+00 1.626147583007812500e+03
1.500000000000000000e+00 1.940325073242187500e+03
