5.000000000000000000e-01 2.583415750000000000e+06
5.101010101010100550e-01 1.318090125000000000e+06
5.202020202020202211e-01 1.585344875000000000e+06
5.303030303030302761e-01 2.082225375000000000e+06
5.404040404040404422e-01 1.345868625000000000e+06
5.505050505050504972e-01 1.298024875000000000e+06
5.606060606060605522e-01 1.034955375000000000e+06
5.707070707070707183e-01 1.013869687500000000e+05
5.808080808080807733e-01 1.154624125000000000e+06
5.909090909090909394e-01 5.929058750000000000e+05
6.010101010101009944e-01 7.980851875000000000e+05
6.111111111111111605e-01 2.573151718750000000e+05
6.212121212121212155e-01 5.899013750000000000e+05
6.313131313131312705e-01 5.647210625000000000e+05
6.414141414141414366e-01 4.588237187500000000e+05
6.515151515151514916e-01 8.186128750000000000e+05
6.616161616161616577e-01 6.699575000000000000e+05
6.717171717171717127e-01 2.438809531250000000e+05
6.818181818181818787e-01 2.294825781250000000e+05
6.919191919191919338e-01 2.753815937500000000e+05
7.020202020202019888e-01 1.464860937500000000e+05
7.121212121212121549e-01 3.838605937500000000e+05
7.222222222222222099e-01 4.252135312500000000e+05
7.323232323232323759e-01 2.859772187500000000e+05
7.424242424242424310e-01 8.664392968750000000e+04
7.525252525252525970e-01 3.179216562500000000e+05
7.626262626262626521e-01 1.702158281250000000e+05
7.727272727272727071e-01 2.003232656250000000e+05
7.828282828282828731e-01 3.332155625000000000e+05
7.929292929292929282e-01 1.841533437500000000e+05
8.030303030303029832e-01 3.073415625000000000e+05
8.131313131313131493e-01 1.985579375000000000e+05
8.232323232323233153e-01 2.039173125000000000e+05
8.333333333333333703e-01 3.440302343750000000e+04
8.434343434343434254e-01 2.462275781250000000e+05
8.535353535353535914e-01 1.708759218750000000e+05
8.636363636363636465e-01 3.196277929687500000e+04
8.737373737373737015e-01 2.691353437500000000e+05
8.838383838383838675e-01 2.475020625000000000e+05
8.939393939393940336e-01 1.772702656250000000e+05
9.040404040404040886e-01 1.361440937500000000e+05
9.141414141414141437e-01 6.971264062500000000e+04
9.242424242424243097e-01 1.189740078125000000e+05
9.343434343434343647e-01 1.349582343750000000e+05
9.444444444444444198e-01 1.335334375000000000e+05
9.545454545454545858e-01 3.820924218750000000e+04
9.646464646464647519e-01 1.062875937500000000e+05
9.747474747474748069e-01 1.781484687500000000e+05
9.848484848484848619e-01 3.380538671875000000e+04
9.949494949494950280e-01 2.251707812500000000e+04
1.005050505050505194e+00 1.693298437500000000e+05
1.015151515151515138e+00 1.432456718750000000e+05
1.025252525252525304e+00 5.832623437500000000e+04
1.035353535353535470e+00 9.594919531250000000e+04
1.045454545454545414e+00 1.110071484375000000e+05
1.055555555555555580e+00 6.610317968750000000e+04
1.065656565656565746e+00 9.095321875000000000e+04
1.075757575757575690e+00 2.512809570312500000e+04
1.085858585858585856e+00 6.267140625000000000e+04
1.095959595959596022e+00 3.999189453125000000e+04
1.106060606060605966e+00 3.984750390625000000e+04
1.116161616161616355e+00 3.886203906250000000e+04
1.126262626262626299e+00 5.634350000000000000e+04
1.136363636363636465e+00 4.424781799316406250e+02
1.146464646464646631e+00 1.889354101562500000e+04
1.156565656565656575e+00 9.823881835937500000e+03
1.166666666666666741e+00 5.336633593750000000e+04
1.176767676767676907e+00 6.681579589843750000e+03
1.186868686868686851e+00 2.751430468750000000e+04
1.196969696969697017e+00 3.679109765625000000e+04
1.207070707070707183e+00 5.590917578125000000e+04
1.217171717171717127e+00 3.690748437500000000e+04
1.227272727272727293e+00 2.593779492187500000e+04
1.237373737373737459e+00 4.640487500000000000e+04
1.247474747474747403e+00 1.701612304687500000e+04
1.257575757575757791e+00 2.189439257812500000e+04
1.267676767676767735e+00 2.190685742187500000e+04
1.277777777777777679e+00 1.135778320312500000e+04
1.287878787878788067e+00 1.421312695312500000e+04
1.297979797979798011e+00 6.915408691406250000e+03
1.308080808080808177e+00 8.294747070312500000e+03
1.318181818181818343e+00 1.624024609375000000e+04
1.328282828282828287e+00 1.769571093750000000e+04
1.338383838383838453e+00 1.327247656250000000e+04
1.348484848484848619e+00 3.196143945312500000e+04
1.358585858585858563e+00 2.138406054687500000e+04
1.368686868686868729e+00 1.764565820312500000e+04
1.378787878787878896e+00 1.978075195312500000e+04
1.388888888888888840e+00 1.630865332031250000e+04
1.398989898989899228e+00 3.635418701171875000e+03
1.409090909090909172e+00 5.133149414062500000e+03
1.419191919191919116e+00 8.122017089843750000e+03
1.429292929292929504e+00 8.250405273437500000e+03
1.439393939393939448e+00 2.695832275390625000e+03
1.449494949494949614e+00 3.783003662109375000e+03
1.459595959595959780e+00 9.032188476562500000e+03
1.469696969696969724e+00 2.011249633789062500e+03
1.479797979797979890e+00 6.015422851562500000e+03
1.489898989898990056e+00 3.965933349609375000e+03
1.500000000000000000e+00 4.460103515625000000e+03
