5.000000000000000000e-01 6.212939941406250000e+03
5.101010101010100550e-01 4.900064453125000000e+03
5.202020202020202211e-01 3.313606445312500000e+03
5.303030303030302761e-01 3.462460205078125000e+03
5.404040404040404422e-01 5.013243652343750000e+03
5.505050505050504972e-01 6.151997070312500000e+03
5.606060606060605522e-01 6.080189453125000000e+03
5.707070707070707183e-01 4.974156738281250000e+03
5.808080808080807733e-01 3.392199951171875000e+03
5.909090909090909394e-01 3.420062011718750000e+03
6.010101010101009944e-01 4.753149902343750000e+03
6.111111111111111605e-01 5.953173828125000000e+03
6.212121212121212155e-01 6.245651855468750000e+03
6.313131313131312705e-01 5.435361328125000000e+03
6.414141414141414366e-01 3.996899169921875000e+03
6.515151515151514916e-01 3.131998046875000000e+03
6.616161616161616577e-01 3.984823730468750000e+03
6.717171717171717127e-01 5.352175292968750000e+03
6.818181818181818787e-01 6.071746093750000000e+03
6.919191919191919338e-01 6.076713867187500000e+03
7.020202020202019888e-01 5.058646484375000000e+03
7.121212121212121549e-01 3.715200683593750000e+03
7.222222222222222099e-01 3.216998046875000000e+03
7.323232323232323759e-01 4.009395507812500000e+03
7.424242424242424310e-01 5.233246582031250000e+03
7.525252525252525970e-01 5.916858398437500000e+03
7.626262626262626521e-01 5.919726562500000000e+03
7.727272727272727071e-01 5.201507812500000000e+03
7.828282828282828731e-01 4.146969238281250000e+03
7.929292929292929282e-01 3.337879638671875000e+03
8.030303030303029832e-01 3.394240722656250000e+03
8.131313131313131493e-01 4.162804687500000000e+03
8.232323232323233153e-01 5.036809570312500000e+03
8.333333333333333703e-01 5.636433593750000000e+03
8.434343434343434254e-01 5.545107910156250000e+03
8.535353535353535914e-01 5.159215820312500000e+03
8.636363636363636465e-01 4.458935058593750000e+03
8.737373737373737015e-01 3.519139160156250000e+03
8.838383838383838675e-01 3.185517089843750000e+03
8.939393939393940336e-01 3.368528320312500000e+03
9.040404040404040886e-01 4.063391357421875000e+03
9.141414141414141437e-01 4.588161132812500000e+03
9.242424242424243097e-01 5.039047363281250000e+03
9.343434343434343647e-01 5.236743164062500000e+03
9.444444444444444198e-01 5.207247558593750000e+03
9.545454545454545858e-01 4.863382324218750000e+03
9.646464646464647519e-01 4.315391113281250000e+03
9.747474747474748069e-01 3.741481445312500000e+03
9.848484848484848619e-01 3.353057128906250000e+03
9.949494949494950280e-01 3.075748535156250000e+03
1.005050505050505194e+00 3.107792968750000000e+03
1.015151515151515138e+00 3.391575927734375000e+03
1.025252525252525304e+00 3.708611816406250000e+03
1.035353535353535470e+00 4.021020751953125000e+03
1.045454545454545414e+00 4.382990722656250000e+03
1.055555555555555580e+00 4.499255859375000000e+03
1.065656565656565746e+00 4.612322265625000000e+03
1.075757575757575690e+00 4.443263671875000000e+03
1.085858585858585856e+00 4.515321289062500000e+03
1.095959595959596022e+00 4.385729492187500000e+03
1.106060606060605966e+00 4.218660156250000000e+03
1.116161616161616355e+00 4.120411621093750000e+03
1.126262626262626299e+00 3.872994384765625000e+03
1.136363636363636465e+00 3.747003173828125000e+03
1.146464646464646631e+00 3.693056152343750000e+03
1.156565656565656575e+00 3.540725097656250000e+03
1.166666666666666741e+00 3.489771484375000000e+03
1.176767676767676907e+00 3.379521728515625000e+03
1.186868686868686851e+00 3.273357177734375000e+03
1.196969696969697017e+00 3.302490722656250000e+03
1.207070707070707183e+00 3.203750000000000000e+03
1.217171717171717127e+00 3.184945800781250000e+03
1.227272727272727293e+00 3.155615722656250000e+03
1.237373737373737459e+00 3.180548339843750000e+03
1.247474747474747403e+00 3.253649414062500000e+03
1.257575757575757791e+00 3.175557128906250000e+03
1.267676767676767735e+00 3.243063720703125000e+03
1.277777777777777679e+00 3.224481933593750000e+03
1.287878787878788067e+00 3.137866943359375000e+03
1.297979797979798011e+00 3.139631835937500000e+03
1.308080808080808177e+00 3.058524902343750000e+03
1.318181818181818343e+00 2.867629638671875000e+03
1.328282828282828287e+00 2.759069091796875000e+03
1.338383838383838453e+00 2.647660156250000000e+03
1.348484848484848619e+00 2.497158203125000000e+03
1.358585858585858563e+00 2.368052978515625000e+03
1.368686868686868729e+00 2.326563476562500000e+03
1.378787878787878896e+00 2.341470214843750000e+03
1.388888888888888840e+00 2.466365234375000000e+03
1.398989898989899228e+00 2.570940185546875000e+03
1.409090909090909172e+00 2.659552246093750000e+03
1.419191919191919116e+00 2.560131591796875000e+03
1.429292929292929504e+00 2.397985351562500000e+03
1.439393939393939448e+00 2.371791259765625000e+03
1.449494949494949614e+00 2.462225097656250000e+03
1.459595959595959780e+00 2.599930175781250000e+03
1.469696969696969724e+00 2.856182861328125000e+03
1.479797979797979890e+00 3.037544189453125000e+03
1.489898989898990056e+00 3.275295410156250000e+03
1.500000000000000000e+00 3.816057617187500000e+03
