5.000000000000000000e-01 2.557113394141197205e-02
5.101010101010100550e-01 4.034841060638427734e-02
5.202020202020202211e-01 4.424194991588592529e-02
5.303030303030302761e-01 3.642259165644645691e-02
5.404040404040404422e-01 1.880571059882640839e-02
5.505050505050504972e-01 4.316901788115501404e-03
5.606060606060605522e-01 2.304591052234172821e-02
5.707070707070707183e-01 1.045817360281944275e-01
5.808080808080807733e-01 3.994592726230621338e-01
5.909090909090909394e-01 1.411602258682250977e+00
6.010101010101009944e-01 2.287282466888427734e+00
6.111111111111111605e-01 2.169562816619873047e+00
6.212121212121212155e-01 1.046343684196472168e+00
6.313131313131312705e-01 7.607466578483581543e-01
6.414141414141414366e-01 1.780911087989807129e+00
6.515151515151514916e-01 1.715254902839660645e+00
6.616161616161616577e-01 1.252018451690673828e+00
6.717171717171717127e-01 2.353228807449340820e+00
6.818181818181818787e-01 3.947408676147460938e+00
6.919191919191919338e-01 3.505846500396728516e+00
7.020202020202019888e-01 3.899780988693237305e+00
7.121212121212121549e-01 8.260533332824707031e+00
7.222222222222222099e-01 1.334005451202392578e+01
7.323232323232323759e-01 1.516351795196533203e+01
7.424242424242424310e-01 1.432619571685791016e+01
7.525252525252525970e-01 1.825377845764160156e+01
7.626262626262626521e-01 2.866963195800781250e+01
7.727272727272727071e-01 4.092138290405273438e+01
7.828282828282828731e-01 5.328313827514648438e+01
7.929292929292929282e-01 7.138284301757812500e+01
8.030303030303029832e-01 9.602242279052734375e+01
8.131313131313131493e-01 1.156765670776367188e+02
8.232323232323233153e-01 1.328298187255859375e+02
8.333333333333333703e-01 1.541536712646484375e+02
8.434343434343434254e-01 1.877028656005859375e+02
8.535353535353535914e-01 2.330624542236328125e+02
8.636363636363636465e-01 2.823648071289062500e+02
8.737373737373737015e-01 3.427328186035156250e+02
8.838383838383838675e-01 3.955162658691406250e+02
8.939393939393940336e-01 4.331643981933593750e+02
9.040404040404040886e-01 4.753438415527343750e+02
9.141414141414141437e-01 5.297652587890625000e+02
9.242424242424243097e-01 6.004824218750000000e+02
9.343434343434343647e-01 6.780723266601562500e+02
9.444444444444444198e-01 7.474114990234375000e+02
9.545454545454545858e-01 8.053231811523437500e+02
9.646464646464647519e-01 8.668845825195312500e+02
9.747474747474748069e-01 9.188346557617187500e+02
9.848484848484848619e-01 9.447489013671875000e+02
9.949494949494950280e-01 9.633920288085937500e+02
1.005050505050505194e+00 9.788338623046875000e+02
1.015151515151515138e+00 9.905078735351562500e+02
1.025252525252525304e+00 1.010142456054687500e+03
1.035353535353535470e+00 1.018945983886718750e+03
1.045454545454545414e+00 9.904944458007812500e+02
1.055555555555555580e+00 9.478820190429687500e+02
1.065656565656565746e+00 9.067048950195312500e+02
1.075757575757575690e+00 8.673505859375000000e+02
1.085858585858585856e+00 8.358335571289062500e+02
1.095959595959596022e+00 7.779990844726562500e+02
1.106060606060605966e+00 6.994536743164062500e+02
1.116161616161616355e+00 6.415752563476562500e+02
1.126262626262626299e+00 5.913978881835937500e+02
1.136363636363636465e+00 5.258927001953125000e+02
1.146464646464646631e+00 4.500050964355468750e+02
1.156565656565656575e+00 3.812236633300781250e+02
1.166666666666666741e+00 3.289801330566406250e+02
1.176767676767676907e+00 2.941825866699218750e+02
1.186868686868686851e+00 2.621333312988281250e+02
1.196969696969697017e+00 2.175347595214843750e+02
1.207070707070707183e+00 1.772971649169921875e+02
1.217171717171717127e+00 1.482025451660156250e+02
1.227272727272727293e+00 1.198881378173828125e+02
1.237373737373737459e+00 9.903920745849609375e+01
1.247474747474747403e+00 8.646348571777343750e+01
1.257575757575757791e+00 7.110230255126953125e+01
1.267676767676767735e+00 5.418473815917968750e+01
1.277777777777777679e+00 4.102036285400390625e+01
1.287878787878788067e+00 3.136324882507324219e+01
1.297979797979798011e+00 2.317143058776855469e+01
1.308080808080808177e+00 1.672772407531738281e+01
1.318181818181818343e+00 1.203997898101806641e+01
1.328282828282828287e+00 7.512779235839843750e+00
1.338383838383838453e+00 3.676153182983398438e+00
1.348484848484848619e+00 2.510843992233276367e+00
1.358585858585858563e+00 3.793717384338378906e+00
1.368686868686868729e+00 4.009030342102050781e+00
1.378787878787878896e+00 3.022995233535766602e+00
1.388888888888888840e+00 1.663719534873962402e+00
1.398989898989899228e+00 4.714765846729278564e-01
1.409090909090909172e+00 5.300299450755119324e-02
1.419191919191919116e+00 1.288304687477648258e-03
1.429292929292929504e+00 2.308554714545607567e-03
1.439393939393939448e+00 2.928371541202068329e-03
1.449494949494949614e+00 2.880980726331472397e-03
1.459595959595959780e+00 2.173309447243809700e-03
1.469696969696969724e+00 1.010846579447388649e-03
1.479797979797979890e+00 2.521790738683193922e-04
1.489898989898990056e+00 1.192223397083580494e-03
1.500000000000000000e+00 1.522409031167626381e-03
