5.000000000000000000e-01 3.087700462341308594e+01
5.101010101010100550e-01 3.444900131225585938e+01
5.202020202020202211e-01 3.074310111999511719e+01
5.303030303030302761e-01 2.536219406127929688e+01
5.404040404040404422e-01 2.799872589111328125e+01
5.505050505050504972e-01 3.837054061889648438e+01
5.606060606060605522e-01 4.783029556274414062e+01
5.707070707070707183e-01 5.071807098388671875e+01
5.808080808080807733e-01 4.892651367187500000e+01
5.909090909090909394e-01 5.211581420898437500e+01
6.010101010101009944e-01 6.167353057861328125e+01
6.111111111111111605e-01 6.695177459716796875e+01
6.212121212121212155e-01 7.034487915039062500e+01
6.313131313131312705e-01 7.833556365966796875e+01
6.414141414141414366e-01 8.838607025146484375e+01
6.515151515151514916e-01 9.938883209228515625e+01
6.616161616161616577e-01 1.140360183715820312e+02
6.717171717171717127e-01 1.335655670166015625e+02
6.818181818181818787e-01 1.500140533447265625e+02
6.919191919191919338e-01 1.619850616455078125e+02
7.020202020202019888e-01 1.745295867919921875e+02
7.121212121212121549e-01 1.796048889160156250e+02
7.222222222222222099e-01 1.737978973388671875e+02
7.323232323232323759e-01 1.742883148193359375e+02
7.424242424242424310e-01 1.911006927490234375e+02
7.525252525252525970e-01 2.121272583007812500e+02
7.626262626262626521e-01 2.306003723144531250e+02
7.727272727272727071e-01 2.508772583007812500e+02
7.828282828282828731e-01 2.782082214355468750e+02
7.929292929292929282e-01 3.010806579589843750e+02
8.030303030303029832e-01 3.046776733398437500e+02
8.131313131313131493e-01 3.073229064941406250e+02
8.232323232323233153e-01 3.152960205078125000e+02
8.333333333333333703e-01 3.204294128417968750e+02
8.434343434343434254e-01 3.360416564941406250e+02
8.535353535353535914e-01 3.682398376464843750e+02
8.636363636363636465e-01 4.002083435058593750e+02
8.737373737373737015e-01 4.155895690917968750e+02
8.838383838383838675e-01 4.245129699707031250e+02
8.939393939393940336e-01 4.406819763183593750e+02
9.040404040404040886e-01 4.466628417968750000e+02
9.141414141414141437e-01 4.312387695312500000e+02
9.242424242424243097e-01 4.315374145507812500e+02
9.343434343434343647e-01 4.668964233398437500e+02
9.444444444444444198e-01 5.031068725585937500e+02
9.545454545454545858e-01 5.091028442382812500e+02
9.646464646464647519e-01 4.936741638183593750e+02
9.747474747474748069e-01 4.912387390136718750e+02
9.848484848484848619e-01 4.892841491699218750e+02
9.949494949494950280e-01 4.757642822265625000e+02
1.005050505050505194e+00 4.814269409179687500e+02
1.015151515151515138e+00 5.101721496582031250e+02
1.025252525252525304e+00 5.239062500000000000e+02
1.035353535353535470e+00 5.080023193359375000e+02
1.045454545454545414e+00 5.003442687988281250e+02
1.055555555555555580e+00 5.049588012695312500e+02
1.065656565656565746e+00 4.920816650390625000e+02
1.075757575757575690e+00 4.684295043945312500e+02
1.085858585858585856e+00 4.530570983886718750e+02
1.095959595959596022e+00 4.456200561523437500e+02
1.106060606060605966e+00 4.399136352539062500e+02
1.116161616161616355e+00 4.233407897949218750e+02
1.126262626262626299e+00 4.059900207519531250e+02
1.136363636363636465e+00 4.027295227050781250e+02
1.146464646464646631e+00 4.067165832519531250e+02
1.156565656565656575e+00 3.960850830078125000e+02
1.166666666666666741e+00 3.664001159667968750e+02
1.176767676767676907e+00 3.403395385742187500e+02
1.186868686868686851e+00 3.205524902343750000e+02
1.196969696969697017e+00 3.069827270507812500e+02
1.207070707070707183e+00 2.989622802734375000e+02
1.217171717171717127e+00 2.871915283203125000e+02
1.227272727272727293e+00 2.692032775878906250e+02
1.237373737373737459e+00 2.521760406494140625e+02
1.247474747474747403e+00 2.247591247558593750e+02
1.257575757575757791e+00 2.006730651855468750e+02
1.267676767676767735e+00 1.898306732177734375e+02
1.277777777777777679e+00 1.792351531982421875e+02
1.287878787878788067e+00 1.807867736816406250e+02
1.297979797979798011e+00 1.934914703369140625e+02
1.308080808080808177e+00 1.865670013427734375e+02
1.318181818181818343e+00 1.601372985839843750e+02
1.328282828282828287e+00 1.313567352294921875e+02
1.338383838383838453e+00 1.089953231811523438e+02
1.348484848484848619e+00 9.989722442626953125e+01
1.358585858585858563e+00 9.991761016845703125e+01
1.368686868686868729e+00 9.674215698242187500e+01
1.378787878787878896e+00 8.815460205078125000e+01
1.388888888888888840e+00 7.806581115722656250e+01
1.398989898989899228e+00 6.994930267333984375e+01
1.409090909090909172e+00 6.822859191894531250e+01
1.419191919191919116e+00 6.721810913085937500e+01
1.429292929292929504e+00 5.906523895263671875e+01
1.439393939393939448e+00 4.484229660034179688e+01
1.449494949494949614e+00 3.463917541503906250e+01
1.459595959595959780e+00 3.421524810791015625e+01
1.469696969696969724e+00 3.710347366333007812e+01
1.479797979797979890e+00 3.504680633544921875e+01
1.489898989898990056e+00 2.813030052185058594e+01
1.500000000000000000e+00 2.186259841918945312e+01
