5.000000000000000000e-01 2.194652000000000000e+08
5.101010101010100550e-01 2.537557760000000000e+08
5.202020202020202211e-01 1.805381920000000000e+08
5.303030303030302761e-01 2.218854400000000000e+08
5.404040404040404422e-01 2.548878080000000000e+08
5.505050505050504972e-01 4.104119680000000000e+08
5.606060606060605522e-01 3.940348800000000000e+08
5.707070707070707183e-01 3.763240640000000000e+08
5.808080808080807733e-01 2.284497920000000000e+08
5.909090909090909394e-01 2.186449760000000000e+08
6.010101010101009944e-01 2.662660160000000000e+08
6.111111111111111605e-01 2.939692160000000000e+08
6.212121212121212155e-01 2.946390720000000000e+08
6.313131313131312705e-01 3.468711040000000000e+08
6.414141414141414366e-01 3.380246720000000000e+08
6.515151515151514916e-01 3.703787200000000000e+08
6.616161616161616577e-01 2.973162560000000000e+08
6.717171717171717127e-01 2.887870400000000000e+08
6.818181818181818787e-01 3.950224000000000000e+08
6.919191919191919338e-01 3.719470720000000000e+08
7.020202020202019888e-01 3.167168960000000000e+08
7.121212121212121549e-01 3.300642880000000000e+08
7.222222222222222099e-01 2.777559360000000000e+08
7.323232323232323759e-01 2.767531520000000000e+08
7.424242424242424310e-01 3.580510080000000000e+08
7.525252525252525970e-01 3.319514880000000000e+08
7.626262626262626521e-01 5.429358720000000000e+08
7.727272727272727071e-01 4.025832960000000000e+08
7.828282828282828731e-01 2.460036960000000000e+08
7.929292929292929282e-01 2.725164480000000000e+08
8.030303030303029832e-01 3.871250560000000000e+08
8.131313131313131493e-01 3.955123200000000000e+08
8.232323232323233153e-01 3.559705600000000000e+08
8.333333333333333703e-01 4.898526080000000000e+08
8.434343434343434254e-01 3.945803200000000000e+08
8.535353535353535914e-01 3.396206400000000000e+08
8.636363636363636465e-01 4.846656960000000000e+08
8.737373737373737015e-01 3.556669760000000000e+08
8.838383838383838675e-01 4.310760000000000000e+08
8.939393939393940336e-01 4.026575680000000000e+08
9.040404040404040886e-01 3.997699200000000000e+08
9.141414141414141437e-01 5.325762560000000000e+08
9.242424242424243097e-01 5.650714880000000000e+08
9.343434343434343647e-01 5.191532160000000000e+08
9.444444444444444198e-01 4.811046720000000000e+08
9.545454545454545858e-01 4.591854720000000000e+08
9.646464646464647519e-01 6.380300160000000000e+08
9.747474747474748069e-01 5.914152960000000000e+08
9.848484848484848619e-01 4.890686720000000000e+08
9.949494949494950280e-01 5.494433920000000000e+08
1.005050505050505194e+00 5.245132160000000000e+08
1.015151515151515138e+00 6.296077440000000000e+08
1.025252525252525304e+00 6.214763520000000000e+08
1.035353535353535470e+00 7.784600320000000000e+08
1.045454545454545414e+00 6.632428800000000000e+08
1.055555555555555580e+00 8.019858560000000000e+08
1.065656565656565746e+00 9.609338880000000000e+08
1.075757575757575690e+00 8.682734080000000000e+08
1.085858585858585856e+00 9.343179520000000000e+08
1.095959595959596022e+00 7.255973120000000000e+08
1.106060606060605966e+00 7.188753280000000000e+08
1.116161616161616355e+00 7.391815680000000000e+08
1.126262626262626299e+00 6.635311360000000000e+08
1.136363636363636465e+00 4.806823040000000000e+08
1.146464646464646631e+00 4.074509760000000000e+08
1.156565656565656575e+00 4.844946240000000000e+08
1.166666666666666741e+00 3.974203520000000000e+08
1.176767676767676907e+00 4.264120960000000000e+08
1.186868686868686851e+00 3.077989440000000000e+08
1.196969696969697017e+00 2.786019200000000000e+08
1.207070707070707183e+00 2.974147200000000000e+08
1.217171717171717127e+00 2.426398560000000000e+08
1.227272727272727293e+00 2.133554720000000000e+08
1.237373737373737459e+00 2.323484320000000000e+08
1.247474747474747403e+00 1.557456000000000000e+08
1.257575757575757791e+00 1.672723360000000000e+08
1.267676767676767735e+00 1.270977760000000000e+08
1.277777777777777679e+00 1.183202720000000000e+08
1.287878787878788067e+00 1.092710800000000000e+08
1.297979797979798011e+00 9.240430400000000000e+07
1.308080808080808177e+00 8.884540000000000000e+07
1.318181818181818343e+00 9.757584800000000000e+07
1.328282828282828287e+00 6.210752000000000000e+07
1.338383838383838453e+00 6.059807600000000000e+07
1.348484848484848619e+00 4.310050000000000000e+07
1.358585858585858563e+00 7.847660000000000000e+07
1.368686868686868729e+00 6.253346800000000000e+07
1.378787878787878896e+00 4.419316000000000000e+07
1.388888888888888840e+00 2.965158800000000000e+07
1.398989898989899228e+00 3.715381200000000000e+07
1.409090909090909172e+00 2.485441200000000000e+07
1.419191919191919116e+00 2.775165200000000000e+07
1.429292929292929504e+00 2.968033600000000000e+07
1.439393939393939448e+00 2.408484800000000000e+07
1.449494949494949614e+00 2.051680800000000000e+07
1.459595959595959780e+00 1.563367700000000000e+07
1.469696969696969724e+00 1.608163300000000000e+07
1.479797979797979890e+00 1.402017700000000000e+07
1.489898989898990056e+00 1.554333100000000000e+07
1.500000000000000000e+00 1.331910300000000000e+07
