5.000000000000000000e-01 1.213181598764584429e+25
5.101010101010100550e-01 1.124810511312920990e+25
5.202020202020202211e-01 1.105843799640633751e+25
5.303030303030302761e-01 1.214662987605853767e+25
5.404040404040404422e-01 1.345630489427474077e+25
5.505050505050504972e-01 1.365910148109207594e+25
5.606060606060605522e-01 1.297560003753643896e+25
5.707070707070707183e-01 1.220199201378825385e+25
5.808080808080807733e-01 1.221636087450016899e+25
5.909090909090909394e-01 1.317262509930171225e+25
6.010101010101009944e-01 1.420043847975765184e+25
6.111111111111111605e-01 1.449722583931655560e+25
6.212121212121212155e-01 1.404394322056532764e+25
6.313131313131312705e-01 1.316053556440440485e+25
6.414141414141414366e-01 1.297625028526503722e+25
6.515151515151514916e-01 1.369181217002078140e+25
6.616161616161616577e-01 1.470261419367624696e+25
6.717171717171717127e-01 1.496009154161407567e+25
6.818181818181818787e-01 1.491431133450914699e+25
6.919191919191919338e-01 1.406062368889397950e+25
7.020202020202019888e-01 1.323886043974137561e+25
7.121212121212121549e-01 1.330800114237264822e+25
7.222222222222222099e-01 1.387897283539263851e+25
7.323232323232323759e-01 1.459785859284616424e+25
7.424242424242424310e-01 1.452780708222625221e+25
7.525252525252525970e-01 1.390794690572491318e+25
7.626262626262626521e-01 1.279880528941250201e+25
7.727272727272727071e-01 1.221673672691067082e+25
7.828282828282828731e-01 1.202226077459208326e+25
7.929292929292929282e-01 1.226075181119204641e+25
8.030303030303029832e-01 1.265691062815451892e+25
8.131313131313131493e-01 1.262271843509239366e+25
8.232323232323233153e-01 1.216827367146452200e+25
8.333333333333333703e-01 1.119024574742051529e+25
8.434343434343434254e-01 1.022520778996891392e+25
8.535353535353535914e-01 9.617003073418397806e+24
8.636363636363636465e-01 9.372632713605692038e+24
8.737373737373737015e-01 9.417672745104663122e+24
8.838383838383838675e-01 9.514940120762324374e+24
8.939393939393940336e-01 9.531752022142501417e+24
9.040404040404040886e-01 9.063958156873539380e+24
9.141414141414141437e-01 8.560219081394697372e+24
9.242424242424243097e-01 7.820176637870883704e+24
9.343434343434343647e-01 7.096276248333070501e+24
9.444444444444444198e-01 6.527436307175098271e+24
9.545454545454545858e-01 6.199658994033114766e+24
9.646464646464647519e-01 6.012653973064379579e+24
9.747474747474748069e-01 6.055788801776987849e+24
9.848484848484848619e-01 6.064095601217680181e+24
9.949494949494950280e-01 6.010099099010170807e+24
1.005050505050505194e+00 5.872348614100497033e+24
1.015151515151515138e+00 5.592746126028510629e+24
1.025252525252525304e+00 5.313314270339206037e+24
1.035353535353535470e+00 4.905804941163879119e+24
1.045454545454545414e+00 4.475342385983710636e+24
1.055555555555555580e+00 4.087210208536310994e+24
1.065656565656565746e+00 3.756103834549775218e+24
1.075757575757575690e+00 3.393638572098685508e+24
1.085858585858585856e+00 3.130474727069759679e+24
1.095959595959596022e+00 2.955167824147517865e+24
1.106060606060605966e+00 2.726094715088311895e+24
1.116161616161616355e+00 2.644032932924534196e+24
1.126262626262626299e+00 2.506876202589732949e+24
1.136363636363636465e+00 2.410493982417233604e+24
1.146464646464646631e+00 2.311123389704793311e+24
1.156565656565656575e+00 2.195265443015722803e+24
1.166666666666666741e+00 2.124989256817600522e+24
1.176767676767676907e+00 2.028576051879664868e+24
1.186868686868686851e+00 1.926528951894279780e+24
1.196969696969697017e+00 1.818109798868120725e+24
1.207070707070707183e+00 1.699321269829527688e+24
1.217171717171717127e+00 1.576743808381232324e+24
1.227272727272727293e+00 1.461621281496912909e+24
1.237373737373737459e+00 1.350971225359339605e+24
1.247474747474747403e+00 1.223205328909937278e+24
1.257575757575757791e+00 1.105798143949051320e+24
1.267676767676767735e+00 9.978725854420520707e+23
1.277777777777777679e+00 9.117020072086376829e+23
1.287878787878788067e+00 8.450413107913684356e+23
1.297979797979798011e+00 7.993766120096825543e+23
1.308080808080808177e+00 7.851610178002860932e+23
1.318181818181818343e+00 7.883375327182600704e+23
1.328282828282828287e+00 8.013316065935255772e+23
1.338383838383838453e+00 8.065452617525458150e+23
1.348484848484848619e+00 7.856007852966995674e+23
1.358585858585858563e+00 7.423913769742620426e+23
1.368686868686868729e+00 6.750920341010346399e+23
1.378787878787878896e+00 5.669595982415525000e+23
1.388888888888888840e+00 4.396520241190284139e+23
1.398989898989899228e+00 3.381100838966462199e+23
1.409090909090909172e+00 3.006031874655807456e+23
1.419191919191919116e+00 3.234269079595376443e+23
1.429292929292929504e+00 3.624773320980910634e+23
1.439393939393939448e+00 3.612702232827676947e+23
1.449494949494949614e+00 3.079357502204817829e+23
1.459595959595959780e+00 2.233299206559995097e+23
1.469696969696969724e+00 1.502330849752588128e+23
1.479797979797979890e+00 1.615392907749791503e+23
1.489898989898990056e+00 1.943452218286042440e+23
1.500000000000000000e+00 1.831082363551565910e+23
