5.000000000000000000e-01 6.929962709607514397e+24
5.101010101010100550e-01 6.565609538192630975e+24
5.202020202020202211e-01 6.721143837310865363e+24
5.303030303030302761e-01 7.244962770174692521e+24
5.404040404040404422e-01 7.545856259672253569e+24
5.505050505050504972e-01 7.436086026757883365e+24
5.606060606060605522e-01 7.004831126273673826e+24
5.707070707070707183e-01 6.677862011106419720e+24
5.808080808080807733e-01 6.820979922080790670e+24
5.909090909090909394e-01 7.170703672523717811e+24
6.010101010101009944e-01 7.389672289286173223e+24
6.111111111111111605e-01 7.127800581033535518e+24
6.212121212121212155e-01 6.598509882708844264e+24
6.313131313131312705e-01 6.243234238760482851e+24
6.414141414141414366e-01 6.249017869488343099e+24
6.515151515151514916e-01 6.550674016561201576e+24
6.616161616161616577e-01 6.674633830893520549e+24
6.717171717171717127e-01 6.459436420372634133e+24
6.818181818181818787e-01 5.951135810960815135e+24
6.919191919191919338e-01 5.503763644302954179e+24
7.020202020202019888e-01 5.276845633766234557e+24
7.121212121212121549e-01 5.355535985220165684e+24
7.222222222222222099e-01 5.475469221197645244e+24
7.323232323232323759e-01 5.450188534905378607e+24
7.424242424242424310e-01 5.153749357640866112e+24
7.525252525252525970e-01 4.754584297855131249e+24
7.626262626262626521e-01 4.315680051418231432e+24
7.727272727272727071e-01 4.115703510601164611e+24
7.828282828282828731e-01 4.120516957882898197e+24
7.929292929292929282e-01 4.236025569356072830e+24
8.030303030303029832e-01 4.246778579999164740e+24
8.131313131313131493e-01 4.078139886829192778e+24
8.232323232323233153e-01 3.781928699792216287e+24
8.333333333333333703e-01 3.404330189671657103e+24
8.434343434343434254e-01 3.089468767915407953e+24
8.535353535353535914e-01 2.921505686747135603e+24
8.636363636363636465e-01 2.927842431566830985e+24
8.737373737373737015e-01 3.025453954293617381e+24
8.838383838383838675e-01 3.078533883904964312e+24
8.939393939393940336e-01 3.027994128598642417e+24
9.040404040404040886e-01 2.861923279849806054e+24
9.141414141414141437e-01 2.628876626824972586e+24
9.242424242424243097e-01 2.346923908265845123e+24
9.343434343434343647e-01 2.115677830400831398e+24
9.444444444444444198e-01 1.945871948322633079e+24
9.545454545454545858e-01 1.880554621631012922e+24
9.646464646464647519e-01 1.891110626812005137e+24
9.747474747474748069e-01 1.921169019819362548e+24
9.848484848484848619e-01 1.967526552367723107e+24
9.949494949494950280e-01 1.956148081808381982e+24
1.005050505050505194e+00 1.914788319867304029e+24
1.015151515151515138e+00 1.837234028440974875e+24
1.025252525252525304e+00 1.714259673764718604e+24
1.035353535353535470e+00 1.575324562009061295e+24
1.045454545454545414e+00 1.431197556487783203e+24
1.055555555555555580e+00 1.291415912117368317e+24
1.065656565656565746e+00 1.172806302084771455e+24
1.075757575757575690e+00 1.065843288918930848e+24
1.085858585858585856e+00 9.838616347997233249e+23
1.095959595959596022e+00 9.236485798393738313e+23
1.106060606060605966e+00 8.800924303744257973e+23
1.116161616161616355e+00 8.452992769780242176e+23
1.126262626262626299e+00 8.211788620649562961e+23
1.136363636363636465e+00 8.015058418559092869e+23
1.146464646464646631e+00 7.767268925909287421e+23
1.156565656565656575e+00 7.518512420347492979e+23
1.166666666666666741e+00 7.252137112467484778e+23
1.176767676767676907e+00 6.955428439801270433e+23
1.186868686868686851e+00 6.648177741127307231e+23
1.196969696969697017e+00 6.285095377440876706e+23
1.207070707070707183e+00 5.906295090766952960e+23
1.217171717171717127e+00 5.482285149017692847e+23
1.227272727272727293e+00 5.077820829651220688e+23
1.237373737373737459e+00 4.659435703692561230e+23
1.247474747474747403e+00 4.196756774678787470e+23
1.257575757575757791e+00 3.829973532962568966e+23
1.267676767676767735e+00 3.421115141511663961e+23
1.277777777777777679e+00 3.083125754085031270e+23
1.287878787878788067e+00 2.838955173951795657e+23
1.297979797979798011e+00 2.683443717090871293e+23
1.308080808080808177e+00 2.665282321089551936e+23
1.318181818181818343e+00 2.718039828996376159e+23
1.328282828282828287e+00 2.828265970308224333e+23
1.338383838383838453e+00 2.901422983087185954e+23
1.348484848484848619e+00 2.882295114605832889e+23
1.358585858585858563e+00 2.760799886162393165e+23
1.368686868686868729e+00 2.490998780117836775e+23
1.378787878787878896e+00 2.099361613210041262e+23
1.388888888888888840e+00 1.618801051803800400e+23
1.398989898989899228e+00 1.202711050287241495e+23
1.409090909090909172e+00 1.034782628821701388e+23
1.419191919191919116e+00 1.169840717758945003e+23
1.429292929292929504e+00 1.346034775764583276e+23
1.439393939393939448e+00 1.351729127133430531e+23
1.449494949494949614e+00 1.174999951420068096e+23
1.459595959595959780e+00 8.260765446741202200e+22
1.469696969696969724e+00 5.336486335257140789e+22
1.479797979797979890e+00 5.822997592923018835e+22
1.489898989898990056e+00 7.330860394241891238e+22
1.500000000000000000e+00 6.966069725144806536e+22
