5.000000000000000000e-01 3.599000301177379855e+22
5.101010101010100550e-01 5.165180664431035548e+22
5.202020202020202211e-01 5.274785669282276783e+22
5.303030303030302761e-01 8.840806560748385232e+22
5.404040404040404422e-01 9.233635740405553168e+22
5.505050505050504972e-01 6.326047869860452290e+22
5.606060606060605522e-01 7.051461126599490299e+22
5.707070707070707183e-01 7.027681670207011344e+22
5.808080808080807733e-01 1.731100605348093677e+22
5.909090909090909394e-01 4.826225795316287170e+22
6.010101010101009944e-01 3.373284616633179334e+22
6.111111111111111605e-01 7.982081801079590434e+22
6.212121212121212155e-01 6.639174144752268136e+22
6.313131313131312705e-01 7.325245756586448441e+22
6.414141414141414366e-01 2.755736173849366600e+22
6.515151515151514916e-01 5.022493117437056123e+22
6.616161616161616577e-01 6.286400880900858865e+22
6.717171717171717127e-01 6.070333933378318264e+22
6.818181818181818787e-01 7.195516416800302144e+22
6.919191919191919338e-01 5.686886202104925808e+22
7.020202020202019888e-01 6.263826587768664254e+22
7.121212121212121549e-01 5.786221198365911364e+22
7.222222222222222099e-01 4.360082517325154930e+22
7.323232323232323759e-01 4.765056103737490145e+22
7.424242424242424310e-01 2.866704193127831516e+22
7.525252525252525970e-01 3.170111249663819094e+22
7.626262626262626521e-01 3.981957590451351663e+22
7.727272727272727071e-01 5.855584739106746270e+22
7.828282828282828731e-01 6.159266515220003448e+22
7.929292929292929282e-01 4.489356092829011332e+22
8.030303030303029832e-01 2.682722240430566539e+22
8.131313131313131493e-01 2.110024470795792469e+22
8.232323232323233153e-01 2.680986102774215213e+22
8.333333333333333703e-01 2.010801163805565701e+22
8.434343434343434254e-01 4.033019403026478347e+22
8.535353535353535914e-01 2.683641650294494226e+22
8.636363636363636465e-01 2.764351109576563622e+22
8.737373737373737015e-01 1.300665805852428678e+22
8.838383838383838675e-01 1.697769239325943267e+22
8.939393939393940336e-01 1.626830452025444847e+22
9.040404040404040886e-01 3.402197050700953813e+22
9.141414141414141437e-01 2.575215687825698587e+22
9.242424242424243097e-01 2.849691620355458099e+22
9.343434343434343647e-01 1.837743817904394705e+22
9.444444444444444198e-01 1.952770030807083175e+22
9.545454545454545858e-01 1.923797924044246037e+22
9.646464646464647519e-01 1.427468143650756205e+22
9.747474747474748069e-01 2.577415696243669074e+22
9.848484848484848619e-01 1.628001275338570491e+22
9.949494949494950280e-01 2.473125614492669130e+22
1.005050505050505194e+00 1.562488087099155992e+22
1.015151515151515138e+00 7.594997075337124250e+21
1.025252525252525304e+00 1.107138023384989198e+22
1.035353535353535470e+00 7.820182123255229841e+21
1.045454545454545414e+00 1.474459490292674750e+22
1.055555555555555580e+00 2.960379009082142491e+21
1.065656565656565746e+00 3.540017895347605996e+21
1.075757575757575690e+00 6.163330338343761215e+21
1.085858585858585856e+00 1.054659490957082440e+22
1.095959595959596022e+00 5.934012674817589772e+21
1.106060606060605966e+00 5.249703659287571595e+21
1.116161616161616355e+00 9.662856932391632503e+21
1.126262626262626299e+00 6.275735681443301425e+21
1.136363636363636465e+00 8.685861791828572897e+21
1.146464646464646631e+00 8.111620188241536221e+21
1.156565656565656575e+00 3.662277395906809561e+21
1.166666666666666741e+00 5.559696554738644419e+21
1.176767676767676907e+00 2.504072324512126861e+21
1.186868686868686851e+00 6.945626985716246381e+21
1.196969696969697017e+00 4.430863678638695383e+21
1.207070707070707183e+00 6.968347645836330533e+21
1.217171717171717127e+00 4.670937626924887835e+21
1.227272727272727293e+00 5.536097692691223020e+21
1.237373737373737459e+00 5.050195321694965465e+21
1.247474747474747403e+00 3.651754735377458397e+21
1.257575757575757791e+00 5.137286494239009538e+21
1.267676767676767735e+00 3.303487154068247282e+21
1.277777777777777679e+00 2.486849433637155242e+21
1.287878787878788067e+00 2.083958396135009157e+21
1.297979797979798011e+00 1.205381403391295488e+21
1.308080808080808177e+00 2.498578214441711567e+21
1.318181818181818343e+00 3.027454214557315105e+21
1.328282828282828287e+00 3.403073282303454085e+21
1.338383838383838453e+00 3.013078724546748482e+21
1.348484848484848619e+00 2.187456182121563947e+21
1.358585858585858563e+00 1.436305022397089579e+21
1.368686868686868729e+00 3.055273512405536080e+21
1.378787878787878896e+00 1.325703511685799608e+21
1.388888888888888840e+00 1.730338568143644918e+21
1.398989898989899228e+00 9.313299773476621517e+20
1.409090909090909172e+00 7.687473567873084948e+20
1.419191919191919116e+00 1.026094861444280484e+21
1.429292929292929504e+00 1.076864502993581507e+21
1.439393939393939448e+00 1.616148814429247504e+21
1.449494949494949614e+00 1.854453692486813483e+21
1.459595959595959780e+00 3.714986259308158648e+20
1.469696969696969724e+00 3.588459738839509893e+20
1.479797979797979890e+00 4.248878143508746076e+20
1.489898989898990056e+00 6.500286706976366264e+20
1.500000000000000000e+00 5.415968746599486587e+20
