5.000000000000000000e-01 4.288523864746093750e+02
5.101010101010100550e-01 4.367725830078125000e+02
5.202020202020202211e-01 5.209497680664062500e+02
5.303030303030302761e-01 5.405181884765625000e+02
5.404040404040404422e-01 6.710101928710937500e+02
5.505050505050504972e-01 8.104353637695312500e+02
5.606060606060605522e-01 8.975855712890625000e+02
5.707070707070707183e-01 1.158777343750000000e+03
5.808080808080807733e-01 1.235143432617187500e+03
5.909090909090909394e-01 1.461390625000000000e+03
6.010101010101009944e-01 1.523942993164062500e+03
6.111111111111111605e-01 1.268067138671875000e+03
6.212121212121212155e-01 1.169876098632812500e+03
6.313131313131312705e-01 9.299163208007812500e+02
6.414141414141414366e-01 7.128724975585937500e+02
6.515151515151514916e-01 7.508223266601562500e+02
6.616161616161616577e-01 4.115262145996093750e+02
6.717171717171717127e-01 5.741005249023437500e+02
6.818181818181818787e-01 3.614025573730468750e+02
6.919191919191919338e-01 3.604289550781250000e+02
7.020202020202019888e-01 4.225908203125000000e+02
7.121212121212121549e-01 1.620918884277343750e+02
7.222222222222222099e-01 4.597936706542968750e+02
7.323232323232323759e-01 8.053967285156250000e+01
7.424242424242424310e-01 4.078623657226562500e+02
7.525252525252525970e-01 2.475387725830078125e+02
7.626262626262626521e-01 2.849237976074218750e+02
7.727272727272727071e-01 3.788766784667968750e+02
7.828282828282828731e-01 1.786568908691406250e+02
7.929292929292929282e-01 4.442680664062500000e+02
8.030303030303029832e-01 1.480264129638671875e+02
8.131313131313131493e-01 4.366380004882812500e+02
8.232323232323233153e-01 2.689481811523437500e+02
8.333333333333333703e-01 4.052148132324218750e+02
8.434343434343434254e-01 4.089081115722656250e+02
8.535353535353535914e-01 3.691286621093750000e+02
8.636363636363636465e-01 5.115419311523437500e+02
8.737373737373737015e-01 3.517800903320312500e+02
8.838383838383838675e-01 5.174594116210937500e+02
8.939393939393940336e-01 3.279450378417968750e+02
9.040404040404040886e-01 5.072277832031250000e+02
9.141414141414141437e-01 4.143932800292968750e+02
9.242424242424243097e-01 5.059557189941406250e+02
9.343434343434343647e-01 4.732908630371093750e+02
9.444444444444444198e-01 4.845010986328125000e+02
9.545454545454545858e-01 5.396946411132812500e+02
9.646464646464647519e-01 4.673730468750000000e+02
9.747474747474748069e-01 5.499651489257812500e+02
9.848484848484848619e-01 4.267360229492187500e+02
9.949494949494950280e-01 5.226070556640625000e+02
1.005050505050505194e+00 4.257265930175781250e+02
1.015151515151515138e+00 5.261087036132812500e+02
1.025252525252525304e+00 4.281255187988281250e+02
1.035353535353535470e+00 4.897246093750000000e+02
1.045454545454545414e+00 4.242351074218750000e+02
1.055555555555555580e+00 4.694008483886718750e+02
1.065656565656565746e+00 4.664637451171875000e+02
1.075757575757575690e+00 4.897402038574218750e+02
1.085858585858585856e+00 4.674249877929687500e+02
1.095959595959596022e+00 4.331935119628906250e+02
1.106060606060605966e+00 4.290003967285156250e+02
1.116161616161616355e+00 4.055690917968750000e+02
1.126262626262626299e+00 4.267079467773437500e+02
1.136363636363636465e+00 3.813499145507812500e+02
1.146464646464646631e+00 3.932325439453125000e+02
1.156565656565656575e+00 3.476361083984375000e+02
1.166666666666666741e+00 3.651043395996093750e+02
1.176767676767676907e+00 3.162301940917968750e+02
1.186868686868686851e+00 3.292561645507812500e+02
1.196969696969697017e+00 2.882944030761718750e+02
1.207070707070707183e+00 3.154750061035156250e+02
1.217171717171717127e+00 2.830837707519531250e+02
1.227272727272727293e+00 2.701261596679687500e+02
1.237373737373737459e+00 2.073139343261718750e+02
1.247474747474747403e+00 2.142644500732421875e+02
1.257575757575757791e+00 2.079621124267578125e+02
1.267676767676767735e+00 2.250813903808593750e+02
1.277777777777777679e+00 2.100308380126953125e+02
1.287878787878788067e+00 1.922999267578125000e+02
1.297979797979798011e+00 1.669928283691406250e+02
1.308080808080808177e+00 1.512103729248046875e+02
1.318181818181818343e+00 1.551789398193359375e+02
1.328282828282828287e+00 1.337364196777343750e+02
1.338383838383838453e+00 1.283311920166015625e+02
1.348484848484848619e+00 1.095564193725585938e+02
1.358585858585858563e+00 1.223834609985351562e+02
1.368686868686868729e+00 9.958924865722656250e+01
1.378787878787878896e+00 9.538671112060546875e+01
1.388888888888888840e+00 7.463904571533203125e+01
1.398989898989899228e+00 7.344275665283203125e+01
1.409090909090909172e+00 6.845930480957031250e+01
1.419191919191919116e+00 6.238363265991210938e+01
1.429292929292929504e+00 5.998311614990234375e+01
1.439393939393939448e+00 4.582715225219726562e+01
1.449494949494949614e+00 4.436500167846679688e+01
1.459595959595959780e+00 3.167984771728515625e+01
1.469696969696969724e+00 2.971780204772949219e+01
1.479797979797979890e+00 2.886491775512695312e+01
1.489898989898990056e+00 2.303308105468750000e+01
1.500000000000000000e+00 2.083009910583496094e+01
