5.000000000000000000e-01 1.989837889324874809e+24
5.101010101010100550e-01 1.906437709409436637e+24
5.202020202020202211e-01 1.959107775425895834e+24
5.303030303030302761e-01 2.079832203785911843e+24
5.404040404040404422e-01 2.070029056347427899e+24
5.505050505050504972e-01 1.953182623583345096e+24
5.606060606060605522e-01 1.812364646895476730e+24
5.707070707070707183e-01 1.754783999960520820e+24
5.808080808080807733e-01 1.806073154244837166e+24
5.909090909090909394e-01 1.852473777234432406e+24
6.010101010101009944e-01 1.842722223033279618e+24
6.111111111111111605e-01 1.708380494667164064e+24
6.212121212121212155e-01 1.566767146256305050e+24
6.313131313131312705e-01 1.473421721326940139e+24
6.414141414141414366e-01 1.505258207524777460e+24
6.515151515151514916e-01 1.546793789995307957e+24
6.616161616161616577e-01 1.552399150235518371e+24
6.717171717171717127e-01 1.449895060988744744e+24
6.818181818181818787e-01 1.315828160286289847e+24
6.919191919191919338e-01 1.196573923017429682e+24
7.020202020202019888e-01 1.173389608308508482e+24
7.121212121212121549e-01 1.212870828773017653e+24
7.222222222222222099e-01 1.235684695390989865e+24
7.323232323232323759e-01 1.220445955403848866e+24
7.424242424242424310e-01 1.129911497217903524e+24
7.525252525252525970e-01 1.015568705558668527e+24
7.626262626262626521e-01 9.240907972939845951e+23
7.727272727272727071e-01 8.903141603766760647e+23
7.828282828282828731e-01 9.106107670045273023e+23
7.929292929292929282e-01 9.413111931747626511e+23
8.030303030303029832e-01 9.521753886854550840e+23
8.131313131313131493e-01 8.976329781455143672e+23
8.232323232323233153e-01 8.270142301453357762e+23
8.333333333333333703e-01 7.284919714875040093e+23
8.434343434343434254e-01 6.632678873225689311e+23
8.535353535353535914e-01 6.363864415787497250e+23
8.636363636363636465e-01 6.548362120714088696e+23
8.737373737373737015e-01 6.857180072058376830e+23
8.838383838383838675e-01 6.911458895919326807e+23
8.939393939393940336e-01 6.777400786243344537e+23
9.040404040404040886e-01 6.375869210954216044e+23
9.141414141414141437e-01 5.801635038306564529e+23
9.242424242424243097e-01 5.189604135570228485e+23
9.343434343434343647e-01 4.580317546302826925e+23
9.444444444444444198e-01 4.270831260773837009e+23
9.545454545454545858e-01 4.140868184167030184e+23
9.646464646464647519e-01 4.264842193845374629e+23
9.747474747474748069e-01 4.450158112752266746e+23
9.848484848484848619e-01 4.537730787650471136e+23
9.949494949494950280e-01 4.571821955965755222e+23
1.005050505050505194e+00 4.439807399656688588e+23
1.015151515151515138e+00 4.233832928827092721e+23
1.025252525252525304e+00 3.965664467719450683e+23
1.035353535353535470e+00 3.610723171007425256e+23
1.045454545454545414e+00 3.263762613123070537e+23
1.055555555555555580e+00 2.924096085195205074e+23
1.065656565656565746e+00 2.650047544270083022e+23
1.075757575757575690e+00 2.385541770667388861e+23
1.085858585858585856e+00 2.229957715780471284e+23
1.095959595959596022e+00 2.077142834232431278e+23
1.106060606060605966e+00 2.002535662373456356e+23
1.116161616161616355e+00 1.947316126622341231e+23
1.126262626262626299e+00 1.891448432812854943e+23
1.136363636363636465e+00 1.859133304046620686e+23
1.146464646464646631e+00 1.831900577531866582e+23
1.156565656565656575e+00 1.780241767790135665e+23
1.166666666666666741e+00 1.713005727513270582e+23
1.176767676767676907e+00 1.643810801542484428e+23
1.186868686868686851e+00 1.574425643523438144e+23
1.196969696969697017e+00 1.493126753122138498e+23
1.207070707070707183e+00 1.412870716250552764e+23
1.217171717171717127e+00 1.309335572905088936e+23
1.227272727272727293e+00 1.205039771582562231e+23
1.237373737373737459e+00 1.111254561142385337e+23
1.247474747474747403e+00 1.003550075333894451e+23
1.257575757575757791e+00 8.985552252772072974e+22
1.267676767676767735e+00 8.035953859822196307e+22
1.277777777777777679e+00 7.163784954545775103e+22
1.287878787878788067e+00 6.569072464032507206e+22
1.297979797979798011e+00 6.262873626087512657e+22
1.308080808080808177e+00 6.249012447154391745e+22
1.318181818181818343e+00 6.538946084685175010e+22
1.328282828282828287e+00 6.807234521686890198e+22
1.338383838383838453e+00 7.019400451212202476e+22
1.348484848484848619e+00 7.061864892098678882e+22
1.358585858585858563e+00 6.820521942027484109e+22
1.368686868686868729e+00 6.123971354580338134e+22
1.378787878787878896e+00 5.142090709141507015e+22
1.388888888888888840e+00 3.951784373667894814e+22
1.398989898989899228e+00 2.855820343908365238e+22
1.409090909090909172e+00 2.442851066717596444e+22
1.419191919191919116e+00 2.806971825370109785e+22
1.429292929292929504e+00 3.303929857911617801e+22
1.439393939393939448e+00 3.364346097272755742e+22
1.449494949494949614e+00 2.903134486053575564e+22
1.459595959595959780e+00 2.038164584781506098e+22
1.469696969696969724e+00 1.272259801562752011e+22
1.479797979797979890e+00 1.403721113175594317e+22
1.489898989898990056e+00 1.813053170717308014e+22
1.500000000000000000e+00 1.746051205031075512e+22
