5.000000000000000000e-01 1.203954145312309265e-01
5.101010101010100550e-01 4.491871297359466553e-01
5.202020202020202211e-01 6.305648088455200195e-01
5.303030303030302761e-01 6.928758025169372559e-01
5.404040404040404422e-01 5.406295061111450195e-01
5.505050505050504972e-01 2.276700735092163086e-01
5.606060606060605522e-01 1.269314438104629517e-01
5.707070707070707183e-01 4.699306190013885498e-01
5.808080808080807733e-01 7.089282870292663574e-01
5.909090909090909394e-01 7.933082580566406250e-01
6.010101010101009944e-01 6.342439055442810059e-01
6.111111111111111605e-01 3.504236340522766113e-01
6.212121212121212155e-01 3.030431643128395081e-02
6.313131313131312705e-01 3.987337946891784668e-01
6.414141414141414366e-01 6.984708309173583984e-01
6.515151515151514916e-01 8.585203886032104492e-01
6.616161616161616577e-01 8.298413753509521484e-01
6.717171717171717127e-01 6.318457722663879395e-01
6.818181818181818787e-01 2.629641592502593994e-01
6.919191919191919338e-01 1.590950787067413330e-01
7.020202020202019888e-01 5.674286484718322754e-01
7.121212121212121549e-01 8.679379224777221680e-01
7.222222222222222099e-01 1.024624586105346680e+00
7.323232323232323759e-01 9.557799696922302246e-01
7.424242424242424310e-01 8.110650181770324707e-01
7.525252525252525970e-01 4.176293015480041504e-01
7.626262626262626521e-01 3.033719770610332489e-02
7.727272727272727071e-01 5.039210915565490723e-01
7.828282828282828731e-01 9.129089713096618652e-01
7.929292929292929282e-01 1.211307048797607422e+00
8.030303030303029832e-01 1.366326451301574707e+00
8.131313131313131493e-01 1.414459943771362305e+00
8.232323232323233153e-01 1.176965832710266113e+00
8.333333333333333703e-01 8.229026794433593750e-01
8.434343434343434254e-01 2.660518884658813477e-01
8.535353535353535914e-01 4.187842309474945068e-01
8.636363636363636465e-01 9.843917489051818848e-01
8.737373737373737015e-01 1.765353918075561523e+00
8.838383838383838675e-01 2.263290882110595703e+00
8.939393939393940336e-01 2.869810819625854492e+00
9.040404040404040886e-01 3.651183843612670898e+00
9.141414141414141437e-01 5.170970916748046875e+00
9.242424242424243097e-01 7.683238506317138672e+00
9.343434343434343647e-01 8.072319984436035156e+00
9.444444444444444198e-01 7.374756336212158203e+00
9.545454545454545858e-01 5.607766628265380859e+00
9.646464646464647519e-01 3.420221567153930664e+00
9.747474747474748069e-01 2.425398349761962891e+00
9.848484848484848619e-01 1.726552605628967285e+00
9.949494949494950280e-01 1.357142329216003418e+00
1.005050505050505194e+00 1.122618079185485840e+00
1.015151515151515138e+00 8.659510612487792969e-01
1.025252525252525304e+00 6.380935907363891602e-01
1.035353535353535470e+00 4.487871229648590088e-01
1.045454545454545414e+00 4.234534800052642822e-01
1.055555555555555580e+00 3.903651535511016846e-01
1.065656565656565746e+00 3.745416104793548584e-01
1.075757575757575690e+00 4.829598367214202881e-01
1.085858585858585856e+00 4.769695401191711426e-01
1.095959595959596022e+00 5.705374479293823242e-01
1.106060606060605966e+00 8.355559110641479492e-01
1.116161616161616355e+00 2.107389211654663086e+00
1.126262626262626299e+00 4.187526226043701172e+00
1.136363636363636465e+00 5.506733894348144531e+00
1.146464646464646631e+00 3.943181753158569336e+00
1.156565656565656575e+00 2.088705539703369141e+00
1.166666666666666741e+00 1.254328370094299316e+00
1.176767676767676907e+00 8.948073983192443848e-01
1.186868686868686851e+00 8.260397911071777344e-01
1.196969696969697017e+00 6.669815778732299805e-01
1.207070707070707183e+00 5.814048647880554199e-01
1.217171717171717127e+00 4.954611659049987793e-01
1.227272727272727293e+00 4.195830523967742920e-01
1.237373737373737459e+00 3.425444960594177246e-01
1.247474747474747403e+00 2.879457771778106689e-01
1.257575757575757791e+00 2.177805453538894653e-01
1.267676767676767735e+00 1.707929968833923340e-01
1.277777777777777679e+00 1.220963746309280396e-01
1.287878787878788067e+00 6.711541116237640381e-02
1.297979797979798011e+00 2.203295938670635223e-02
1.308080808080808177e+00 2.017323300242424011e-02
1.318181818181818343e+00 6.041157990694046021e-02
1.328282828282828287e+00 9.423257410526275635e-02
1.338383838383838453e+00 1.118618547916412354e-01
1.348484848484848619e+00 1.178161948919296265e-01
1.358585858585858563e+00 1.303803771734237671e-01
1.368686868686868729e+00 1.182699128985404968e-01
1.378787878787878896e+00 1.012577414512634277e-01
1.388888888888888840e+00 7.149745523929595947e-02
1.398989898989899228e+00 3.837957605719566345e-02
1.409090909090909172e+00 4.333923105150461197e-03
1.419191919191919116e+00 2.567717060446739197e-02
1.429292929292929504e+00 4.417118430137634277e-02
1.439393939393939448e+00 5.427433177828788757e-02
1.449494949494949614e+00 5.016933754086494446e-02
1.459595959595959780e+00 3.281371667981147766e-02
1.469696969696969724e+00 1.057530194520950317e-02
1.479797979797979890e+00 1.107311341911554337e-02
1.489898989898990056e+00 2.418353036046028137e-02
1.500000000000000000e+00 2.722154185175895691e-02
