5.000000000000000000e-01 9.125976065413354619e+21
5.101010101010100550e-01 7.664891252704054084e+21
5.202020202020202211e-01 5.977899127286408413e+21
5.303030303030302761e-01 6.699617856071133037e+21
5.404040404040404422e-01 8.725211993572722606e+21
5.505050505050504972e-01 9.601270207487340970e+21
5.606060606060605522e-01 9.392181024637457531e+21
5.707070707070707183e-01 7.841779698218238476e+21
5.808080808080807733e-01 6.328989058187097276e+21
5.909090909090909394e-01 6.675488695167588762e+21
6.010101010101009944e-01 8.513087947523944874e+21
6.111111111111111605e-01 9.668838838596687364e+21
6.212121212121212155e-01 9.638923678071878844e+21
6.313131313131312705e-01 8.204550840652419564e+21
6.414141414141414366e-01 6.744311015823204418e+21
6.515151515151514916e-01 6.382140540989323870e+21
6.616161616161616577e-01 7.724508215721324446e+21
6.717171717171717127e-01 9.333814373466735903e+21
6.818181818181818787e-01 9.783423923915874894e+21
6.919191919191919338e-01 9.353911123853923320e+21
7.020202020202019888e-01 8.052344372896039174e+21
7.121212121212121549e-01 6.870775471059488473e+21
7.222222222222222099e-01 6.770949244669147480e+21
7.323232323232323759e-01 8.074272399481706119e+21
7.424242424242424310e-01 9.490577358146108391e+21
7.525252525252525970e-01 9.974180641532593308e+21
7.626262626262626521e-01 9.710359775361229652e+21
7.727272727272727071e-01 8.465838432033387315e+21
7.828282828282828731e-01 7.471935089619318604e+21
7.929292929292929282e-01 7.006137350309596365e+21
8.030303030303029832e-01 7.336861440745362424e+21
8.131313131313131493e-01 8.638798049822644371e+21
8.232323232323233153e-01 9.218856052328430043e+21
8.333333333333333703e-01 1.025269675328806689e+22
8.434343434343434254e-01 9.770665226171534279e+21
8.535353535353535914e-01 8.963865619126433087e+21
8.636363636363636465e-01 7.889790884995775070e+21
8.737373737373737015e-01 7.314695286329398264e+21
8.838383838383838675e-01 7.345340592943794225e+21
8.939393939393940336e-01 7.961530975259973386e+21
9.040404040404040886e-01 8.771308024608719897e+21
9.141414141414141437e-01 9.436319115735455498e+21
9.242424242424243097e-01 9.837384928751121334e+21
9.343434343434343647e-01 9.737511977514646372e+21
9.444444444444444198e-01 9.295405986994660049e+21
9.545454545454545858e-01 8.907035258378598220e+21
9.646464646464647519e-01 8.379747621556572914e+21
9.747474747474748069e-01 7.856302681116601483e+21
9.848484848484848619e-01 7.600725091113186099e+21
9.949494949494950280e-01 7.841641775479650255e+21
1.005050505050505194e+00 8.060184576897337786e+21
1.015151515151515138e+00 8.279056704037776785e+21
1.025252525252525304e+00 8.876812164229268242e+21
1.035353535353535470e+00 9.223897832111271313e+21
1.045454545454545414e+00 9.644845911581871047e+21
1.055555555555555580e+00 9.819534911628038373e+21
1.065656565656565746e+00 9.522549537800718385e+21
1.075757575757575690e+00 9.534923177776918823e+21
1.085858585858585856e+00 9.193014960616531558e+21
1.095959595959596022e+00 8.915245320499294634e+21
1.106060606060605966e+00 8.939143108971982750e+21
1.116161616161616355e+00 8.656230358080288719e+21
1.126262626262626299e+00 8.660271212845946896e+21
1.136363636363636465e+00 8.398482596006434177e+21
1.146464646464646631e+00 8.150744084104410563e+21
1.156565656565656575e+00 8.335437267772828025e+21
1.166666666666666741e+00 8.074672093948635251e+21
1.176767676767676907e+00 7.845192863785831891e+21
1.186868686868686851e+00 7.733567769321733620e+21
1.196969696969697017e+00 7.821168974523577401e+21
1.207070707070707183e+00 7.234912893030623085e+21
1.217171717171717127e+00 7.437190381444108648e+21
1.227272727272727293e+00 7.089264792231600980e+21
1.237373737373737459e+00 7.166073120926451368e+21
1.247474747474747403e+00 6.990851570224347480e+21
1.257575757575757791e+00 6.611962044723807388e+21
1.267676767676767735e+00 6.340919093600001720e+21
1.277777777777777679e+00 6.072840073980959261e+21
1.287878787878788067e+00 5.925793042547685196e+21
1.297979797979798011e+00 5.711032701867035460e+21
1.308080808080808177e+00 5.326593052775714652e+21
1.318181818181818343e+00 5.045936605297333240e+21
1.328282828282828287e+00 4.780897515426765865e+21
1.338383838383838453e+00 4.333080397629320331e+21
1.348484848484848619e+00 4.020218427740635791e+21
1.358585858585858563e+00 3.630501122835990184e+21
1.368686868686868729e+00 3.102450125877125579e+21
1.378787878787878896e+00 2.778860863151021228e+21
1.388888888888888840e+00 2.380518883484984410e+21
1.398989898989899228e+00 2.001309180198435946e+21
1.409090909090909172e+00 1.875858034878310253e+21
1.419191919191919116e+00 1.775979735617277788e+21
1.429292929292929504e+00 1.728456485711869116e+21
1.439393939393939448e+00 1.546611547332786782e+21
1.449494949494949614e+00 1.283952469127796359e+21
1.459595959595959780e+00 1.005782501224932704e+21
1.469696969696969724e+00 8.309370010917142528e+20
1.479797979797979890e+00 7.956543238672660562e+20
1.489898989898990056e+00 7.993364387751065027e+20
1.500000000000000000e+00 6.776047741659795948e+20
