5.000000000000000000e-01 6.701386361837977600e+16
5.101010101010100550e-01 1.398566764622643200e+17
5.202020202020202211e-01 1.065641601579089920e+17
5.303030303030302761e-01 2.144909588200161280e+17
5.404040404040404422e-01 1.450345687752376320e+17
5.505050505050504972e-01 1.705924932245913600e+17
5.606060606060605522e-01 3.090502472989409280e+17
5.707070707070707183e-01 6.417425028559667200e+16
5.808080808080807733e-01 1.633241716091781120e+17
5.909090909090909394e-01 7.638830405176524800e+16
6.010101010101009944e-01 1.378789986412789760e+17
6.111111111111111605e-01 2.261078832830218240e+17
6.212121212121212155e-01 2.264563941092884480e+17
6.313131313131312705e-01 1.281600288163102720e+17
6.414141414141414366e-01 1.310907770601472000e+17
6.515151515151514916e-01 1.674801022238720000e+17
6.616161616161616577e-01 1.602245452512624640e+17
6.717171717171717127e-01 1.917048688245473280e+17
6.818181818181818787e-01 7.617739538772787200e+16
6.919191919191919338e-01 1.241230000762388480e+17
7.020202020202019888e-01 1.312729695728435200e+17
7.121212121212121549e-01 1.460381136537518080e+17
7.222222222222222099e-01 2.073471568964485120e+17
7.323232323232323759e-01 8.324150848808550400e+16
7.424242424242424310e-01 8.101959305684582400e+16
7.525252525252525970e-01 6.823006521262080000e+16
7.626262626262626521e-01 8.282595322232832000e+16
7.727272727272727071e-01 1.281702422485401600e+17
7.828282828282828731e-01 1.406395201513062400e+17
7.929292929292929282e-01 5.896784368474521600e+16
8.030303030303029832e-01 8.363743575329996800e+16
8.131313131313131493e-01 1.017520873894051840e+17
8.232323232323233153e-01 7.292668067027353600e+16
8.333333333333333703e-01 3.326832060609331200e+16
8.434343434343434254e-01 4.141486639677440000e+16
8.535353535353535914e-01 7.466259478216704000e+16
8.636363636363636465e-01 8.121284940529664000e+16
8.737373737373737015e-01 2.881923485112729600e+16
8.838383838383838675e-01 3.499775790730444800e+16
8.939393939393940336e-01 5.264529963771494400e+16
9.040404040404040886e-01 1.076812382019256320e+17
9.141414141414141437e-01 6.585492682309632000e+16
9.242424242424243097e-01 6.384474039464755200e+16
9.343434343434343647e-01 5.001033720161894400e+16
9.444444444444444198e-01 5.605222661069209600e+16
9.545454545454545858e-01 5.791208059384627200e+16
9.646464646464647519e-01 6.022105501217587200e+16
9.747474747474748069e-01 6.863578070830284800e+16
9.848484848484848619e-01 5.678808335751577600e+16
9.949494949494950280e-01 5.652644683474534400e+16
1.005050505050505194e+00 4.195903445821030400e+16
1.015151515151515138e+00 6.019689152616857600e+16
1.025252525252525304e+00 2.867515158324838400e+16
1.035353535353535470e+00 3.809638139035648000e+16
1.045454545454545414e+00 2.292474442468556800e+16
1.055555555555555580e+00 3.394601920076185600e+16
1.065656565656565746e+00 3.689824442856243200e+16
1.075757575757575690e+00 2.705851730309939200e+16
1.085858585858585856e+00 1.662148692829798400e+16
1.095959595959596022e+00 1.481982116207001600e+16
1.106060606060605966e+00 1.402833063011942400e+16
1.116161616161616355e+00 1.291490975075532800e+16
1.126262626262626299e+00 1.346939432363622400e+16
1.136363636363636465e+00 1.534200113843404800e+16
1.146464646464646631e+00 1.229608549403852800e+16
1.156565656565656575e+00 1.966054136243814400e+16
1.166666666666666741e+00 1.145454033947852800e+16
1.176767676767676907e+00 4.799621121441792000e+15
1.186868686868686851e+00 2.183304748990464000e+16
1.196969696969697017e+00 1.268815265739571200e+16
1.207070707070707183e+00 1.223477698337177600e+16
1.217171717171717127e+00 4.620048001925120000e+15
1.227272727272727293e+00 6.786433800994816000e+15
1.237373737373737459e+00 1.355212505743360000e+16
1.247474747474747403e+00 9.945202932318208000e+15
1.257575757575757791e+00 8.626794001334272000e+15
1.267676767676767735e+00 9.676358380683264000e+15
1.277777777777777679e+00 9.324478152572928000e+15
1.287878787878788067e+00 6.915788015403008000e+15
1.297979797979798011e+00 9.212356957569024000e+15
1.308080808080808177e+00 6.363375227371520000e+15
1.318181818181818343e+00 6.768682164289536000e+15
1.328282828282828287e+00 4.614034510839808000e+15
1.338383838383838453e+00 6.851679186059264000e+15
1.348484848484848619e+00 4.926948111286272000e+15
1.358585858585858563e+00 5.173072285925376000e+15
1.368686868686868729e+00 3.443439832137728000e+15
1.378787878787878896e+00 5.010187798708224000e+15
1.388888888888888840e+00 5.226822727892992000e+15
1.398989898989899228e+00 4.838611908296704000e+15
1.409090909090909172e+00 2.626953127395328000e+15
1.419191919191919116e+00 3.968957266526208000e+15
1.429292929292929504e+00 2.177946911506432000e+15
1.439393939393939448e+00 2.479346107285504000e+15
1.449494949494949614e+00 2.153938849628160000e+15
1.459595959595959780e+00 7.432134889308160000e+14
1.469696969696969724e+00 8.649179639316480000e+14
1.479797979797979890e+00 8.277340161310720000e+14
1.489898989898990056e+00 1.520309706424320000e+15
1.500000000000000000e+00 1.367280290103296000e+15
