5.000000000000000000e-01 2.606345520019531250e+02
5.101010101010100550e-01 2.206806945800781250e+02
5.202020202020202211e-01 1.534036102294921875e+02
5.303030303030302761e-01 1.576349334716796875e+02
5.404040404040404422e-01 2.222746429443359375e+02
5.505050505050504972e-01 2.681161193847656250e+02
5.606060606060605522e-01 2.688780822753906250e+02
5.707070707070707183e-01 2.146904754638671875e+02
5.808080808080807733e-01 1.611356658935546875e+02
5.909090909090909394e-01 1.564228210449218750e+02
6.010101010101009944e-01 2.093495330810546875e+02
6.111111111111111605e-01 2.603348388671875000e+02
6.212121212121212155e-01 2.716571350097656250e+02
6.313131313131312705e-01 2.414886322021484375e+02
6.414141414141414366e-01 1.872590179443359375e+02
6.515151515151514916e-01 1.525400390625000000e+02
6.616161616161616577e-01 1.845012817382812500e+02
6.717171717171717127e-01 2.332557220458984375e+02
6.818181818181818787e-01 2.614530639648437500e+02
6.919191919191919338e-01 2.650934753417968750e+02
7.020202020202019888e-01 2.294914855957031250e+02
7.121212121212121549e-01 1.796114349365234375e+02
7.222222222222222099e-01 1.564240264892578125e+02
7.323232323232323759e-01 1.874342041015625000e+02
7.424242424242424310e-01 2.283468780517578125e+02
7.525252525252525970e-01 2.675065307617187500e+02
7.626262626262626521e-01 2.637441406250000000e+02
7.727272727272727071e-01 2.285507965087890625e+02
7.828282828282828731e-01 1.986363830566406250e+02
7.929292929292929282e-01 1.665356445312500000e+02
8.030303030303029832e-01 1.647505950927734375e+02
8.131313131313131493e-01 2.014384460449218750e+02
8.232323232323233153e-01 2.312894744873046875e+02
8.333333333333333703e-01 2.531963500976562500e+02
8.434343434343434254e-01 2.487109832763671875e+02
8.535353535353535914e-01 2.358744049072265625e+02
8.636363636363636465e-01 2.088906097412109375e+02
8.737373737373737015e-01 1.853041381835937500e+02
8.838383838383838675e-01 1.658477630615234375e+02
8.939393939393940336e-01 1.713040924072265625e+02
9.040404040404040886e-01 1.913025817871093750e+02
9.141414141414141437e-01 2.193410186767578125e+02
9.242424242424243097e-01 2.385843963623046875e+02
9.343434343434343647e-01 2.492674407958984375e+02
9.444444444444444198e-01 2.373154754638671875e+02
9.545454545454545858e-01 2.275899658203125000e+02
9.646464646464647519e-01 2.085500030517578125e+02
9.747474747474748069e-01 1.893741912841796875e+02
9.848484848484848619e-01 1.721992950439453125e+02
9.949494949494950280e-01 1.662514648437500000e+02
1.005050505050505194e+00 1.634497070312500000e+02
1.015151515151515138e+00 1.755128936767578125e+02
1.025252525252525304e+00 1.897367248535156250e+02
1.035353535353535470e+00 2.010209350585937500e+02
1.045454545454545414e+00 2.093459625244140625e+02
1.055555555555555580e+00 2.146626434326171875e+02
1.065656565656565746e+00 2.279597930908203125e+02
1.075757575757575690e+00 2.266079559326171875e+02
1.085858585858585856e+00 2.215737152099609375e+02
1.095959595959596022e+00 2.192470550537109375e+02
1.106060606060605966e+00 2.145040283203125000e+02
1.116161616161616355e+00 2.107740173339843750e+02
1.126262626262626299e+00 2.085553436279296875e+02
1.136363636363636465e+00 2.055315246582031250e+02
1.146464646464646631e+00 1.932583312988281250e+02
1.156565656565656575e+00 1.875601196289062500e+02
1.166666666666666741e+00 1.878201904296875000e+02
1.176767676767676907e+00 1.870792388916015625e+02
1.186868686868686851e+00 1.840809936523437500e+02
1.196969696969697017e+00 1.911523590087890625e+02
1.207070707070707183e+00 1.851519317626953125e+02
1.217171717171717127e+00 1.867758941650390625e+02
1.227272727272727293e+00 1.915884857177734375e+02
1.237373737373737459e+00 1.914257965087890625e+02
1.247474747474747403e+00 1.961611022949218750e+02
1.257575757575757791e+00 1.937648773193359375e+02
1.267676767676767735e+00 1.987906341552734375e+02
1.277777777777777679e+00 2.037124023437500000e+02
1.287878787878788067e+00 2.079434051513671875e+02
1.297979797979798011e+00 2.055057525634765625e+02
1.308080808080808177e+00 2.176057739257812500e+02
1.318181818181818343e+00 2.098122406005859375e+02
1.328282828282828287e+00 2.136095733642578125e+02
1.338383838383838453e+00 2.187620391845703125e+02
1.348484848484848619e+00 2.191183319091796875e+02
1.358585858585858563e+00 2.339138641357421875e+02
1.368686868686868729e+00 2.492872161865234375e+02
1.378787878787878896e+00 2.761177368164062500e+02
1.388888888888888840e+00 3.266359252929687500e+02
1.398989898989899228e+00 4.012936706542968750e+02
1.409090909090909172e+00 5.225867919921875000e+02
1.419191919191919116e+00 7.343297119140625000e+02
1.429292929292929504e+00 9.302066040039062500e+02
1.439393939393939448e+00 8.685270996093750000e+02
1.449494949494949614e+00 6.410321655273437500e+02
1.459595959595959780e+00 3.798838500976562500e+02
1.469696969696969724e+00 2.343266754150390625e+02
1.479797979797979890e+00 1.525470428466796875e+02
1.489898989898990056e+00 1.134781951904296875e+02
1.500000000000000000e+00 8.360121154785156250e+01
