5.000000000000000000e-01 5.464716066439365258e+23
5.101010101010100550e-01 4.795742730878467231e+23
5.202020202020202211e-01 4.494528296857061252e+23
5.303030303030302761e-01 4.894632411208298392e+23
5.404040404040404422e-01 5.623569194223798531e+23
5.505050505050504972e-01 6.000610555027256456e+23
5.606060606060605522e-01 5.789541972587149273e+23
5.707070707070707183e-01 5.102813645855305803e+23
5.808080808080807733e-01 5.008589334451460285e+23
5.909090909090909394e-01 5.421264616658554333e+23
6.010101010101009944e-01 6.034430786788957933e+23
6.111111111111111605e-01 6.434920409268297988e+23
6.212121212121212155e-01 6.198144919867189824e+23
6.313131313131312705e-01 5.901652780271059453e+23
6.414141414141414366e-01 5.495838461880286713e+23
6.515151515151514916e-01 5.671467678420660178e+23
6.616161616161616577e-01 6.099927536889732530e+23
6.717171717171717127e-01 6.671168437081048518e+23
6.818181818181818787e-01 6.765166127351644752e+23
6.919191919191919338e-01 6.379708439564556844e+23
7.020202020202019888e-01 6.079347167456559932e+23
7.121212121212121549e-01 5.834144902720686286e+23
7.222222222222222099e-01 6.270438142237621784e+23
7.323232323232323759e-01 6.639152527474056757e+23
7.424242424242424310e-01 7.162004591541082999e+23
7.525252525252525970e-01 7.372528058282293257e+23
7.626262626262626521e-01 7.066750937406405681e+23
7.727272727272727071e-01 6.561310149786763967e+23
7.828282828282828731e-01 6.518254296197221266e+23
7.929292929292929282e-01 6.535533707247516385e+23
8.030303030303029832e-01 7.091102080735583048e+23
8.131313131313131493e-01 7.415404488462681516e+23
8.232323232323233153e-01 7.526380389040494331e+23
8.333333333333333703e-01 7.555044179372841684e+23
8.434343434343434254e-01 7.275532772099719220e+23
8.535353535353535914e-01 6.949221398650843321e+23
8.636363636363636465e-01 6.533684709384503154e+23
8.737373737373737015e-01 6.727676722901531985e+23
8.838383838383838675e-01 6.934799791780092424e+23
8.939393939393940336e-01 6.975825782945586694e+23
9.040404040404040886e-01 7.139098923548306466e+23
9.141414141414141437e-01 6.986519129900815200e+23
9.242424242424243097e-01 6.608069043133915783e+23
9.343434343434343647e-01 6.450386130676658460e+23
9.444444444444444198e-01 6.069942930858669957e+23
9.545454545454545858e-01 5.624216271418259124e+23
9.646464646464647519e-01 5.516251657695291318e+23
9.747474747474748069e-01 5.314439233497326168e+23
9.848484848484848619e-01 5.411575752564214543e+23
9.949494949494950280e-01 5.404851698176565298e+23
1.005050505050505194e+00 5.164060439059723410e+23
1.015151515151515138e+00 4.918056173302207627e+23
1.025252525252525304e+00 4.829144308018808346e+23
1.035353535353535470e+00 4.603819851174237501e+23
1.045454545454545414e+00 4.198616941468876580e+23
1.055555555555555580e+00 3.929272500426535558e+23
1.065656565656565746e+00 3.582105857823232366e+23
1.075757575757575690e+00 3.427974664176104511e+23
1.085858585858585856e+00 3.101655724679854629e+23
1.095959595959596022e+00 2.915933761230558787e+23
1.106060606060605966e+00 2.649620603025408299e+23
1.116161616161616355e+00 2.425981393161399493e+23
1.126262626262626299e+00 2.287159375799584712e+23
1.136363636363636465e+00 2.209604147624533064e+23
1.146464646464646631e+00 2.051377560620259575e+23
1.156565656565656575e+00 1.948641626064668915e+23
1.166666666666666741e+00 1.876760032700178618e+23
1.176767676767676907e+00 1.744828342624255602e+23
1.186868686868686851e+00 1.660991133400977396e+23
1.196969696969697017e+00 1.581053501023046756e+23
1.207070707070707183e+00 1.496258646375004488e+23
1.217171717171717127e+00 1.347550957615133827e+23
1.227272727272727293e+00 1.276755362264787651e+23
1.237373737373737459e+00 1.144687032976170214e+23
1.247474747474747403e+00 1.045063446051062756e+23
1.257575757575757791e+00 9.591437723600884335e+22
1.267676767676767735e+00 8.787017368238922976e+22
1.277777777777777679e+00 8.022407932862991329e+22
1.287878787878788067e+00 7.225598210511323372e+22
1.297979797979798011e+00 6.910997006741543689e+22
1.308080808080808177e+00 6.621193523239991430e+22
1.318181818181818343e+00 6.546289203877602604e+22
1.328282828282828287e+00 6.473248924400982426e+22
1.338383838383838453e+00 6.365873651725252323e+22
1.348484848484848619e+00 6.015537735992175965e+22
1.358585858585858563e+00 5.601191708395320010e+22
1.368686868686868729e+00 5.151532505760289260e+22
1.378787878787878896e+00 4.249459248598165225e+22
1.388888888888888840e+00 3.474207807302757096e+22
1.398989898989899228e+00 2.695655002300505024e+22
1.409090909090909172e+00 2.518832196750889556e+22
1.419191919191919116e+00 2.604136228372802332e+22
1.429292929292929504e+00 2.743178336648406709e+22
1.439393939393939448e+00 2.630666483417679187e+22
1.449494949494949614e+00 2.284548188735635299e+22
1.459595959595959780e+00 1.669682427659856485e+22
1.469696969696969724e+00 1.196100328984215028e+22
1.479797979797979890e+00 1.271252458916099916e+22
1.489898989898990056e+00 1.362497188806477113e+22
1.500000000000000000e+00 1.305511228691516595e+22
