5.000000000000000000e-01 2.730389658981778644e+26
5.101010101010100550e-01 2.320151226254466766e+26
5.202020202020202211e-01 1.964195842845419248e+26
5.303030303030302761e-01 2.194796007966692034e+26
5.404040404040404422e-01 2.717043439644449783e+26
5.505050505050504972e-01 2.882171682829549680e+26
5.606060606060605522e-01 2.803044743060254032e+26
5.707070707070707183e-01 2.414999772595462853e+26
5.808080808080807733e-01 2.077584842720019331e+26
5.909090909090909394e-01 2.256183820764945628e+26
6.010101010101009944e-01 2.730384862828319479e+26
6.111111111111111605e-01 2.972784672263781316e+26
6.212121212121212155e-01 2.926782550827645911e+26
6.313131313131312705e-01 2.596430141388262828e+26
6.414141414141414366e-01 2.207764622452832060e+26
6.515151515151514916e-01 2.283716324164720082e+26
6.616161616161616577e-01 2.608418680361766666e+26
6.717171717171717127e-01 2.976396729220854384e+26
6.818181818181818787e-01 3.050168763652992886e+26
6.919191919191919338e-01 2.912553285851508574e+26
7.020202020202019888e-01 2.635723550939671544e+26
7.121212121212121549e-01 2.385506011365771599e+26
7.222222222222222099e-01 2.395949082120780050e+26
7.323232323232323759e-01 2.788207288932006491e+26
7.424242424242424310e-01 2.997046014536964856e+26
7.525252525252525970e-01 3.125992260493568626e+26
7.626262626262626521e-01 3.015540904612706789e+26
7.727272727272727071e-01 2.742310867339413441e+26
7.828282828282828731e-01 2.563075292156503428e+26
7.929292929292929282e-01 2.571811670149812272e+26
8.030303030303029832e-01 2.729155387335806738e+26
8.131313131313131493e-01 3.034352340816753579e+26
8.232323232323233153e-01 3.226642861248068579e+26
8.333333333333333703e-01 3.227122476593985027e+26
8.434343434343434254e-01 3.117973829779608559e+26
8.535353535353535914e-01 2.955106050613301031e+26
8.636363636363636465e-01 2.790758289169959785e+26
8.737373737373737015e-01 2.665905744658193638e+26
8.838383838383838675e-01 2.759128026041651491e+26
8.939393939393940336e-01 2.968728786644294797e+26
9.040404040404040886e-01 3.146862906738563613e+26
9.141414141414141437e-01 3.261410546608433393e+26
9.242424242424243097e-01 3.304124720380870808e+26
9.343434343434343647e-01 3.290164593400768894e+26
9.444444444444444198e-01 3.106773335712933593e+26
9.545454545454545858e-01 2.931077875185209180e+26
9.646464646464647519e-01 2.821381913474165749e+26
9.747474747474748069e-01 2.831296300544021685e+26
9.848484848484848619e-01 2.824445548729927431e+26
9.949494949494950280e-01 2.919855798427967974e+26
1.005050505050505194e+00 3.036407677041446297e+26
1.015151515151515138e+00 3.154235332475062373e+26
1.025252525252525304e+00 3.187153178339715593e+26
1.035353535353535470e+00 3.128213617414924731e+26
1.045454545454545414e+00 3.150965093685675143e+26
1.055555555555555580e+00 2.969390102419337285e+26
1.065656565656565746e+00 2.918903946433764561e+26
1.075757575757575690e+00 2.761256780307757574e+26
1.085858585858585856e+00 2.637963539072542095e+26
1.095959595959596022e+00 2.525910821338641532e+26
1.106060606060605966e+00 2.415332367391111836e+26
1.116161616161616355e+00 2.310247353828732845e+26
1.126262626262626299e+00 2.205465973673807112e+26
1.136363636363636465e+00 2.122588810834326313e+26
1.146464646464646631e+00 2.018335929897112360e+26
1.156565656565656575e+00 1.913213100509382264e+26
1.166666666666666741e+00 1.810000615937925529e+26
1.176767676767676907e+00 1.708988090064699395e+26
1.186868686868686851e+00 1.628546819780151942e+26
1.196969696969697017e+00 1.530268931482132881e+26
1.207070707070707183e+00 1.431553025246083586e+26
1.217171717171717127e+00 1.357065257143885154e+26
1.227272727272727293e+00 1.251855912526449360e+26
1.237373737373737459e+00 1.159742464929262188e+26
1.247474747474747403e+00 1.076623096340093583e+26
1.257575757575757791e+00 9.881783372042857665e+25
1.267676767676767735e+00 9.132316141095334405e+25
1.277777777777777679e+00 8.474313401288485215e+25
1.287878787878788067e+00 7.888396847972878211e+25
1.297979797979798011e+00 7.476256924866448352e+25
1.308080808080808177e+00 7.139691467555599155e+25
1.318181818181818343e+00 6.842095218269063229e+25
1.328282828282828287e+00 6.482039215886150447e+25
1.338383838383838453e+00 6.175931177715403091e+25
1.348484848484848619e+00 5.795854923989293332e+25
1.358585858585858563e+00 5.289679494786916135e+25
1.368686868686868729e+00 4.725496434170351882e+25
1.378787878787878896e+00 3.945984529981376033e+25
1.388888888888888840e+00 3.237961598944256023e+25
1.398989898989899228e+00 2.695474676369985258e+25
1.409090909090909172e+00 2.536584107459689878e+25
1.419191919191919116e+00 2.520758645718854454e+25
1.429292929292929504e+00 2.546427520681722217e+25
1.439393939393939448e+00 2.408605900515214201e+25
1.449494949494949614e+00 1.991209577684980805e+25
1.459595959595959780e+00 1.542943666276748622e+25
1.469696969696969724e+00 1.179414372569057252e+25
1.479797979797979890e+00 1.187073576000611918e+25
1.489898989898990056e+00 1.279391690223296898e+25
1.500000000000000000e+00 1.138514712777430277e+25
