5.000000000000000000e-01 2.557358888281576806e+24
5.101010101010100550e-01 2.448240632478061774e+24
5.202020202020202211e-01 2.483619758229179783e+24
5.303030303030302761e-01 2.629704136234904150e+24
5.404040404040404422e-01 2.707402398734121085e+24
5.505050505050504972e-01 2.654719650581111212e+24
5.606060606060605522e-01 2.447090016816464140e+24
5.707070707070707183e-01 2.394904610177504046e+24
5.808080808080807733e-01 2.419395689354303069e+24
5.909090909090909394e-01 2.528946867182797972e+24
6.010101010101009944e-01 2.540247803770954286e+24
6.111111111111111605e-01 2.428106587782360102e+24
6.212121212121212155e-01 2.233729642597980660e+24
6.313131313131312705e-01 2.098488779573459841e+24
6.414141414141414366e-01 2.115437013921556643e+24
6.515151515151514916e-01 2.239452744946849048e+24
6.616161616161616577e-01 2.222266432308050932e+24
6.717171717171717127e-01 2.091022604024813976e+24
6.818181818181818787e-01 1.946832476051158658e+24
6.919191919191919338e-01 1.792919040453213422e+24
7.020202020202019888e-01 1.732592278609472078e+24
7.121212121212121549e-01 1.760193795890512298e+24
7.222222222222222099e-01 1.793531674117723885e+24
7.323232323232323759e-01 1.768594990779394316e+24
7.424242424242424310e-01 1.641427892936447170e+24
7.525252525252525970e-01 1.498601815217929829e+24
7.626262626262626521e-01 1.346793902517772846e+24
7.727272727272727071e-01 1.286640511245286757e+24
7.828282828282828731e-01 1.305644692866473719e+24
7.929292929292929282e-01 1.363880199216046319e+24
8.030303030303029832e-01 1.358217769361357865e+24
8.131313131313131493e-01 1.311175689669636992e+24
8.232323232323233153e-01 1.208373498156328457e+24
8.333333333333333703e-01 1.073104676785320922e+24
8.434343434343434254e-01 9.697901557784027196e+23
8.535353535353535914e-01 9.269717319612149919e+23
8.636363636363636465e-01 9.254676738008613221e+23
8.737373737373737015e-01 9.876475407904760587e+23
8.838383838383838675e-01 9.876969722999860772e+23
8.939393939393940336e-01 9.730998331301587877e+23
9.040404040404040886e-01 9.238233195049158066e+23
9.141414141414141437e-01 8.251078023798743168e+23
9.242424242424243097e-01 7.576946805656610260e+23
9.343434343434343647e-01 6.733856382166224685e+23
9.444444444444444198e-01 6.264299555801530704e+23
9.545454545454545858e-01 6.026742601793081212e+23
9.646464646464647519e-01 6.157093708543782279e+23
9.747474747474748069e-01 6.241469548282493996e+23
9.848484848484848619e-01 6.431770771832900157e+23
9.949494949494950280e-01 6.342981404459365355e+23
1.005050505050505194e+00 6.310066936654720632e+23
1.015151515151515138e+00 5.886073207864119054e+23
1.025252525252525304e+00 5.561647941939185918e+23
1.035353535353535470e+00 5.057055272201370615e+23
1.045454545454545414e+00 4.613619323675425511e+23
1.055555555555555580e+00 4.182792373242207226e+23
1.065656565656565746e+00 3.775656158288808698e+23
1.075757575757575690e+00 3.380365851507275334e+23
1.085858585858585856e+00 3.166276254437128022e+23
1.095959595959596022e+00 2.988428204432341661e+23
1.106060606060605966e+00 2.876486732094420613e+23
1.116161616161616355e+00 2.772009525778903424e+23
1.126262626262626299e+00 2.690479961004689861e+23
1.136363636363636465e+00 2.627229426254062572e+23
1.146464646464646631e+00 2.568149945334320742e+23
1.156565656565656575e+00 2.480680132651605494e+23
1.166666666666666741e+00 2.378743496957880550e+23
1.176767676767676907e+00 2.292998562932448203e+23
1.186868686868686851e+00 2.192893451135182292e+23
1.196969696969697017e+00 2.076052782978622523e+23
1.207070707070707183e+00 1.950004595455896322e+23
1.217171717171717127e+00 1.828564310927910518e+23
1.227272727272727293e+00 1.679520203275875280e+23
1.237373737373737459e+00 1.544610012550394513e+23
1.247474747474747403e+00 1.393866156326997102e+23
1.257575757575757791e+00 1.240755027995468665e+23
1.267676767676767735e+00 1.121872427767859113e+23
1.277777777777777679e+00 1.017239126689257263e+23
1.287878787878788067e+00 9.246569177815435759e+22
1.297979797979798011e+00 8.870814045065554847e+22
1.308080808080808177e+00 8.763343746437687227e+22
1.318181818181818343e+00 9.015611978844920087e+22
1.328282828282828287e+00 9.254293751896301634e+22
1.338383838383838453e+00 9.669935465105952080e+22
1.348484848484848619e+00 9.776258246548765698e+22
1.358585858585858563e+00 9.099258235443997783e+22
1.368686868686868729e+00 8.376371948455877358e+22
1.378787878787878896e+00 7.019519796602327794e+22
1.388888888888888840e+00 5.406993790303327801e+22
1.398989898989899228e+00 3.928407088722140044e+22
1.409090909090909172e+00 3.396743416732189511e+22
1.419191919191919116e+00 3.892005844013992536e+22
1.429292929292929504e+00 4.486115302537155523e+22
1.439393939393939448e+00 4.567899320690315520e+22
1.449494949494949614e+00 3.906601109686374839e+22
1.459595959595959780e+00 2.743368613732663112e+22
1.469696969696969724e+00 1.777493536189525367e+22
1.479797979797979890e+00 1.920453100600997970e+22
1.489898989898990056e+00 2.453857639026908568e+22
1.500000000000000000e+00 2.335978620940262257e+22
