5.000000000000000000e-01 2.087449455261230469e+01
5.101010101010100550e-01 2.272082138061523438e+01
5.202020202020202211e-01 2.493087196350097656e+01
5.303030303030302761e-01 2.820020675659179688e+01
5.404040404040404422e-01 2.875909805297851562e+01
5.505050505050504972e-01 3.369123840332031250e+01
5.606060606060605522e-01 4.569897460937500000e+01
5.707070707070707183e-01 5.234031677246093750e+01
5.808080808080807733e-01 5.286572647094726562e+01
5.909090909090909394e-01 5.475347518920898438e+01
6.010101010101009944e-01 6.026440429687500000e+01
6.111111111111111605e-01 6.813035583496093750e+01
6.212121212121212155e-01 7.767574310302734375e+01
6.313131313131312705e-01 8.912775421142578125e+01
6.414141414141414366e-01 9.949496459960937500e+01
6.515151515151514916e-01 1.079525833129882812e+02
6.616161616161616577e-01 1.126604537963867188e+02
6.717171717171717127e-01 1.172140579223632812e+02
6.818181818181818787e-01 1.339898986816406250e+02
6.919191919191919338e-01 1.600374603271484375e+02
7.020202020202019888e-01 1.812406158447265625e+02
7.121212121212121549e-01 1.872754516601562500e+02
7.222222222222222099e-01 1.821335754394531250e+02
7.323232323232323759e-01 1.871510467529296875e+02
7.424242424242424310e-01 2.078768005371093750e+02
7.525252525252525970e-01 2.271645507812500000e+02
7.626262626262626521e-01 2.379601898193359375e+02
7.727272727272727071e-01 2.506875000000000000e+02
7.828282828282828731e-01 2.657881469726562500e+02
7.929292929292929282e-01 2.744017028808593750e+02
8.030303030303029832e-01 2.903708801269531250e+02
8.131313131313131493e-01 3.265259399414062500e+02
8.232323232323233153e-01 3.604017333984375000e+02
8.333333333333333703e-01 3.680719909667968750e+02
8.434343434343434254e-01 3.615983581542968750e+02
8.535353535353535914e-01 3.639835205078125000e+02
8.636363636363636465e-01 3.755773315429687500e+02
8.737373737373737015e-01 3.871896972656250000e+02
8.838383838383838675e-01 4.009344177246093750e+02
8.939393939393940336e-01 4.250373229980468750e+02
9.040404040404040886e-01 4.471641845703125000e+02
9.141414141414141437e-01 4.558562622070312500e+02
9.242424242424243097e-01 4.584179687500000000e+02
9.343434343434343647e-01 4.516413879394531250e+02
9.444444444444444198e-01 4.546090087890625000e+02
9.545454545454545858e-01 4.793676452636718750e+02
9.646464646464647519e-01 4.921659240722656250e+02
9.747474747474748069e-01 4.898326110839843750e+02
9.848484848484848619e-01 5.005547485351562500e+02
9.949494949494950280e-01 5.186574096679687500e+02
1.005050505050505194e+00 5.165179443359375000e+02
1.015151515151515138e+00 4.980979919433593750e+02
1.025252525252525304e+00 4.824464416503906250e+02
1.035353535353535470e+00 4.810726013183593750e+02
1.045454545454545414e+00 4.929561157226562500e+02
1.055555555555555580e+00 4.961518859863281250e+02
1.065656565656565746e+00 4.896538085937500000e+02
1.075757575757575690e+00 4.793185729980468750e+02
1.085858585858585856e+00 4.554033203125000000e+02
1.095959595959596022e+00 4.318513793945312500e+02
1.106060606060605966e+00 4.354591064453125000e+02
1.116161616161616355e+00 4.457962951660156250e+02
1.126262626262626299e+00 4.205977478027343750e+02
1.136363636363636465e+00 3.818145446777343750e+02
1.146464646464646631e+00 3.667098388671875000e+02
1.156565656565656575e+00 3.606142272949218750e+02
1.166666666666666741e+00 3.534482727050781250e+02
1.176767676767676907e+00 3.409078979492187500e+02
1.186868686868686851e+00 3.207811889648437500e+02
1.196969696969697017e+00 3.150451965332031250e+02
1.207070707070707183e+00 3.181536254882812500e+02
1.217171717171717127e+00 3.022004699707031250e+02
1.227272727272727293e+00 2.716078796386718750e+02
1.237373737373737459e+00 2.475291748046875000e+02
1.247474747474747403e+00 2.311132354736328125e+02
1.257575757575757791e+00 2.244636688232421875e+02
1.267676767676767735e+00 2.201087951660156250e+02
1.277777777777777679e+00 2.046239776611328125e+02
1.287878787878788067e+00 1.836947174072265625e+02
1.297979797979798011e+00 1.666872253417968750e+02
1.308080808080808177e+00 1.590398406982421875e+02
1.318181818181818343e+00 1.549323272705078125e+02
1.328282828282828287e+00 1.451316833496093750e+02
1.338383838383838453e+00 1.284903106689453125e+02
1.348484848484848619e+00 1.089666442871093750e+02
1.358585858585858563e+00 1.008883361816406250e+02
1.368686868686868729e+00 1.016548843383789062e+02
1.378787878787878896e+00 9.857815551757812500e+01
1.388888888888888840e+00 8.487491607666015625e+01
1.398989898989899228e+00 6.651474761962890625e+01
1.409090909090909172e+00 5.638379669189453125e+01
1.419191919191919116e+00 5.293817901611328125e+01
1.429292929292929504e+00 5.081727600097656250e+01
1.439393939393939448e+00 4.566777801513671875e+01
1.449494949494949614e+00 3.699854278564453125e+01
1.459595959595959780e+00 3.352414321899414062e+01
1.469696969696969724e+00 3.633011245727539062e+01
1.479797979797979890e+00 3.540768814086914062e+01
1.489898989898990056e+00 3.034391975402832031e+01
1.500000000000000000e+00 2.469865036010742188e+01
