5.000000000000000000e-01 1.642623533056000000e+12
5.101010101010100550e-01 1.333303967744000000e+12
5.202020202020202211e-01 1.157735120896000000e+12
5.303030303030302761e-01 1.238452535296000000e+12
5.404040404040404422e-01 1.507671146496000000e+12
5.505050505050504972e-01 1.663879741440000000e+12
5.606060606060605522e-01 1.614747140096000000e+12
5.707070707070707183e-01 1.442120728576000000e+12
5.808080808080807733e-01 1.234491539456000000e+12
5.909090909090909394e-01 1.278799380480000000e+12
6.010101010101009944e-01 1.530828423168000000e+12
6.111111111111111605e-01 1.727656755200000000e+12
6.212121212121212155e-01 1.727827542016000000e+12
6.313131313131312705e-01 1.568488161280000000e+12
6.414141414141414366e-01 1.404732440576000000e+12
6.515151515151514916e-01 1.287205027840000000e+12
6.616161616161616577e-01 1.481565929472000000e+12
6.717171717171717127e-01 1.770652434432000000e+12
6.818181818181818787e-01 1.843150454784000000e+12
6.919191919191919338e-01 1.752808685568000000e+12
7.020202020202019888e-01 1.711303163904000000e+12
7.121212121212121549e-01 1.458957713408000000e+12
7.222222222222222099e-01 1.465853935616000000e+12
7.323232323232323759e-01 1.682706268160000000e+12
7.424242424242424310e-01 1.782455992320000000e+12
7.525252525252525970e-01 1.939713687552000000e+12
7.626262626262626521e-01 1.923973906432000000e+12
7.727272727272727071e-01 1.799509245952000000e+12
7.828282828282828731e-01 1.654291824640000000e+12
7.929292929292929282e-01 1.508314578944000000e+12
8.030303030303029832e-01 1.693419700224000000e+12
8.131313131313131493e-01 1.834367582208000000e+12
8.232323232323233153e-01 1.996204408832000000e+12
8.333333333333333703e-01 2.058575937536000000e+12
8.434343434343434254e-01 2.099675922432000000e+12
8.535353535353535914e-01 2.025538977792000000e+12
8.636363636363636465e-01 1.922673541120000000e+12
8.737373737373737015e-01 1.839065595904000000e+12
8.838383838383838675e-01 1.858353758208000000e+12
8.939393939393940336e-01 1.966456832000000000e+12
9.040404040404040886e-01 2.149480267776000000e+12
9.141414141414141437e-01 2.226455052288000000e+12
9.242424242424243097e-01 2.346000842752000000e+12
9.343434343434343647e-01 2.396302606336000000e+12
9.444444444444444198e-01 2.397414621184000000e+12
9.545454545454545858e-01 2.344842952704000000e+12
9.646464646464647519e-01 2.260588822528000000e+12
9.747474747474748069e-01 2.314194386944000000e+12
9.848484848484848619e-01 2.300017377280000000e+12
9.949494949494950280e-01 2.407184728064000000e+12
1.005050505050505194e+00 2.499815669760000000e+12
1.015151515151515138e+00 2.665324740608000000e+12
1.025252525252525304e+00 2.765958676480000000e+12
1.035353535353535470e+00 3.032638291968000000e+12
1.045454545454545414e+00 3.014203539456000000e+12
1.055555555555555580e+00 3.103227904000000000e+12
1.065656565656565746e+00 3.215431827456000000e+12
1.075757575757575690e+00 3.063588323328000000e+12
1.085858585858585856e+00 3.160890146816000000e+12
1.095959595959596022e+00 3.164379283456000000e+12
1.106060606060605966e+00 3.190204661760000000e+12
1.116161616161616355e+00 2.926261043200000000e+12
1.126262626262626299e+00 2.861138444288000000e+12
1.136363636363636465e+00 2.668513198080000000e+12
1.146464646464646631e+00 2.592960937984000000e+12
1.156565656565656575e+00 2.420686454784000000e+12
1.166666666666666741e+00 2.217531932672000000e+12
1.176767676767676907e+00 2.119607648256000000e+12
1.186868686868686851e+00 1.873743577088000000e+12
1.196969696969697017e+00 1.674187767808000000e+12
1.207070707070707183e+00 1.463056334848000000e+12
1.217171717171717127e+00 1.331387432960000000e+12
1.227272727272727293e+00 1.239194009600000000e+12
1.237373737373737459e+00 1.122658025472000000e+12
1.247474747474747403e+00 9.982126325760000000e+11
1.257575757575757791e+00 8.741430886400000000e+11
1.267676767676767735e+00 7.978392616960000000e+11
1.277777777777777679e+00 7.110602915840000000e+11
1.287878787878788067e+00 6.467185541120000000e+11
1.297979797979798011e+00 5.759038259200000000e+11
1.308080808080808177e+00 5.605680087040000000e+11
1.318181818181818343e+00 5.123276144640000000e+11
1.328282828282828287e+00 4.524116541440000000e+11
1.338383838383838453e+00 4.367689973760000000e+11
1.348484848484848619e+00 4.111571353600000000e+11
1.358585858585858563e+00 3.726663024640000000e+11
1.368686868686868729e+00 3.245607485440000000e+11
1.378787878787878896e+00 2.746647511040000000e+11
1.388888888888888840e+00 2.329864765440000000e+11
1.398989898989899228e+00 1.948387409920000000e+11
1.409090909090909172e+00 1.708600197120000000e+11
1.419191919191919116e+00 1.622364160000000000e+11
1.429292929292929504e+00 1.582664253440000000e+11
1.439393939393939448e+00 1.566913167360000000e+11
1.449494949494949614e+00 1.338211368960000000e+11
1.459595959595959780e+00 9.924550656000000000e+10
1.469696969696969724e+00 8.216663654400000000e+10
1.479797979797979890e+00 7.360281804800000000e+10
1.489898989898990056e+00 7.950208204800000000e+10
1.500000000000000000e+00 7.094634086400000000e+10
