5.000000000000000000e-01 1.539856710841684460e+20
5.101010101010100550e-01 1.317193203725883146e+20
5.202020202020202211e-01 1.102850888570020823e+20
5.303030303030302761e-01 1.194392532339581256e+20
5.404040404040404422e-01 1.501373276103943127e+20
5.505050505050504972e-01 1.621740948160302285e+20
5.606060606060605522e-01 1.586995149269557576e+20
5.707070707070707183e-01 1.365023190987162255e+20
5.808080808080807733e-01 1.172143518727347896e+20
5.909090909090909394e-01 1.241538271524662804e+20
6.010101010101009944e-01 1.501591243289033441e+20
6.111111111111111605e-01 1.643332014014474486e+20
6.212121212121212155e-01 1.642702565597805281e+20
6.313131313131312705e-01 1.479960595016261304e+20
6.414141414141414366e-01 1.254843241830054625e+20
6.515151515151514916e-01 1.218468670394387661e+20
6.616161616161616577e-01 1.431884141228499927e+20
6.717171717171717127e-01 1.632526365580412846e+20
6.818181818181818787e-01 1.745162095948390728e+20
6.919191919191919338e-01 1.675298951197643244e+20
7.020202020202019888e-01 1.453916507069596303e+20
7.121212121212121549e-01 1.296619493990659523e+20
7.222222222222222099e-01 1.323609777663723438e+20
7.323232323232323759e-01 1.481493226264450826e+20
7.424242424242424310e-01 1.726108351087404646e+20
7.525252525252525970e-01 1.787002999392708854e+20
7.626262626262626521e-01 1.708916915041080443e+20
7.727272727272727071e-01 1.576440013564768420e+20
7.828282828282828731e-01 1.416251900631292314e+20
7.929292929292929282e-01 1.387577077183545344e+20
8.030303030303029832e-01 1.472193468955791196e+20
8.131313131313131493e-01 1.672152588723599442e+20
8.232323232323233153e-01 1.755673427109929288e+20
8.333333333333333703e-01 1.839579358448771400e+20
8.434343434343434254e-01 1.796642285892025713e+20
8.535353535353535914e-01 1.694815898317178798e+20
8.636363636363636465e-01 1.584788033608425144e+20
8.737373737373737015e-01 1.468917627992460493e+20
8.838383838383838675e-01 1.538928195262260183e+20
8.939393939393940336e-01 1.643315653281453179e+20
9.040404040404040886e-01 1.759601410409926492e+20
9.141414141414141437e-01 1.862506374911156552e+20
9.242424242424243097e-01 1.930876822676035338e+20
9.343434343434343647e-01 1.873008030370370683e+20
9.444444444444444198e-01 1.922495377478894223e+20
9.545454545454545858e-01 1.783857516527967273e+20
9.646464646464647519e-01 1.743169780878860616e+20
9.747474747474748069e-01 1.664720593807275459e+20
9.848484848484848619e-01 1.696743825985786348e+20
9.949494949494950280e-01 1.738739716589155779e+20
1.005050505050505194e+00 1.793109423090586092e+20
1.015151515151515138e+00 1.910682752315650212e+20
1.025252525252525304e+00 1.979249880720505569e+20
1.035353535353535470e+00 2.032296654831395799e+20
1.045454545454545414e+00 2.046314460515307356e+20
1.055555555555555580e+00 2.036043966380716851e+20
1.065656565656565746e+00 2.033878192356788797e+20
1.075757575757575690e+00 1.998200711293131817e+20
1.085858585858585856e+00 1.979041941081460572e+20
1.095959595959596022e+00 1.892294695774584832e+20
1.106060606060605966e+00 1.847546155820845629e+20
1.116161616161616355e+00 1.776732329336257905e+20
1.126262626262626299e+00 1.759165651961606308e+20
1.136363636363636465e+00 1.682678697321415311e+20
1.146464646464646631e+00 1.640160318792526725e+20
1.156565656565656575e+00 1.597102036073935012e+20
1.166666666666666741e+00 1.561364565655866573e+20
1.176767676767676907e+00 1.463645689639600128e+20
1.186868686868686851e+00 1.399765295518837637e+20
1.196969696969697017e+00 1.350330021281005568e+20
1.207070707070707183e+00 1.261935971438512046e+20
1.217171717171717127e+00 1.169736643793681121e+20
1.227272727272727293e+00 1.084969838830755512e+20
1.237373737373737459e+00 1.021910999798267249e+20
1.247474747474747403e+00 9.252068410730427187e+19
1.257575757575757791e+00 8.573896675592608154e+19
1.267676767676767735e+00 7.948789130829863322e+19
1.277777777777777679e+00 7.258159049340039987e+19
1.287878787878788067e+00 6.608060484887248896e+19
1.297979797979798011e+00 6.117666863978224026e+19
1.308080808080808177e+00 5.752518172784512205e+19
1.318181818181818343e+00 5.250414753039672934e+19
1.328282828282828287e+00 5.077098295348690944e+19
1.338383838383838453e+00 4.782606860183771546e+19
1.348484848484848619e+00 4.467120910193446093e+19
1.358585858585858563e+00 3.988897563589948211e+19
1.368686868686868729e+00 3.492427821523507610e+19
1.378787878787878896e+00 3.013503206403814195e+19
1.388888888888888840e+00 2.515068417156212326e+19
1.398989898989899228e+00 2.083707355640155341e+19
1.409090909090909172e+00 1.909514147377184768e+19
1.419191919191919116e+00 1.837876786683392819e+19
1.429292929292929504e+00 1.813551961088616038e+19
1.439393939393939448e+00 1.722880734704068198e+19
1.449494949494949614e+00 1.475142952877765427e+19
1.459595959595959780e+00 1.104386642431233229e+19
1.469696969696969724e+00 8.565734890828464128e+18
1.479797979797979890e+00 8.529924346867613696e+18
1.489898989898990056e+00 8.572831138874130432e+18
1.500000000000000000e+00 7.971718786120155136e+18
