5.000000000000000000e-01 1.129361572265625000e+02
5.101010101010100550e-01 9.389373016357421875e+01
5.202020202020202211e-01 5.903468322753906250e+01
5.303030303030302761e-01 6.750365447998046875e+01
5.404040404040404422e-01 9.247290039062500000e+01
5.505050505050504972e-01 1.197946166992187500e+02
5.606060606060605522e-01 1.146633758544921875e+02
5.707070707070707183e-01 7.055899810791015625e+01
5.808080808080807733e-01 7.490721893310546875e+01
5.909090909090909394e-01 6.919303131103515625e+01
6.010101010101009944e-01 8.993283843994140625e+01
6.111111111111111605e-01 1.059763412475585938e+02
6.212121212121212155e-01 1.200215454101562500e+02
6.313131313131312705e-01 1.032920761108398438e+02
6.414141414141414366e-01 8.001362609863281250e+01
6.515151515151514916e-01 7.395235443115234375e+01
6.616161616161616577e-01 8.677673339843750000e+01
6.717171717171717127e-01 9.313653564453125000e+01
6.818181818181818787e-01 1.404998474121093750e+02
6.919191919191919338e-01 1.268630065917968750e+02
7.020202020202019888e-01 1.036772003173828125e+02
7.121212121212121549e-01 8.151763916015625000e+01
7.222222222222222099e-01 5.992346572875976562e+01
7.323232323232323759e-01 9.927860260009765625e+01
7.424242424242424310e-01 9.420850372314453125e+01
7.525252525252525970e-01 1.477963409423828125e+02
7.626262626262626521e-01 8.372311401367187500e+01
7.727272727272727071e-01 1.129046859741210938e+02
7.828282828282828731e-01 9.083506011962890625e+01
7.929292929292929282e-01 7.143325042724609375e+01
8.030303030303029832e-01 1.505953674316406250e+02
8.131313131313131493e-01 1.534040355682373047e+01
8.232323232323233153e-01 2.299181060791015625e+02
8.333333333333333703e-01 1.195883255004882812e+02
8.434343434343434254e-01 2.934192810058593750e+02
8.535353535353535914e-01 1.869005737304687500e+02
8.636363636363636465e-01 2.743542480468750000e+02
8.737373737373737015e-01 3.301142578125000000e+02
8.838383838383838675e-01 3.128892517089843750e+02
8.939393939393940336e-01 4.882145996093750000e+02
9.040404040404040886e-01 3.810060424804687500e+02
9.141414141414141437e-01 6.217043457031250000e+02
9.242424242424243097e-01 5.098608093261718750e+02
9.343434343434343647e-01 7.574135742187500000e+02
9.444444444444444198e-01 6.792062377929687500e+02
9.545454545454545858e-01 8.479959106445312500e+02
9.646464646464647519e-01 8.051093139648437500e+02
9.747474747474748069e-01 8.512279663085937500e+02
9.848484848484848619e-01 9.134340209960937500e+02
9.949494949494950280e-01 8.947272338867187500e+02
1.005050505050505194e+00 1.005594909667968750e+03
1.015151515151515138e+00 8.812426147460937500e+02
1.025252525252525304e+00 1.052194335937500000e+03
1.035353535353535470e+00 9.076217041015625000e+02
1.045454545454545414e+00 1.055206420898437500e+03
1.055555555555555580e+00 8.402530517578125000e+02
1.065656565656565746e+00 9.934649658203125000e+02
1.075757575757575690e+00 8.320463867187500000e+02
1.085858585858585856e+00 9.475030517578125000e+02
1.095959595959596022e+00 7.752287597656250000e+02
1.106060606060605966e+00 7.856159057617187500e+02
1.116161616161616355e+00 6.280380249023437500e+02
1.126262626262626299e+00 6.548794555664062500e+02
1.136363636363636465e+00 5.368774414062500000e+02
1.146464646464646631e+00 5.204865112304687500e+02
1.156565656565656575e+00 4.289639282226562500e+02
1.166666666666666741e+00 3.984697570800781250e+02
1.176767676767676907e+00 3.207367553710937500e+02
1.186868686868686851e+00 3.037648010253906250e+02
1.196969696969697017e+00 2.570789184570312500e+02
1.207070707070707183e+00 2.401990814208984375e+02
1.217171717171717127e+00 1.588125152587890625e+02
1.227272727272727293e+00 1.704265899658203125e+02
1.237373737373737459e+00 1.177976074218750000e+02
1.247474747474747403e+00 1.323695220947265625e+02
1.257575757575757791e+00 8.872158813476562500e+01
1.267676767676767735e+00 1.079925537109375000e+02
1.277777777777777679e+00 6.805606079101562500e+01
1.287878787878788067e+00 9.884224700927734375e+01
1.297979797979798011e+00 7.848461151123046875e+01
1.308080808080808177e+00 9.055280303955078125e+01
1.318181818181818343e+00 7.419771575927734375e+01
1.328282828282828287e+00 9.595960235595703125e+01
1.338383838383838453e+00 8.838085937500000000e+01
1.348484848484848619e+00 8.703649139404296875e+01
1.358585858585858563e+00 7.978122711181640625e+01
1.368686868686868729e+00 1.030843658447265625e+02
1.378787878787878896e+00 1.021162872314453125e+02
1.388888888888888840e+00 1.156225891113281250e+02
1.398989898989899228e+00 1.512846069335937500e+02
1.409090909090909172e+00 1.864282379150390625e+02
1.419191919191919116e+00 2.225332336425781250e+02
1.429292929292929504e+00 3.174035034179687500e+02
1.439393939393939448e+00 3.438892211914062500e+02
1.449494949494949614e+00 2.448813323974609375e+02
1.459595959595959780e+00 2.148336639404296875e+02
1.469696969696969724e+00 1.099607238769531250e+02
1.479797979797979890e+00 7.508905029296875000e+01
1.489898989898990056e+00 5.364776611328125000e+01
1.500000000000000000e+00 4.037145996093750000e+01
