5.000000000000000000e-01 8.710272391680030809e+24
5.101010101010100550e-01 7.000166982326786827e+24
5.202020202020202211e-01 6.524407582382496084e+24
5.303030303030302761e-01 8.343173537701926181e+24
5.404040404040404422e-01 7.993842357031317671e+24
5.505050505050504972e-01 8.540100024678555589e+24
5.606060606060605522e-01 8.430314227323873192e+24
5.707070707070707183e-01 8.851913986667752691e+24
5.808080808080807733e-01 6.968321560987288803e+24
5.909090909090909394e-01 7.449095593015867026e+24
6.010101010101009944e-01 9.454901733409922818e+24
6.111111111111111605e-01 9.833110715467171327e+24
6.212121212121212155e-01 1.161574065206770902e+25
6.313131313131312705e-01 7.694132341458235552e+24
6.414141414141414366e-01 8.301991758018121910e+24
6.515151515151514916e-01 8.744566618295313776e+24
6.616161616161616577e-01 8.481645175012731537e+24
6.717171717171717127e-01 9.142079541564947028e+24
6.818181818181818787e-01 9.225343532627653516e+24
6.919191919191919338e-01 9.804084763667189348e+24
7.020202020202019888e-01 8.735850531720486013e+24
7.121212121212121549e-01 7.203787908019915892e+24
7.222222222222222099e-01 6.950451854126634978e+24
7.323232323232323759e-01 8.807226749149191302e+24
7.424242424242424310e-01 9.551483120772342996e+24
7.525252525252525970e-01 8.820781070818101699e+24
7.626262626262626521e-01 8.961195957324921895e+24
7.727272727272727071e-01 7.992789163236859316e+24
7.828282828282828731e-01 8.336860716003451390e+24
7.929292929292929282e-01 8.299473777452060556e+24
8.030303030303029832e-01 7.466894971664739833e+24
8.131313131313131493e-01 1.128448670412858357e+25
8.232323232323233153e-01 8.952399166244771653e+24
8.333333333333333703e-01 9.265514200151917582e+24
8.434343434343434254e-01 1.014311401423338338e+25
8.535353535353535914e-01 1.006158632295661480e+25
8.636363636363636465e-01 7.306225560164986549e+24
8.737373737373737015e-01 9.171684836420993948e+24
8.838383838383838675e-01 8.332784562023913883e+24
8.939393939393940336e-01 1.049924339655590616e+25
9.040404040404040886e-01 1.053477643732788918e+25
9.141414141414141437e-01 1.210122667428561543e+25
9.242424242424243097e-01 9.194899487377005115e+24
9.343434343434343647e-01 1.071484778836791879e+25
9.444444444444444198e-01 1.046497395775297224e+25
9.545454545454545858e-01 9.682223266473254836e+24
9.646464646464647519e-01 8.546791004630541425e+24
9.747474747474748069e-01 9.366032814452570143e+24
9.848484848484848619e-01 1.091860360587708686e+25
9.949494949494950280e-01 8.820469782011857850e+24
1.005050505050505194e+00 9.693375476187316867e+24
1.015151515151515138e+00 8.923886264514339720e+24
1.025252525252525304e+00 1.112690193411440590e+25
1.035353535353535470e+00 9.925539279569997642e+24
1.045454545454545414e+00 1.115764343311324287e+25
1.055555555555555580e+00 8.043423169876182822e+24
1.065656565656565746e+00 9.552146050637491933e+24
1.075757575757575690e+00 8.394921842975452204e+24
1.085858585858585856e+00 9.711331075700063902e+24
1.095959595959596022e+00 6.870910646602303999e+24
1.106060606060605966e+00 6.442783045699340532e+24
1.116161616161616355e+00 6.783976906390433916e+24
1.126262626262626299e+00 6.806098587760077792e+24
1.136363636363636465e+00 6.131559379520502136e+24
1.146464646464646631e+00 5.780112011428187758e+24
1.156565656565656575e+00 6.255338761637350137e+24
1.166666666666666741e+00 5.757950554266634946e+24
1.176767676767676907e+00 5.525739481102265289e+24
1.186868686868686851e+00 4.851320176699168745e+24
1.196969696969697017e+00 5.707143609401620413e+24
1.207070707070707183e+00 4.077946196016418827e+24
1.217171717171717127e+00 5.183067575042265928e+24
1.227272727272727293e+00 3.630760226181551877e+24
1.237373737373737459e+00 3.666985308086675161e+24
1.247474747474747403e+00 4.196816150136274723e+24
1.257575757575757791e+00 3.474935102613780412e+24
1.267676767676767735e+00 2.923130441377502802e+24
1.277777777777777679e+00 3.031836527743120886e+24
1.287878787878788067e+00 3.058113626445743991e+24
1.297979797979798011e+00 2.313558215807334896e+24
1.308080808080808177e+00 2.228254706602978895e+24
1.318181818181818343e+00 2.290334773824851102e+24
1.328282828282828287e+00 2.429157475733809243e+24
1.338383838383838453e+00 2.058704340753239069e+24
1.348484848484848619e+00 1.747127015902862522e+24
1.358585858585858563e+00 1.857784421915027694e+24
1.368686868686868729e+00 1.719922680080159360e+24
1.378787878787878896e+00 1.198357420527462436e+24
1.388888888888888840e+00 1.016708368465972395e+24
1.398989898989899228e+00 8.893008864893147221e+23
1.409090909090909172e+00 9.032953359426087824e+23
1.419191919191919116e+00 8.883363955931170566e+23
1.429292929292929504e+00 7.864328343350555213e+23
1.439393939393939448e+00 6.999755389349642182e+23
1.449494949494949614e+00 6.813616933006807117e+23
1.459595959595959780e+00 6.643849241453448900e+23
1.469696969696969724e+00 3.994754118432562191e+23
1.479797979797979890e+00 3.697751090494702910e+23
1.489898989898990056e+00 4.338624846684570559e+23
1.500000000000000000e+00 4.452065116978480509e+23
