5.000000000000000000e-01 6.010178089141845703e+00
5.101010101010100550e-01 5.457148551940917969e+00
5.202020202020202211e-01 3.389324903488159180e+00
5.303030303030302761e-01 3.704498410224914551e-01
5.404040404040404422e-01 2.788534164428710938e+00
5.505050505050504972e-01 5.251888275146484375e+00
5.606060606060605522e-01 6.378876209259033203e+00
5.707070707070707183e-01 5.882752418518066406e+00
5.808080808080807733e-01 3.891726016998291016e+00
5.909090909090909394e-01 9.025063514709472656e-01
6.010101010101009944e-01 2.352984428405761719e+00
6.111111111111111605e-01 5.094266414642333984e+00
6.212121212121212155e-01 6.677229881286621094e+00
6.313131313131312705e-01 6.739474773406982422e+00
6.414141414141414366e-01 5.270916938781738281e+00
6.515151515151514916e-01 2.601914882659912109e+00
6.616161616161616577e-01 6.848464012145996094e-01
6.717171717171717127e-01 3.888960123062133789e+00
6.818181818181818787e-01 6.344975471496582031e+00
6.919191919191919338e-01 7.556382656097412109e+00
7.020202020202019888e-01 7.287045478820800781e+00
7.121212121212121549e-01 5.592613220214843750e+00
7.222222222222222099e-01 2.795445680618286133e+00
7.323232323232323759e-01 5.904825925827026367e-01
7.424242424242424310e-01 3.962134361267089844e+00
7.525252525252525970e-01 6.738091468811035156e+00
7.626262626262626521e-01 8.455424308776855469e+00
7.727272727272727071e-01 8.837337493896484375e+00
7.828282828282828731e-01 7.825122356414794922e+00
7.929292929292929282e-01 5.570212841033935547e+00
8.030303030303029832e-01 2.397594690322875977e+00
8.131313131313131493e-01 1.243797183036804199e+00
8.232323232323233153e-01 4.952316284179687500e+00
8.333333333333333703e-01 7.957149028778076172e+00
8.434343434343434254e-01 1.048586273193359375e+01
8.535353535353535914e-01 1.162890720367431641e+01
8.636363636363636465e-01 1.161689090728759766e+01
8.737373737373737015e-01 1.033613300323486328e+01
8.838383838383838675e-01 7.916211605072021484e+00
8.939393939393940336e-01 4.549226284027099609e+00
9.040404040404040886e-01 4.814811944961547852e-01
9.141414141414141437e-01 4.028984069824218750e+00
9.242424242424243097e-01 8.744639396667480469e+00
9.343434343434343647e-01 1.348190689086914062e+01
9.444444444444444198e-01 1.813270568847656250e+01
9.545454545454545858e-01 2.272879028320312500e+01
9.646464646464647519e-01 2.316889953613281250e+01
9.747474747474748069e-01 1.623879241943359375e+02
9.848484848484848619e-01 1.502545654296875000e+03
9.949494949494950280e-01 6.558115234375000000e+03
1.005050505050505194e+00 9.925589843750000000e+03
1.015151515151515138e+00 5.522377441406250000e+03
1.025252525252525304e+00 1.060854736328125000e+03
1.035353535353535470e+00 1.035053405761718750e+02
1.045454545454545414e+00 1.825462913513183594e+01
1.055555555555555580e+00 1.756730842590332031e+01
1.065656565656565746e+00 1.492390060424804688e+01
1.075757575757575690e+00 1.282011795043945312e+01
1.085858585858585856e+00 1.103764915466308594e+01
1.095959595959596022e+00 9.514099121093750000e+00
1.106060606060605966e+00 8.204925537109375000e+00
1.116161616161616355e+00 7.083085060119628906e+00
1.126262626262626299e+00 6.126389026641845703e+00
1.136363636363636465e+00 5.316134452819824219e+00
1.146464646464646631e+00 4.635159492492675781e+00
1.156565656565656575e+00 4.068008422851562500e+00
1.166666666666666741e+00 3.599057197570800781e+00
1.176767676767676907e+00 3.213897228240966797e+00
1.186868686868686851e+00 2.899311304092407227e+00
1.196969696969697017e+00 2.642688512802124023e+00
1.207070707070707183e+00 2.432497262954711914e+00
1.217171717171717127e+00 2.257904529571533203e+00
1.227272727272727293e+00 2.109190940856933594e+00
1.237373737373737459e+00 1.977373242378234863e+00
1.247474747474747403e+00 1.854015111923217773e+00
1.257575757575757791e+00 1.731397151947021484e+00
1.267676767676767735e+00 1.602763891220092773e+00
1.277777777777777679e+00 1.462522864341735840e+00
1.287878787878788067e+00 1.306077837944030762e+00
1.297979797979798011e+00 1.130878210067749023e+00
1.308080808080808177e+00 9.364333152770996094e-01
1.318181818181818343e+00 7.248292565345764160e-01
1.328282828282828287e+00 5.012903213500976562e-01
1.338383838383838453e+00 2.742438912391662598e-01
1.348484848484848619e+00 5.516893044114112854e-02
1.358585858585858563e+00 1.420116871595382690e-01
1.368686868686868729e+00 3.023025095462799072e-01
1.378787878787878896e+00 4.116674661636352539e-01
1.388888888888888840e+00 4.595569670200347900e-01
1.398989898989899228e+00 4.417050182819366455e-01
1.409090909090909172e+00 3.625421822071075439e-01
1.419191919191919116e+00 2.366645336151123047e-01
1.429292929292929504e+00 8.789536356925964355e-02
1.439393939393939448e+00 5.405041575431823730e-02
1.449494949494949614e+00 1.593938469886779785e-01
1.459595959595959780e+00 2.063001096248626709e-01
1.469696969696969724e+00 1.879518628120422363e-01
1.479797979797979890e+00 1.164444684982299805e-01
1.489898989898990056e+00 2.064261958003044128e-02
1.500000000000000000e+00 6.280039250850677490e-02
