5.000000000000000000e-01 1.894760468750000000e+05
5.101010101010100550e-01 1.649896093750000000e+05
5.202020202020202211e-01 1.644377031250000000e+05
5.303030303030302761e-01 1.635337031250000000e+05
5.404040404040404422e-01 1.868377031250000000e+05
5.505050505050504972e-01 2.027626875000000000e+05
5.606060606060605522e-01 2.068666093750000000e+05
5.707070707070707183e-01 1.830713906250000000e+05
5.808080808080807733e-01 1.779106250000000000e+05
5.909090909090909394e-01 1.932271718750000000e+05
6.010101010101009944e-01 1.988801250000000000e+05
6.111111111111111605e-01 2.155334687500000000e+05
6.212121212121212155e-01 2.263576250000000000e+05
6.313131313131312705e-01 2.117841406250000000e+05
6.414141414141414366e-01 2.082770156250000000e+05
6.515151515151514916e-01 1.961076250000000000e+05
6.616161616161616577e-01 2.081982812500000000e+05
6.717171717171717127e-01 2.280779218750000000e+05
6.818181818181818787e-01 2.483410468750000000e+05
6.919191919191919338e-01 2.595771406250000000e+05
7.020202020202019888e-01 2.493295937500000000e+05
7.121212121212121549e-01 2.454619531250000000e+05
7.222222222222222099e-01 2.462301250000000000e+05
7.323232323232323759e-01 2.495706250000000000e+05
7.424242424242424310e-01 2.772382500000000000e+05
7.525252525252525970e-01 2.993334375000000000e+05
7.626262626262626521e-01 3.168803750000000000e+05
7.727272727272727071e-01 3.118200625000000000e+05
7.828282828282828731e-01 3.141427187500000000e+05
7.929292929292929282e-01 3.194358437500000000e+05
8.030303030303029832e-01 3.473205937500000000e+05
8.131313131313131493e-01 3.738633437500000000e+05
8.232323232323233153e-01 4.175550312500000000e+05
8.333333333333333703e-01 4.350452812500000000e+05
8.434343434343434254e-01 4.552720625000000000e+05
8.535353535353535914e-01 4.969308437500000000e+05
8.636363636363636465e-01 5.170311250000000000e+05
8.737373737373737015e-01 5.711826250000000000e+05
8.838383838383838675e-01 6.185376875000000000e+05
8.939393939393940336e-01 6.880728750000000000e+05
9.040404040404040886e-01 7.411337500000000000e+05
9.141414141414141437e-01 8.381070625000000000e+05
9.242424242424243097e-01 8.672566875000000000e+05
9.343434343434343647e-01 9.221281250000000000e+05
9.444444444444444198e-01 8.632465625000000000e+05
9.545454545454545858e-01 8.302942500000000000e+05
9.646464646464647519e-01 7.433917500000000000e+05
9.747474747474748069e-01 6.485223750000000000e+05
9.848484848484848619e-01 6.392282500000000000e+05
9.949494949494950280e-01 5.291539375000000000e+05
1.005050505050505194e+00 4.362602187500000000e+05
1.015151515151515138e+00 4.091954375000000000e+05
1.025252525252525304e+00 3.661243750000000000e+05
1.035353535353535470e+00 3.140947187500000000e+05
1.045454545454545414e+00 2.761942187500000000e+05
1.055555555555555580e+00 2.387754375000000000e+05
1.065656565656565746e+00 2.105166093750000000e+05
1.075757575757575690e+00 1.925613750000000000e+05
1.085858585858585856e+00 1.738913750000000000e+05
1.095959595959596022e+00 1.572597812500000000e+05
1.106060606060605966e+00 1.445911093750000000e+05
1.116161616161616355e+00 1.335635312500000000e+05
1.126262626262626299e+00 1.171828437500000000e+05
1.136363636363636465e+00 1.057672812500000000e+05
1.146464646464646631e+00 1.033607500000000000e+05
1.156565656565656575e+00 9.830297656250000000e+04
1.166666666666666741e+00 8.542775781250000000e+04
1.176767676767676907e+00 7.928662500000000000e+04
1.186868686868686851e+00 7.275000781250000000e+04
1.196969696969697017e+00 7.262185156250000000e+04
1.207070707070707183e+00 6.164844531250000000e+04
1.217171717171717127e+00 5.300843750000000000e+04
1.227272727272727293e+00 5.374339453125000000e+04
1.237373737373737459e+00 4.831842968750000000e+04
1.247474747474747403e+00 4.525598046875000000e+04
1.257575757575757791e+00 3.756416406250000000e+04
1.267676767676767735e+00 3.505620312500000000e+04
1.277777777777777679e+00 3.034451562500000000e+04
1.287878787878788067e+00 2.807591601562500000e+04
1.297979797979798011e+00 2.709284960937500000e+04
1.308080808080808177e+00 2.413426171875000000e+04
1.318181818181818343e+00 2.395094531250000000e+04
1.328282828282828287e+00 2.335052539062500000e+04
1.338383838383838453e+00 2.259869335937500000e+04
1.348484848484848619e+00 2.212777148437500000e+04
1.358585858585858563e+00 2.096824414062500000e+04
1.368686868686868729e+00 1.858932226562500000e+04
1.378787878787878896e+00 1.575914746093750000e+04
1.388888888888888840e+00 1.294178027343750000e+04
1.398989898989899228e+00 1.061423925781250000e+04
1.409090909090909172e+00 8.342915039062500000e+03
1.419191919191919116e+00 8.804576171875000000e+03
1.429292929292929504e+00 8.940280273437500000e+03
1.439393939393939448e+00 9.243623046875000000e+03
1.449494949494949614e+00 8.033491210937500000e+03
1.459595959595959780e+00 6.012608398437500000e+03
1.469696969696969724e+00 4.579286621093750000e+03
1.479797979797979890e+00 4.344326171875000000e+03
1.489898989898990056e+00 4.824413574218750000e+03
1.500000000000000000e+00 4.672285156250000000e+03
