5.000000000000000000e-01 9.725374755859375000e+02
5.101010101010100550e-01 8.243065795898437500e+02
5.202020202020202211e-01 6.228023071289062500e+02
5.303030303030302761e-01 6.283838500976562500e+02
5.404040404040404422e-01 8.209873046875000000e+02
5.505050505050504972e-01 1.009597473144531250e+03
5.606060606060605522e-01 9.862100219726562500e+02
5.707070707070707183e-01 8.514390258789062500e+02
5.808080808080807733e-01 6.257973022460937500e+02
5.909090909090909394e-01 6.468956298828125000e+02
6.010101010101009944e-01 8.188275756835937500e+02
6.111111111111111605e-01 9.749871826171875000e+02
6.212121212121212155e-01 1.002799560546875000e+03
6.313131313131312705e-01 9.117084350585937500e+02
6.414141414141414366e-01 7.582348632812500000e+02
6.515151515151514916e-01 6.203661499023437500e+02
6.616161616161616577e-01 7.653639526367187500e+02
6.717171717171717127e-01 8.915228271484375000e+02
6.818181818181818787e-01 1.044044799804687500e+03
6.919191919191919338e-01 9.698534545898437500e+02
7.020202020202019888e-01 8.667216796875000000e+02
7.121212121212121549e-01 7.297260742187500000e+02
7.222222222222222099e-01 6.388598632812500000e+02
7.323232323232323759e-01 7.401667480468750000e+02
7.424242424242424310e-01 9.171390991210937500e+02
7.525252525252525970e-01 9.639028930664062500e+02
7.626262626262626521e-01 1.022750549316406250e+03
7.727272727272727071e-01 9.175018920898437500e+02
7.828282828282828731e-01 7.800502319335937500e+02
7.929292929292929282e-01 6.983147583007812500e+02
8.030303030303029832e-01 7.089678344726562500e+02
8.131313131313131493e-01 8.248203125000000000e+02
8.232323232323233153e-01 9.397886962890625000e+02
8.333333333333333703e-01 1.011888061523437500e+03
8.434343434343434254e-01 1.003818298339843750e+03
8.535353535353535914e-01 9.356951293945312500e+02
8.636363636363636465e-01 8.571013183593750000e+02
8.737373737373737015e-01 7.696624755859375000e+02
8.838383838383838675e-01 7.282162475585937500e+02
8.939393939393940336e-01 7.484745483398437500e+02
9.040404040404040886e-01 8.215758056640625000e+02
9.141414141414141437e-01 9.097838745117187500e+02
9.242424242424243097e-01 1.006070190429687500e+03
9.343434343434343647e-01 1.008274169921875000e+03
9.444444444444444198e-01 9.865134277343750000e+02
9.545454545454545858e-01 9.653689575195312500e+02
9.646464646464647519e-01 8.653619995117187500e+02
9.747474747474748069e-01 8.582047729492187500e+02
9.848484848484848619e-01 1.334975585937500000e+03
9.949494949494950280e-01 4.767685058593750000e+03
1.005050505050505194e+00 1.046766699218750000e+04
1.015151515151515138e+00 6.239409179687500000e+03
1.025252525252525304e+00 2.577337890625000000e+03
1.035353535353535470e+00 7.348055419921875000e+02
1.045454545454545414e+00 9.240521240234375000e+02
1.055555555555555580e+00 9.497573242187500000e+02
1.065656565656565746e+00 9.822803344726562500e+02
1.075757575757575690e+00 9.776977539062500000e+02
1.085858585858585856e+00 9.736569213867187500e+02
1.095959595959596022e+00 1.014408508300781250e+03
1.106060606060605966e+00 9.853544921875000000e+02
1.116161616161616355e+00 1.007758178710937500e+03
1.126262626262626299e+00 1.017401184082031250e+03
1.136363636363636465e+00 9.747008666992187500e+02
1.146464646464646631e+00 1.032476928710937500e+03
1.156565656565656575e+00 9.971124877929687500e+02
1.166666666666666741e+00 1.040459960937500000e+03
1.176767676767676907e+00 1.061175903320312500e+03
1.186868686868686851e+00 1.070947631835937500e+03
1.196969696969697017e+00 1.077936645507812500e+03
1.207070707070707183e+00 1.150611938476562500e+03
1.217171717171717127e+00 1.153987304687500000e+03
1.227272727272727293e+00 1.247354003906250000e+03
1.237373737373737459e+00 1.295454101562500000e+03
1.247474747474747403e+00 1.385045410156250000e+03
1.257575757575757791e+00 1.521596435546875000e+03
1.267676767676767735e+00 1.690018798828125000e+03
1.277777777777777679e+00 1.820710937500000000e+03
1.287878787878788067e+00 2.187483398437500000e+03
1.297979797979798011e+00 2.493139648437500000e+03
1.308080808080808177e+00 3.146191894531250000e+03
1.318181818181818343e+00 3.912968017578125000e+03
1.328282828282828287e+00 4.396262207031250000e+03
1.338383838383838453e+00 4.120268554687500000e+03
1.348484848484848619e+00 3.283521484375000000e+03
1.358585858585858563e+00 2.394507568359375000e+03
1.368686868686868729e+00 1.703211059570312500e+03
1.378787878787878896e+00 1.223965820312500000e+03
1.388888888888888840e+00 8.965993041992187500e+02
1.398989898989899228e+00 6.811060180664062500e+02
1.409090909090909172e+00 5.650484008789062500e+02
1.419191919191919116e+00 4.533909301757812500e+02
1.429292929292929504e+00 3.786386108398437500e+02
1.439393939393939448e+00 3.219672546386718750e+02
1.449494949494949614e+00 2.722521362304687500e+02
1.459595959595959780e+00 2.118669433593750000e+02
1.469696969696969724e+00 1.696199035644531250e+02
1.479797979797979890e+00 1.421834564208984375e+02
1.489898989898990056e+00 1.301962432861328125e+02
1.500000000000000000e+00 1.167785339355468750e+02
