5.000000000000000000e-01 3.502713791504161387e+22
5.101010101010100550e-01 4.488651729847290587e+22
5.202020202020202211e-01 2.668087793441426113e+22
5.303030303030302761e-01 3.284291236196524648e+22
5.404040404040404422e-01 1.627223165912951554e+22
5.505050505050504972e-01 1.437632768009731414e+22
5.606060606060605522e-01 3.174363998791945054e+22
5.707070707070707183e-01 2.188413450369859217e+22
5.808080808080807733e-01 2.731007133475456575e+22
5.909090909090909394e-01 1.472064250830857752e+22
6.010101010101009944e-01 3.702305220509892503e+22
6.111111111111111605e-01 3.263835436329045118e+22
6.212121212121212155e-01 2.099373457677061246e+22
6.313131313131312705e-01 3.331605153161753605e+22
6.414141414141414366e-01 2.814662622453770381e+22
6.515151515151514916e-01 2.678117309811580207e+22
6.616161616161616577e-01 2.015879422745388673e+22
6.717171717171717127e-01 3.040647397075706289e+22
6.818181818181818787e-01 3.248321661512660602e+22
6.919191919191919338e-01 2.393014233241114536e+22
7.020202020202019888e-01 1.340959624308503190e+22
7.121212121212121549e-01 2.344122930506399062e+22
7.222222222222222099e-01 2.346880034198275280e+22
7.323232323232323759e-01 2.681349768444125381e+22
7.424242424242424310e-01 1.784393613768610388e+22
7.525252525252525970e-01 1.106679444352932197e+22
7.626262626262626521e-01 1.931050971244126221e+22
7.727272727272727071e-01 1.324336162543934584e+22
7.828282828282828731e-01 1.898882659825744242e+22
7.929292929292929282e-01 2.495578535614906106e+22
8.030303030303029832e-01 1.480647323590691127e+22
8.131313131313131493e-01 9.807508048823145464e+21
8.232323232323233153e-01 1.451363004783686530e+22
8.333333333333333703e-01 1.505651421311842805e+22
8.434343434343434254e-01 1.576418283696566357e+22
8.535353535353535914e-01 1.160566815334271130e+22
8.636363636363636465e-01 7.610736030134877290e+21
8.737373737373737015e-01 5.242642578021808079e+21
8.838383838383838675e-01 1.246499662054155511e+22
8.939393939393940336e-01 1.459634541039296551e+22
9.040404040404040886e-01 1.182852540320341977e+22
9.141414141414141437e-01 6.855269577542451855e+21
9.242424242424243097e-01 9.142029709235070173e+21
9.343434343434343647e-01 5.897701276922008306e+21
9.444444444444444198e-01 8.586183621275981709e+21
9.545454545454545858e-01 9.225912067044612768e+21
9.646464646464647519e-01 6.742358705384739308e+21
9.747474747474748069e-01 5.574641750102073410e+21
9.848484848484848619e-01 1.135189256614019754e+22
9.949494949494950280e-01 8.999279111846307561e+21
1.005050505050505194e+00 1.311563954000711857e+22
1.015151515151515138e+00 5.816234537362596561e+21
1.025252525252525304e+00 5.155397157190526566e+21
1.035353535353535470e+00 7.241608056826662748e+21
1.045454545454545414e+00 5.664762719295430984e+21
1.055555555555555580e+00 6.107436726318419411e+21
1.065656565656565746e+00 4.540134234922609017e+21
1.075757575757575690e+00 4.055725370152778203e+21
1.085858585858585856e+00 2.883315101108438827e+21
1.095959595959596022e+00 3.656343340447795511e+21
1.106060606060605966e+00 2.921688866158379270e+21
1.116161616161616355e+00 3.919093475807751832e+21
1.126262626262626299e+00 1.841003410724694786e+21
1.136363636363636465e+00 4.043352293126531187e+21
1.146464646464646631e+00 3.761691542931246154e+21
1.156565656565656575e+00 3.497274231284232618e+21
1.166666666666666741e+00 3.177141481272135123e+21
1.176767676767676907e+00 1.169989936088348623e+21
1.186868686868686851e+00 2.150183124968050524e+21
1.196969696969697017e+00 2.539518186854323061e+21
1.207070707070707183e+00 1.736040406746872676e+21
1.217171717171717127e+00 1.861110294211043787e+21
1.227272727272727293e+00 3.144324313737439740e+21
1.237373737373737459e+00 1.906203289167532655e+21
1.247474747474747403e+00 2.071246282499314156e+21
1.257575757575757791e+00 1.502274875638719447e+21
1.267676767676767735e+00 1.238445565218054472e+21
1.277777777777777679e+00 1.154583403238090867e+21
1.287878787878788067e+00 1.166373545587570115e+21
1.297979797979798011e+00 7.687498900620988908e+20
1.308080808080808177e+00 1.148581512309689549e+21
1.318181818181818343e+00 8.701378803607189586e+20
1.328282828282828287e+00 1.218923023783356793e+21
1.338383838383838453e+00 5.596088806321286021e+20
1.348484848484848619e+00 1.129012879347555500e+21
1.358585858585858563e+00 1.016222689586107646e+21
1.368686868686868729e+00 1.037393407746934571e+21
1.378787878787878896e+00 1.100966360824384848e+21
1.388888888888888840e+00 5.183924997923872440e+20
1.398989898989899228e+00 5.217593275419396669e+20
1.409090909090909172e+00 4.290238076586609869e+20
1.419191919191919116e+00 2.144875386516589773e+20
1.429292929292929504e+00 2.404904432907940004e+20
1.439393939393939448e+00 1.531497959564540641e+20
1.449494949494949614e+00 3.583032901288528445e+20
1.459595959595959780e+00 4.500529790905745408e+20
1.469696969696969724e+00 1.697334571593157837e+20
1.479797979797979890e+00 1.899965944421112873e+20
1.489898989898990056e+00 2.277447813563122975e+20
1.500000000000000000e+00 2.831426807632945480e+20
