5.000000000000000000e-01 5.536737918853759766e+00
5.101010101010100550e-01 5.135636329650878906e+00
5.202020202020202211e-01 5.548414230346679688e+00
5.303030303030302761e-01 6.086611270904541016e+00
5.404040404040404422e-01 4.778587341308593750e+00
5.505050505050504972e-01 6.559242725372314453e+00
5.606060606060605522e-01 8.616532325744628906e+00
5.707070707070707183e-01 5.652532577514648438e+00
5.808080808080807733e-01 4.390361309051513672e+00
5.909090909090909394e-01 8.044636726379394531e+00
6.010101010101009944e-01 6.391517162322998047e+00
6.111111111111111605e-01 9.063768386840820312e+00
6.212121212121212155e-01 9.385069847106933594e+00
6.313131313131312705e-01 5.070807456970214844e+00
6.414141414141414366e-01 1.037340831756591797e+01
6.515151515151514916e-01 6.666275501251220703e+00
6.616161616161616577e-01 1.365003490447998047e+01
6.717171717171717127e-01 7.260277271270751953e+00
6.818181818181818787e-01 1.215655136108398438e+01
6.919191919191919338e-01 1.485488414764404297e+01
7.020202020202019888e-01 1.347809410095214844e+01
7.121212121212121549e-01 2.948550605773925781e+01
7.222222222222222099e-01 2.310482740402221680e+00
7.323232323232323759e-01 4.239604949951171875e+01
7.424242424242424310e-01 2.738463592529296875e+01
7.525252525252525970e-01 6.002438735961914062e+01
7.626262626262626521e-01 8.732623291015625000e+01
7.727272727272727071e-01 4.216478729248046875e+01
7.828282828282828731e-01 1.445891571044921875e+02
7.929292929292929282e-01 1.208140258789062500e+02
8.030303030303029832e-01 1.451200256347656250e+02
8.131313131313131493e-01 2.178636627197265625e+02
8.232323232323233153e-01 1.828617401123046875e+02
8.333333333333333703e-01 2.601828613281250000e+02
8.434343434343434254e-01 2.717676696777343750e+02
8.535353535353535914e-01 3.216680908203125000e+02
8.636363636363636465e-01 3.762581176757812500e+02
8.737373737373737015e-01 4.171563415527343750e+02
8.838383838383838675e-01 4.850822753906250000e+02
8.939393939393940336e-01 5.331597290039062500e+02
9.040404040404040886e-01 6.267853393554687500e+02
9.141414141414141437e-01 6.817523193359375000e+02
9.242424242424243097e-01 7.494949340820312500e+02
9.343434343434343647e-01 7.842547607421875000e+02
9.444444444444444198e-01 8.198872070312500000e+02
9.545454545454545858e-01 8.535101928710937500e+02
9.646464646464647519e-01 8.930622558593750000e+02
9.747474747474748069e-01 9.184829101562500000e+02
9.848484848484848619e-01 9.253457031250000000e+02
9.949494949494950280e-01 9.758977050781250000e+02
1.005050505050505194e+00 1.001054565429687500e+03
1.015151515151515138e+00 9.987681274414062500e+02
1.025252525252525304e+00 9.660148315429687500e+02
1.035353535353535470e+00 9.463904418945312500e+02
1.045454545454545414e+00 9.257009277343750000e+02
1.055555555555555580e+00 8.839744873046875000e+02
1.065656565656565746e+00 8.156351318359375000e+02
1.075757575757575690e+00 7.689268798828125000e+02
1.085858585858585856e+00 7.232573242187500000e+02
1.095959595959596022e+00 6.611156616210937500e+02
1.106060606060605966e+00 5.941735229492187500e+02
1.116161616161616355e+00 5.340802001953125000e+02
1.126262626262626299e+00 4.725933837890625000e+02
1.136363636363636465e+00 4.167868652343750000e+02
1.146464646464646631e+00 3.533370666503906250e+02
1.156565656565656575e+00 2.917327270507812500e+02
1.166666666666666741e+00 2.604222106933593750e+02
1.176767676767676907e+00 2.316955871582031250e+02
1.186868686868686851e+00 1.935244445800781250e+02
1.196969696969697017e+00 1.573616943359375000e+02
1.207070707070707183e+00 1.308543701171875000e+02
1.217171717171717127e+00 1.045243759155273438e+02
1.227272727272727293e+00 8.688062286376953125e+01
1.237373737373737459e+00 7.217547607421875000e+01
1.247474747474747403e+00 5.941189575195312500e+01
1.257575757575757791e+00 4.217679977416992188e+01
1.267676767676767735e+00 3.051968002319335938e+01
1.277777777777777679e+00 2.684394454956054688e+01
1.287878787878788067e+00 2.437390518188476562e+01
1.297979797979798011e+00 1.914376831054687500e+01
1.308080808080808177e+00 1.347566890716552734e+01
1.318181818181818343e+00 9.853830337524414062e+00
1.328282828282828287e+00 4.504384994506835938e+00
1.338383838383838453e+00 1.852595567703247070e+00
1.348484848484848619e+00 6.470701098442077637e-01
1.358585858585858563e+00 1.559017062187194824e+00
1.368686868686868729e+00 1.515353679656982422e+00
1.378787878787878896e+00 3.282434940338134766e+00
1.388888888888888840e+00 3.098117589950561523e+00
1.398989898989899228e+00 1.723279714584350586e+00
1.409090909090909172e+00 4.774095714092254639e-01
1.419191919191919116e+00 5.146530270576477051e-02
1.429292929292929504e+00 1.913252025842666626e-01
1.439393939393939448e+00 1.385063380002975464e-01
1.449494949494949614e+00 1.276952773332595825e-01
1.459595959595959780e+00 1.168037727475166321e-01
1.469696969696969724e+00 6.820908933877944946e-02
1.479797979797979890e+00 7.514350861310958862e-02
1.489898989898990056e+00 8.116728067398071289e-02
1.500000000000000000e+00 8.300682902336120605e-02
