5.000000000000000000e-01 1.155278160000000000e+08
5.101010101010100550e-01 1.188164160000000000e+08
5.202020202020202211e-01 1.258180400000000000e+08
5.303030303030302761e-01 1.347748960000000000e+08
5.404040404040404422e-01 1.422943200000000000e+08
5.505050505050504972e-01 1.404166880000000000e+08
5.606060606060605522e-01 1.362431840000000000e+08
5.707070707070707183e-01 1.341309360000000000e+08
5.808080808080807733e-01 1.297199920000000000e+08
5.909090909090909394e-01 1.269750400000000000e+08
6.010101010101009944e-01 1.211365760000000000e+08
6.111111111111111605e-01 1.089805360000000000e+08
6.212121212121212155e-01 9.829504000000000000e+07
6.313131313131312705e-01 9.001896000000000000e+07
6.414141414141414366e-01 8.384517600000000000e+07
6.515151515151514916e-01 8.066082400000000000e+07
6.616161616161616577e-01 7.488642400000000000e+07
6.717171717171717127e-01 6.816343200000000000e+07
6.818181818181818787e-01 6.113668000000000000e+07
6.919191919191919338e-01 5.524757200000000000e+07
7.020202020202019888e-01 5.343304400000000000e+07
7.121212121212121549e-01 5.172748400000000000e+07
7.222222222222222099e-01 4.918922400000000000e+07
7.323232323232323759e-01 4.572598000000000000e+07
7.424242424242424310e-01 4.162384000000000000e+07
7.525252525252525970e-01 3.750836400000000000e+07
7.626262626262626521e-01 3.446170800000000000e+07
7.727272727272727071e-01 3.282531200000000000e+07
7.828282828282828731e-01 3.318460400000000000e+07
7.929292929292929282e-01 3.162065000000000000e+07
8.030303030303029832e-01 3.071454800000000000e+07
8.131313131313131493e-01 2.897152600000000000e+07
8.232323232323233153e-01 2.594910600000000000e+07
8.333333333333333703e-01 2.375144600000000000e+07
8.434343434343434254e-01 2.103080000000000000e+07
8.535353535353535914e-01 2.105285200000000000e+07
8.636363636363636465e-01 2.099236200000000000e+07
8.737373737373737015e-01 2.140029600000000000e+07
8.838383838383838675e-01 2.061832000000000000e+07
8.939393939393940336e-01 1.989340600000000000e+07
9.040404040404040886e-01 1.881793800000000000e+07
9.141414141414141437e-01 1.661937500000000000e+07
9.242424242424243097e-01 1.496553700000000000e+07
9.343434343434343647e-01 1.342995700000000000e+07
9.444444444444444198e-01 1.313320100000000000e+07
9.545454545454545858e-01 1.275752700000000000e+07
9.646464646464647519e-01 1.288796000000000000e+07
9.747474747474748069e-01 1.304534700000000000e+07
9.848484848484848619e-01 1.296473100000000000e+07
9.949494949494950280e-01 1.269349800000000000e+07
1.005050505050505194e+00 1.216735100000000000e+07
1.015151515151515138e+00 1.114255900000000000e+07
1.025252525252525304e+00 1.046142100000000000e+07
1.035353535353535470e+00 9.702463000000000000e+06
1.045454545454545414e+00 8.541729000000000000e+06
1.055555555555555580e+00 7.816426000000000000e+06
1.065656565656565746e+00 7.052135000000000000e+06
1.075757575757575690e+00 6.447930000000000000e+06
1.085858585858585856e+00 6.146346500000000000e+06
1.095959595959596022e+00 5.786697000000000000e+06
1.106060606060605966e+00 5.663388000000000000e+06
1.116161616161616355e+00 5.424084000000000000e+06
1.126262626262626299e+00 5.328244000000000000e+06
1.136363636363636465e+00 5.215647500000000000e+06
1.146464646464646631e+00 5.086633500000000000e+06
1.156565656565656575e+00 4.899174500000000000e+06
1.166666666666666741e+00 4.715034500000000000e+06
1.176767676767676907e+00 4.459703000000000000e+06
1.186868686868686851e+00 4.245093500000000000e+06
1.196969696969697017e+00 4.038588750000000000e+06
1.207070707070707183e+00 3.758220000000000000e+06
1.217171717171717127e+00 3.542991000000000000e+06
1.227272727272727293e+00 3.244201000000000000e+06
1.237373737373737459e+00 2.971168750000000000e+06
1.247474747474747403e+00 2.688860000000000000e+06
1.257575757575757791e+00 2.400472250000000000e+06
1.267676767676767735e+00 2.202409750000000000e+06
1.277777777777777679e+00 1.965581250000000000e+06
1.287878787878788067e+00 1.727711875000000000e+06
1.297979797979798011e+00 1.607832500000000000e+06
1.308080808080808177e+00 1.582756250000000000e+06
1.318181818181818343e+00 1.583802500000000000e+06
1.328282828282828287e+00 1.682178750000000000e+06
1.338383838383838453e+00 1.728678250000000000e+06
1.348484848484848619e+00 1.776655375000000000e+06
1.358585858585858563e+00 1.716242250000000000e+06
1.368686868686868729e+00 1.558556875000000000e+06
1.378787878787878896e+00 1.296985750000000000e+06
1.388888888888888840e+00 1.046383375000000000e+06
1.398989898989899228e+00 7.641449375000000000e+05
1.409090909090909172e+00 6.198869375000000000e+05
1.419191919191919116e+00 6.836871250000000000e+05
1.429292929292929504e+00 8.032175625000000000e+05
1.439393939393939448e+00 8.362916250000000000e+05
1.449494949494949614e+00 7.383901250000000000e+05
1.459595959595959780e+00 5.265056875000000000e+05
1.469696969696969724e+00 3.261536875000000000e+05
1.479797979797979890e+00 3.447800312500000000e+05
1.489898989898990056e+00 4.404392187500000000e+05
1.500000000000000000e+00 4.243570000000000000e+05
