5.000000000000000000e-01 7.315469360351562500e+01
5.101010101010100550e-01 7.399487304687500000e+01
5.202020202020202211e-01 7.179225921630859375e+01
5.303030303030302761e-01 7.390868377685546875e+01
5.404040404040404422e-01 8.276367187500000000e+01
5.505050505050504972e-01 8.926710510253906250e+01
5.606060606060605522e-01 9.102739715576171875e+01
5.707070707070707183e-01 9.016481781005859375e+01
5.808080808080807733e-01 9.260478973388671875e+01
5.909090909090909394e-01 9.659487915039062500e+01
6.010101010101009944e-01 1.015389251708984375e+02
6.111111111111111605e-01 1.163441162109375000e+02
6.212121212121212155e-01 1.302137603759765625e+02
6.313131313131312705e-01 1.289259490966796875e+02
6.414141414141414366e-01 1.331715087890625000e+02
6.515151515151514916e-01 1.486807250976562500e+02
6.616161616161616577e-01 1.661896514892578125e+02
6.717171717171717127e-01 1.958428802490234375e+02
6.818181818181818787e-01 2.155621490478515625e+02
6.919191919191919338e-01 2.430534362792968750e+02
7.020202020202019888e-01 2.904105224609375000e+02
7.121212121212121549e-01 3.304951782226562500e+02
7.222222222222222099e-01 4.526692199707031250e+02
7.323232323232323759e-01 5.343059082031250000e+02
7.424242424242424310e-01 6.303223266601562500e+02
7.525252525252525970e-01 6.331712036132812500e+02
7.626262626262626521e-01 5.250328979492187500e+02
7.727272727272727071e-01 4.809331665039062500e+02
7.828282828282828731e-01 3.568669128417968750e+02
7.929292929292929282e-01 2.630519104003906250e+02
8.030303030303029832e-01 3.075670776367187500e+02
8.131313131313131493e-01 6.720546722412109375e+01
8.232323232323233153e-01 3.090982971191406250e+02
8.333333333333333703e-01 9.865867614746093750e+01
8.434343434343434254e-01 2.854945373535156250e+02
8.535353535353535914e-01 2.598158874511718750e+02
8.636363636363636465e-01 3.144209594726562500e+02
8.737373737373737015e-01 4.445229492187500000e+02
8.838383838383838675e-01 3.853973388671875000e+02
8.939393939393940336e-01 5.636856689453125000e+02
9.040404040404040886e-01 4.831057434082031250e+02
9.141414141414141437e-01 6.654254760742187500e+02
9.242424242424243097e-01 6.198478393554687500e+02
9.343434343434343647e-01 7.489526367187500000e+02
9.444444444444444198e-01 7.582383422851562500e+02
9.545454545454545858e-01 8.298618164062500000e+02
9.646464646464647519e-01 8.877795410156250000e+02
9.747474747474748069e-01 9.138450317382812500e+02
9.848484848484848619e-01 1.005888305664062500e+03
9.949494949494950280e-01 9.714559326171875000e+02
1.005050505050505194e+00 1.027776489257812500e+03
1.015151515151515138e+00 9.575867919921875000e+02
1.025252525252525304e+00 1.011870483398437500e+03
1.035353535353535470e+00 9.505881347656250000e+02
1.045454545454545414e+00 9.910919189453125000e+02
1.055555555555555580e+00 9.328469238281250000e+02
1.065656565656565746e+00 8.992282714843750000e+02
1.075757575757575690e+00 8.042615356445312500e+02
1.085858585858585856e+00 7.852406005859375000e+02
1.095959595959596022e+00 7.166246337890625000e+02
1.106060606060605966e+00 6.492037963867187500e+02
1.116161616161616355e+00 5.763273925781250000e+02
1.126262626262626299e+00 5.257415771484375000e+02
1.136363636363636465e+00 4.828506164550781250e+02
1.146464646464646631e+00 4.205074157714843750e+02
1.156565656565656575e+00 3.588970947265625000e+02
1.166666666666666741e+00 2.921727294921875000e+02
1.176767676767676907e+00 2.659218750000000000e+02
1.186868686868686851e+00 2.322128601074218750e+02
1.196969696969697017e+00 2.035295715332031250e+02
1.207070707070707183e+00 1.561395568847656250e+02
1.217171717171717127e+00 1.323620452880859375e+02
1.227272727272727293e+00 1.029029312133789062e+02
1.237373737373737459e+00 8.848170471191406250e+01
1.247474747474747403e+00 7.255360412597656250e+01
1.257575757575757791e+00 6.587413787841796875e+01
1.267676767676767735e+00 5.019702148437500000e+01
1.277777777777777679e+00 3.017300605773925781e+01
1.287878787878788067e+00 2.202181625366210938e+01
1.297979797979798011e+00 1.711341476440429688e+01
1.308080808080808177e+00 2.235866928100585938e+01
1.318181818181818343e+00 1.366432380676269531e+01
1.328282828282828287e+00 1.514634704589843750e+01
1.338383838383838453e+00 3.641698360443115234e+00
1.348484848484848619e+00 8.690955162048339844e+00
1.358585858585858563e+00 1.396583557128906250e+00
1.368686868686868729e+00 4.683964252471923828e+00
1.378787878787878896e+00 2.262095451354980469e+00
1.388888888888888840e+00 2.631886482238769531e+00
1.398989898989899228e+00 1.677702546119689941e+00
1.409090909090909172e+00 1.350391626358032227e+00
1.419191919191919116e+00 1.456033587455749512e+00
1.429292929292929504e+00 1.620362639427185059e+00
1.439393939393939448e+00 1.662000179290771484e+00
1.449494949494949614e+00 1.481807708740234375e+00
1.459595959595959780e+00 1.120278596878051758e+00
1.469696969696969724e+00 7.345997691154479980e-01
1.479797979797979890e+00 7.504141926765441895e-01
1.489898989898990056e+00 8.804517388343811035e-01
1.500000000000000000e+00 8.573845028877258301e-01
