5.000000000000000000e-01 1.129854571718613561e+24
5.101010101010100550e-01 9.028340952831720056e+23
5.202020202020202211e-01 6.800888679595947527e+23
5.303030303030302761e-01 7.501207789139284585e+23
5.404040404040404422e-01 1.036012237620763100e+24
5.505050505050504972e-01 1.177186971456713246e+24
5.606060606060605522e-01 1.117874636421837852e+24
5.707070707070707183e-01 9.205655956784610846e+23
5.808080808080807733e-01 7.029437353485745458e+23
5.909090909090909394e-01 7.605595463894209648e+23
6.010101010101009944e-01 9.978501755303062751e+23
6.111111111111111605e-01 1.161095646016915483e+24
6.212121212121212155e-01 1.162100705338556502e+24
6.313131313131312705e-01 1.000112351637532985e+24
6.414141414141414366e-01 7.665471721660025867e+23
6.515151515151514916e-01 7.118857945383052509e+23
6.616161616161616577e-01 9.031361607173789995e+23
6.717171717171717127e-01 1.102223222593641639e+24
6.818181818181818787e-01 1.164577973363986426e+24
6.919191919191919338e-01 1.116895734006832601e+24
7.020202020202019888e-01 9.360090512902638377e+23
7.121212121212121549e-01 7.626970628589620591e+23
7.222222222222222099e-01 7.452896775216555801e+23
7.323232323232323759e-01 9.139294515555381113e+23
7.424242424242424310e-01 1.070590227041367427e+24
7.525252525252525970e-01 1.152980591833958077e+24
7.626262626262626521e-01 1.118473651201075147e+24
7.727272727272727071e-01 9.744927784805059726e+23
7.828282828282828731e-01 8.181590724140148122e+23
7.929292929292929282e-01 7.203808084146246511e+23
8.030303030303029832e-01 7.996575645688364353e+23
8.131313131313131493e-01 9.534464846442841328e+23
8.232323232323233153e-01 1.083026070735621106e+24
8.333333333333333703e-01 1.122967378938062447e+24
8.434343434343434254e-01 1.085289471821946460e+24
8.535353535353535914e-01 1.000821254247678120e+24
8.636363636363636465e-01 8.714208033351194357e+23
8.737373737373737015e-01 7.778832728600494096e+23
8.838383838383838675e-01 7.567543289634660664e+23
8.939393939393940336e-01 8.350204053037018734e+23
9.040404040404040886e-01 9.336696294422284694e+23
9.141414141414141437e-01 1.023370813610719212e+24
9.242424242424243097e-01 1.069941348407055886e+24
9.343434343434343647e-01 1.054550638954088896e+24
9.444444444444444198e-01 1.021470078395186749e+24
9.545454545454545858e-01 9.480601074323549816e+23
9.646464646464647519e-01 8.679893486494392695e+23
9.747474747474748069e-01 7.908328871997935148e+23
9.848484848484848619e-01 7.641120578330848500e+23
9.949494949494950280e-01 7.730216190479044497e+23
1.005050505050505194e+00 8.006911586977164737e+23
1.015151515151515138e+00 8.626569425754445264e+23
1.025252525252525304e+00 9.120683480167265086e+23
1.035353535353535470e+00 9.515360937111505873e+23
1.045454545454545414e+00 9.861617132014139846e+23
1.055555555555555580e+00 1.000941878660097611e+24
1.065656565656565746e+00 9.869968607163135694e+23
1.075757575757575690e+00 9.573193641510406455e+23
1.085858585858585856e+00 9.415329864492113933e+23
1.095959595959596022e+00 9.181438120004403646e+23
1.106060606060605966e+00 9.013227593058205051e+23
1.116161616161616355e+00 8.688680910087318007e+23
1.126262626262626299e+00 8.453882681066610586e+23
1.136363636363636465e+00 8.091720492856044400e+23
1.146464646464646631e+00 8.056522519896337741e+23
1.156565656565656575e+00 7.679703817058457013e+23
1.166666666666666741e+00 7.603899948706497204e+23
1.176767676767676907e+00 7.523353970090901357e+23
1.186868686868686851e+00 7.413001367701516620e+23
1.196969696969697017e+00 7.385876727577819407e+23
1.207070707070707183e+00 7.244334716185057941e+23
1.217171717171717127e+00 7.160963359307234940e+23
1.227272727272727293e+00 6.976520418152112319e+23
1.237373737373737459e+00 7.069738445255218173e+23
1.247474747474747403e+00 7.035173137971164521e+23
1.257575757575757791e+00 7.045182658358973091e+23
1.267676767676767735e+00 7.017628554974809828e+23
1.277777777777777679e+00 6.931961443150938442e+23
1.287878787878788067e+00 6.740808498839003972e+23
1.297979797979798011e+00 6.744756534416342044e+23
1.308080808080808177e+00 6.644556126450960973e+23
1.318181818181818343e+00 6.513404099542528337e+23
1.328282828282828287e+00 6.143033830795101780e+23
1.338383838383838453e+00 5.980156286383650232e+23
1.348484848484848619e+00 5.583796644906594017e+23
1.358585858585858563e+00 5.037236551537178916e+23
1.368686868686868729e+00 4.580177033994452966e+23
1.378787878787878896e+00 4.128746655697969946e+23
1.388888888888888840e+00 3.692320830208004661e+23
1.398989898989899228e+00 3.503218284734419430e+23
1.409090909090909172e+00 3.351721156437348031e+23
1.419191919191919116e+00 3.190751336828050625e+23
1.429292929292929504e+00 2.965022636880927004e+23
1.439393939393939448e+00 2.629567695180593334e+23
1.449494949494949614e+00 2.196453276424641026e+23
1.459595959595959780e+00 1.815959996578796164e+23
1.469696969696969724e+00 1.591436640035941982e+23
1.479797979797979890e+00 1.508322979128797120e+23
1.489898989898990056e+00 1.426616873249190634e+23
1.500000000000000000e+00 1.209881411397963156e+23
