5.000000000000000000e-01 2.376846371827809387e+25
5.101010101010100550e-01 1.892666263798171156e+25
5.202020202020202211e-01 1.373531881591862538e+25
5.303030303030302761e-01 1.557214759245073095e+25
5.404040404040404422e-01 2.159462791549887468e+25
5.505050505050504972e-01 2.483162797790828860e+25
5.606060606060605522e-01 2.389953244660781866e+25
5.707070707070707183e-01 1.874308179388165871e+25
5.808080808080807733e-01 1.443648647568935308e+25
5.909090909090909394e-01 1.569638756670866939e+25
6.010101010101009944e-01 2.086731891353269134e+25
6.111111111111111605e-01 2.424240669039187653e+25
6.212121212121212155e-01 2.437823467869261838e+25
6.313131313131312705e-01 2.042279158068744778e+25
6.414141414141414366e-01 1.556000963485023006e+25
6.515151515151514916e-01 1.429563982007905762e+25
6.616161616161616577e-01 1.802354694162103933e+25
6.717171717171717127e-01 2.264165127406457355e+25
6.818181818181818787e-01 2.450824271923810487e+25
6.919191919191919338e-01 2.311214931672259095e+25
7.020202020202019888e-01 1.929289045976308571e+25
7.121212121212121549e-01 1.505013932280988884e+25
7.222222222222222099e-01 1.471108009628457504e+25
7.323232323232323759e-01 1.852399788496874261e+25
7.424242424242424310e-01 2.228317339063716662e+25
7.525252525252525970e-01 2.397718862747211745e+25
7.626262626262626521e-01 2.275362070474898132e+25
7.727272727272727071e-01 2.003949360310886464e+25
7.828282828282828731e-01 1.627101402089826338e+25
7.929292929292929282e-01 1.467094459286620148e+25
8.030303030303029832e-01 1.628756882078291310e+25
8.131313131313131493e-01 1.917757063918629045e+25
8.232323232323233153e-01 2.199933333957499775e+25
8.333333333333333703e-01 2.295969850616842757e+25
8.434343434343434254e-01 2.257522454865514546e+25
8.535353535353535914e-01 2.031256997900402399e+25
8.636363636363636465e-01 1.719169332346011631e+25
8.737373737373737015e-01 1.495511207363567869e+25
8.838383838383838675e-01 1.475555519624628877e+25
8.939393939393940336e-01 1.641839428267516584e+25
9.040404040404040886e-01 1.908907238449266888e+25
9.141414141414141437e-01 2.103295684025654783e+25
9.242424242424243097e-01 2.177167054174630211e+25
9.343434343434343647e-01 2.172016723229250504e+25
9.444444444444444198e-01 2.062910918977985226e+25
9.545454545454545858e-01 1.906794970960676684e+25
9.646464646464647519e-01 1.689658922929793855e+25
9.747474747474748069e-01 1.563222402621278453e+25
9.848484848484848619e-01 1.456338047525089648e+25
9.949494949494950280e-01 1.474920259875590504e+25
1.005050505050505194e+00 1.523222021603244819e+25
1.015151515151515138e+00 1.656851503886851878e+25
1.025252525252525304e+00 1.770373573961513683e+25
1.035353535353535470e+00 1.852586100612018728e+25
1.045454545454545414e+00 1.934502672312291194e+25
1.055555555555555580e+00 1.970230556818552775e+25
1.065656565656565746e+00 1.963145393004141858e+25
1.075757575757575690e+00 1.927093191678634371e+25
1.085858585858585856e+00 1.885584789332574980e+25
1.095959595959596022e+00 1.807026562683071798e+25
1.106060606060605966e+00 1.759739602463772430e+25
1.116161616161616355e+00 1.688951259710266172e+25
1.126262626262626299e+00 1.604388156696168688e+25
1.136363636363636465e+00 1.564635769093775987e+25
1.146464646464646631e+00 1.499136453742653639e+25
1.156565656565656575e+00 1.472395015904050127e+25
1.166666666666666741e+00 1.433488296225286547e+25
1.176767676767676907e+00 1.392585177669145752e+25
1.186868686868686851e+00 1.369895913042783925e+25
1.196969696969697017e+00 1.353257641641200673e+25
1.207070707070707183e+00 1.343985385732550567e+25
1.217171717171717127e+00 1.323995917393526594e+25
1.227272727272727293e+00 1.314958857471816284e+25
1.237373737373737459e+00 1.314840798309744543e+25
1.247474747474747403e+00 1.313936907850132775e+25
1.257575757575757791e+00 1.299840713074057161e+25
1.267676767676767735e+00 1.304384607308013666e+25
1.277777777777777679e+00 1.315328138229741857e+25
1.287878787878788067e+00 1.300198003448334822e+25
1.297979797979798011e+00 1.298554052674915919e+25
1.308080808080808177e+00 1.295833273216194221e+25
1.318181818181818343e+00 1.252577964206354536e+25
1.328282828282828287e+00 1.189676988050164640e+25
1.338383838383838453e+00 1.162150295374773404e+25
1.348484848484848619e+00 1.059569911547432419e+25
1.358585858585858563e+00 9.829693456127516633e+24
1.368686868686868729e+00 9.095060520303318291e+24
1.378787878787878896e+00 8.289590934314570664e+24
1.388888888888888840e+00 7.791302295248757525e+24
1.398989898989899228e+00 7.554591945912659648e+24
1.409090909090909172e+00 7.376685781458281698e+24
1.419191919191919116e+00 7.252365102695020782e+24
1.429292929292929504e+00 6.618935616545211468e+24
1.439393939393939448e+00 5.889837856864630599e+24
1.449494949494949614e+00 4.989641934214375210e+24
1.459595959595959780e+00 4.279709188704873958e+24
1.469696969696969724e+00 3.927103422730805851e+24
1.479797979797979890e+00 3.751159818907644907e+24
1.489898989898990056e+00 3.520211771251572051e+24
1.500000000000000000e+00 2.871201703888505807e+24
