5.000000000000000000e-01 4.217496640000000000e+08
5.101010101010100550e-01 3.587765440000000000e+08
5.202020202020202211e-01 3.480051840000000000e+08
5.303030303030302761e-01 3.360698240000000000e+08
5.404040404040404422e-01 3.735302720000000000e+08
5.505050505050504972e-01 4.194269440000000000e+08
5.606060606060605522e-01 4.216576320000000000e+08
5.707070707070707183e-01 3.513157760000000000e+08
5.808080808080807733e-01 3.560442880000000000e+08
5.909090909090909394e-01 3.319561920000000000e+08
6.010101010101009944e-01 4.186042880000000000e+08
6.111111111111111605e-01 4.591340800000000000e+08
6.212121212121212155e-01 4.725359040000000000e+08
6.313131313131312705e-01 4.382927040000000000e+08
6.414141414141414366e-01 3.938604800000000000e+08
6.515151515151514916e-01 3.872089920000000000e+08
6.616161616161616577e-01 4.188173760000000000e+08
6.717171717171717127e-01 5.010032320000000000e+08
6.818181818181818787e-01 5.007593280000000000e+08
6.919191919191919338e-01 5.510277760000000000e+08
7.020202020202019888e-01 5.057900800000000000e+08
7.121212121212121549e-01 4.773032960000000000e+08
7.222222222222222099e-01 4.626493760000000000e+08
7.323232323232323759e-01 5.315484160000000000e+08
7.424242424242424310e-01 6.077340800000000000e+08
7.525252525252525970e-01 6.149548160000000000e+08
7.626262626262626521e-01 6.060984960000000000e+08
7.727272727272727071e-01 5.926064640000000000e+08
7.828282828282828731e-01 5.780351360000000000e+08
7.929292929292929282e-01 6.042569600000000000e+08
8.030303030303029832e-01 7.025896960000000000e+08
8.131313131313131493e-01 7.129104000000000000e+08
8.232323232323233153e-01 7.642096000000000000e+08
8.333333333333333703e-01 7.777166080000000000e+08
8.434343434343434254e-01 8.285482240000000000e+08
8.535353535353535914e-01 8.721610880000000000e+08
8.636363636363636465e-01 8.722405120000000000e+08
8.737373737373737015e-01 9.157863040000000000e+08
8.838383838383838675e-01 9.562305280000000000e+08
8.939393939393940336e-01 1.046507776000000000e+09
9.040404040404040886e-01 1.191695744000000000e+09
9.141414141414141437e-01 1.231150336000000000e+09
9.242424242424243097e-01 1.205174272000000000e+09
9.343434343434343647e-01 1.194566784000000000e+09
9.444444444444444198e-01 1.185168000000000000e+09
9.545454545454545858e-01 1.121255680000000000e+09
9.646464646464647519e-01 1.037526080000000000e+09
9.747474747474748069e-01 9.687797760000000000e+08
9.848484848484848619e-01 1.087739136000000000e+09
9.949494949494950280e-01 9.469450240000000000e+08
1.005050505050505194e+00 9.443488640000000000e+08
1.015151515151515138e+00 7.585443200000000000e+08
1.025252525252525304e+00 7.212430720000000000e+08
1.035353535353535470e+00 6.624341120000000000e+08
1.045454545454545414e+00 4.890263360000000000e+08
1.055555555555555580e+00 5.120072320000000000e+08
1.065656565656565746e+00 4.791041280000000000e+08
1.075757575757575690e+00 4.043063680000000000e+08
1.085858585858585856e+00 3.663233920000000000e+08
1.095959595959596022e+00 3.237825600000000000e+08
1.106060606060605966e+00 3.020038400000000000e+08
1.116161616161616355e+00 2.719230720000000000e+08
1.126262626262626299e+00 2.539922880000000000e+08
1.136363636363636465e+00 2.488895040000000000e+08
1.146464646464646631e+00 2.226089760000000000e+08
1.156565656565656575e+00 1.934470880000000000e+08
1.166666666666666741e+00 1.749862400000000000e+08
1.176767676767676907e+00 1.754301440000000000e+08
1.186868686868686851e+00 1.502819040000000000e+08
1.196969696969697017e+00 1.387836800000000000e+08
1.207070707070707183e+00 1.481515680000000000e+08
1.217171717171717127e+00 1.276088640000000000e+08
1.227272727272727293e+00 1.113484480000000000e+08
1.237373737373737459e+00 1.089383440000000000e+08
1.247474747474747403e+00 9.792006400000000000e+07
1.257575757575757791e+00 8.770944800000000000e+07
1.267676767676767735e+00 8.132159200000000000e+07
1.277777777777777679e+00 7.470790400000000000e+07
1.287878787878788067e+00 6.750520800000000000e+07
1.297979797979798011e+00 6.287699200000000000e+07
1.308080808080808177e+00 5.163205600000000000e+07
1.318181818181818343e+00 5.039616800000000000e+07
1.328282828282828287e+00 4.967464400000000000e+07
1.338383838383838453e+00 4.714121600000000000e+07
1.348484848484848619e+00 4.979305600000000000e+07
1.358585858585858563e+00 4.737153600000000000e+07
1.368686868686868729e+00 3.943199200000000000e+07
1.378787878787878896e+00 3.565043200000000000e+07
1.388888888888888840e+00 2.764677400000000000e+07
1.398989898989899228e+00 2.213074400000000000e+07
1.409090909090909172e+00 1.988809000000000000e+07
1.419191919191919116e+00 2.180801000000000000e+07
1.429292929292929504e+00 2.161082000000000000e+07
1.439393939393939448e+00 2.224750200000000000e+07
1.449494949494949614e+00 1.896214600000000000e+07
1.459595959595959780e+00 1.283595200000000000e+07
1.469696969696969724e+00 9.377162000000000000e+06
1.479797979797979890e+00 9.245875000000000000e+06
1.489898989898990056e+00 1.089277600000000000e+07
1.500000000000000000e+00 9.909850000000000000e+06
