5.000000000000000000e-01 1.601636657004544000e+15
5.101010101010100550e-01 1.313286511394816000e+15
5.202020202020202211e-01 1.010563794599936000e+15
5.303030303030302761e-01 1.108495826944000000e+15
5.404040404040404422e-01 1.394890487365632000e+15
5.505050505050504972e-01 1.648621854392320000e+15
5.606060606060605522e-01 1.573083982856192000e+15
5.707070707070707183e-01 1.337342086348800000e+15
5.808080808080807733e-01 1.075995004108800000e+15
5.909090909090909394e-01 1.118593295056896000e+15
6.010101010101009944e-01 1.403275874140160000e+15
6.111111111111111605e-01 1.613229981696000000e+15
6.212121212121212155e-01 1.661173627879424000e+15
6.313131313131312705e-01 1.447313247567872000e+15
6.414141414141414366e-01 1.192689735303168000e+15
6.515151515151514916e-01 1.102446499725312000e+15
6.616161616161616577e-01 1.301560713805824000e+15
6.717171717171717127e-01 1.551483652800512000e+15
6.818181818181818787e-01 1.683865550716928000e+15
6.919191919191919338e-01 1.597258608934912000e+15
7.020202020202019888e-01 1.416912261087232000e+15
7.121212121212121549e-01 1.187646369955840000e+15
7.222222222222222099e-01 1.175864335138816000e+15
7.323232323232323759e-01 1.328109248839680000e+15
7.424242424242424310e-01 1.522383638757376000e+15
7.525252525252525970e-01 1.640719517220864000e+15
7.626262626262626521e-01 1.652577250836480000e+15
7.727272727272727071e-01 1.535311624536064000e+15
7.828282828282828731e-01 1.328410299203584000e+15
7.929292929292929282e-01 1.189811167690752000e+15
8.030303030303029832e-01 1.251241548054528000e+15
8.131313131313131493e-01 1.421052475342848000e+15
8.232323232323233153e-01 1.592537231917056000e+15
8.333333333333333703e-01 1.681223340523520000e+15
8.434343434343434254e-01 1.692720296886272000e+15
8.535353535353535914e-01 1.571694829371392000e+15
8.636363636363636465e-01 1.395773774233600000e+15
8.737373737373737015e-01 1.285383719485440000e+15
8.838383838383838675e-01 1.276477433708544000e+15
8.939393939393940336e-01 1.337883520663552000e+15
9.040404040404040886e-01 1.453852469493760000e+15
9.141414141414141437e-01 1.585206930702336000e+15
9.242424242424243097e-01 1.691627361927168000e+15
9.343434343434343647e-01 1.726410154573824000e+15
9.444444444444444198e-01 1.657089516634112000e+15
9.545454545454545858e-01 1.571331367763968000e+15
9.646464646464647519e-01 1.471011266494464000e+15
9.747474747474748069e-01 1.404333912489984000e+15
9.848484848484848619e-01 1.351616410157056000e+15
9.949494949494950280e-01 1.359748393861120000e+15
1.005050505050505194e+00 1.424604547514368000e+15
1.015151515151515138e+00 1.506157520748544000e+15
1.025252525252525304e+00 1.582866576179200000e+15
1.035353535353535470e+00 1.683346128109568000e+15
1.045454545454545414e+00 1.703806949654528000e+15
1.055555555555555580e+00 1.747946194337792000e+15
1.065656565656565746e+00 1.801676100993024000e+15
1.075757575757575690e+00 1.783074194980864000e+15
1.085858585858585856e+00 1.753217864040448000e+15
1.095959595959596022e+00 1.717537020575744000e+15
1.106060606060605966e+00 1.731502240956416000e+15
1.116161616161616355e+00 1.711033634783232000e+15
1.126262626262626299e+00 1.673592391598080000e+15
1.136363636363636465e+00 1.684880773611520000e+15
1.146464646464646631e+00 1.650572172197888000e+15
1.156565656565656575e+00 1.691074653323264000e+15
1.166666666666666741e+00 1.702732805177344000e+15
1.176767676767676907e+00 1.687405140639744000e+15
1.186868686868686851e+00 1.703230752948224000e+15
1.196969696969697017e+00 1.736750422556672000e+15
1.207070707070707183e+00 1.695987022168064000e+15
1.217171717171717127e+00 1.711865247825920000e+15
1.227272727272727293e+00 1.784846674296832000e+15
1.237373737373737459e+00 1.702750387699712000e+15
1.247474747474747403e+00 1.662610294439936000e+15
1.257575757575757791e+00 1.677791527436288000e+15
1.267676767676767735e+00 1.601945760432128000e+15
1.277777777777777679e+00 1.548614211993600000e+15
1.287878787878788067e+00 1.463084904349696000e+15
1.297979797979798011e+00 1.380747025842176000e+15
1.308080808080808177e+00 1.306215787266048000e+15
1.318181818181818343e+00 1.181888966295552000e+15
1.328282828282828287e+00 1.110234282065920000e+15
1.338383838383838453e+00 9.966610525716480000e+14
1.348484848484848619e+00 9.240066475950080000e+14
1.358585858585858563e+00 7.979700940963840000e+14
1.368686868686868729e+00 7.150003856343040000e+14
1.378787878787878896e+00 6.099126022307840000e+14
1.388888888888888840e+00 5.096899430318080000e+14
1.398989898989899228e+00 4.347539037880320000e+14
1.409090909090909172e+00 3.907444476477440000e+14
1.419191919191919116e+00 3.527206995230720000e+14
1.429292929292929504e+00 3.308732410757120000e+14
1.439393939393939448e+00 3.012148477296640000e+14
1.449494949494949614e+00 2.546591135170560000e+14
1.459595959595959780e+00 1.959382199828480000e+14
1.469696969696969724e+00 1.617886497996800000e+14
1.479797979797979890e+00 1.518903607951360000e+14
1.489898989898990056e+00 1.443066061783040000e+14
1.500000000000000000e+00 1.268313992724480000e+14
