5.000000000000000000e-01 2.266242220032000000e+12
5.101010101010100550e-01 1.958880739328000000e+12
5.202020202020202211e-01 1.552611803136000000e+12
5.303030303030302761e-01 1.664633929728000000e+12
5.404040404040404422e-01 2.047099404288000000e+12
5.505050505050504972e-01 2.381943930880000000e+12
5.606060606060605522e-01 2.277882724352000000e+12
5.707070707070707183e-01 1.999114076160000000e+12
5.808080808080807733e-01 1.620970569728000000e+12
5.909090909090909394e-01 1.660093333504000000e+12
6.010101010101009944e-01 2.069791506432000000e+12
6.111111111111111605e-01 2.364218277888000000e+12
6.212121212121212155e-01 2.497405779968000000e+12
6.313131313131312705e-01 2.178826633216000000e+12
6.414141414141414366e-01 1.774120861696000000e+12
6.515151515151514916e-01 1.675413553152000000e+12
6.616161616161616577e-01 1.918875336704000000e+12
6.717171717171717127e-01 2.291055198208000000e+12
6.818181818181818787e-01 2.426366328832000000e+12
6.919191919191919338e-01 2.437208604672000000e+12
7.020202020202019888e-01 2.145027489792000000e+12
7.121212121212121549e-01 1.879908417536000000e+12
7.222222222222222099e-01 1.709143228416000000e+12
7.323232323232323759e-01 2.031882338304000000e+12
7.424242424242424310e-01 2.304048365568000000e+12
7.525252525252525970e-01 2.552758534144000000e+12
7.626262626262626521e-01 2.445707575296000000e+12
7.727272727272727071e-01 2.392084971520000000e+12
7.828282828282828731e-01 1.963451088896000000e+12
7.929292929292929282e-01 1.885410164736000000e+12
8.030303030303029832e-01 2.026942234624000000e+12
8.131313131313131493e-01 2.199409393664000000e+12
8.232323232323233153e-01 2.494532157440000000e+12
8.333333333333333703e-01 2.605489848320000000e+12
8.434343434343434254e-01 2.466723659776000000e+12
8.535353535353535914e-01 2.496366641152000000e+12
8.636363636363636465e-01 2.193282170880000000e+12
8.737373737373737015e-01 2.027967086592000000e+12
8.838383838383838675e-01 1.982245765120000000e+12
8.939393939393940336e-01 2.207680823296000000e+12
9.040404040404040886e-01 2.264533565440000000e+12
9.141414141414141437e-01 2.467218325504000000e+12
9.242424242424243097e-01 2.773111275520000000e+12
9.343434343434343647e-01 2.675353845760000000e+12
9.444444444444444198e-01 2.604183846912000000e+12
9.545454545454545858e-01 2.611418759168000000e+12
9.646464646464647519e-01 2.444354387968000000e+12
9.747474747474748069e-01 2.353832394752000000e+12
9.848484848484848619e-01 2.307335389184000000e+12
9.949494949494950280e-01 2.412024168448000000e+12
1.005050505050505194e+00 2.483941801984000000e+12
1.015151515151515138e+00 2.694771113984000000e+12
1.025252525252525304e+00 2.747821719552000000e+12
1.035353535353535470e+00 2.770318131200000000e+12
1.045454545454545414e+00 2.922214064128000000e+12
1.055555555555555580e+00 2.954468261888000000e+12
1.065656565656565746e+00 2.955408048128000000e+12
1.075757575757575690e+00 3.053073465344000000e+12
1.085858585858585856e+00 3.026463227904000000e+12
1.095959595959596022e+00 3.162234683392000000e+12
1.106060606060605966e+00 3.086863040512000000e+12
1.116161616161616355e+00 3.070393843712000000e+12
1.126262626262626299e+00 3.053811924992000000e+12
1.136363636363636465e+00 3.236830642176000000e+12
1.146464646464646631e+00 3.252416937984000000e+12
1.156565656565656575e+00 3.151216508928000000e+12
1.166666666666666741e+00 3.248795942912000000e+12
1.176767676767676907e+00 3.032939495424000000e+12
1.186868686868686851e+00 3.403532468224000000e+12
1.196969696969697017e+00 3.558501253120000000e+12
1.207070707070707183e+00 3.433841033216000000e+12
1.217171717171717127e+00 3.353721176064000000e+12
1.227272727272727293e+00 3.385895419904000000e+12
1.237373737373737459e+00 3.158927474688000000e+12
1.247474747474747403e+00 3.028091928576000000e+12
1.257575757575757791e+00 2.800401514496000000e+12
1.267676767676767735e+00 2.417440587776000000e+12
1.277777777777777679e+00 2.325506949120000000e+12
1.287878787878788067e+00 2.204755820544000000e+12
1.297979797979798011e+00 1.859550183424000000e+12
1.308080808080808177e+00 1.691039563776000000e+12
1.318181818181818343e+00 1.509438128128000000e+12
1.328282828282828287e+00 1.383912308736000000e+12
1.338383838383838453e+00 1.211866808320000000e+12
1.348484848484848619e+00 1.176734793728000000e+12
1.358585858585858563e+00 1.012437745664000000e+12
1.368686868686868729e+00 8.630633758720000000e+11
1.378787878787878896e+00 7.620377313280000000e+11
1.388888888888888840e+00 5.903887237120000000e+11
1.398989898989899228e+00 4.970483875840000000e+11
1.409090909090909172e+00 4.295829749760000000e+11
1.419191919191919116e+00 4.275619430400000000e+11
1.429292929292929504e+00 3.809872773120000000e+11
1.439393939393939448e+00 3.667414876160000000e+11
1.449494949494949614e+00 3.098089226240000000e+11
1.459595959595959780e+00 2.434628485120000000e+11
1.469696969696969724e+00 1.961223782400000000e+11
1.479797979797979890e+00 1.794343075840000000e+11
1.489898989898990056e+00 1.871423897600000000e+11
1.500000000000000000e+00 1.631670599680000000e+11
