5.000000000000000000e-01 2.179098129272460938e+00
5.101010101010100550e-01 2.749842882156372070e+00
5.202020202020202211e-01 4.953105926513671875e+00
5.303030303030302761e-01 6.240634441375732422e+00
5.404040404040404422e-01 6.037216663360595703e+00
5.505050505050504972e-01 4.312514781951904297e+00
5.606060606060605522e-01 2.220678806304931641e+00
5.707070707070707183e-01 2.845079660415649414e+00
5.808080808080807733e-01 5.203576087951660156e+00
5.909090909090909394e-01 6.561347007751464844e+00
6.010101010101009944e-01 6.624679565429687500e+00
6.111111111111111605e-01 5.119186401367187500e+00
6.212121212121212155e-01 2.880872726440429688e+00
6.313131313131312705e-01 2.418049097061157227e+00
6.414141414141414366e-01 4.822359561920166016e+00
6.515151515151514916e-01 6.847551345825195312e+00
6.616161616161616577e-01 7.581296443939208984e+00
6.717171717171717127e-01 6.780140876770019531e+00
6.818181818181818787e-01 4.594007015228271484e+00
6.919191919191919338e-01 2.468122959136962891e+00
7.020202020202019888e-01 3.152201414108276367e+00
7.121212121212121549e-01 5.860694885253906250e+00
7.222222222222222099e-01 7.966175556182861328e+00
7.323232323232323759e-01 8.511281967163085938e+00
7.424242424242424310e-01 7.831279277801513672e+00
7.525252525252525970e-01 5.822326660156250000e+00
7.626262626262626521e-01 3.114510059356689453e+00
7.727272727272727071e-01 2.747399806976318359e+00
7.828282828282828731e-01 5.502082347869873047e+00
7.929292929292929282e-01 8.219054222106933594e+00
8.030303030303029832e-01 9.800023078918457031e+00
8.131313131313131493e-01 1.043165111541748047e+01
8.232323232323233153e-01 9.321268081665039062e+00
8.333333333333333703e-01 7.323358535766601562e+00
8.434343434343434254e-01 4.239206790924072266e+00
8.535353535353535914e-01 2.607074975967407227e+00
8.636363636363636465e-01 5.272958278656005859e+00
8.737373737373737015e-01 8.796846389770507812e+00
8.838383838383838675e-01 1.191554260253906250e+01
8.939393939393940336e-01 1.410307025909423828e+01
9.040404040404040886e-01 1.531528091430664062e+01
9.141414141414141437e-01 1.527860641479492188e+01
9.242424242424243097e-01 1.400878238677978516e+01
9.343434343434343647e-01 1.242528724670410156e+01
9.444444444444444198e-01 8.678227424621582031e+00
9.545454545454545858e-01 2.477437019348144531e+00
9.646464646464647519e-01 1.906357049942016602e+00
9.747474747474748069e-01 4.075913906097412109e+00
9.848484848484848619e-01 5.697475910186767578e+00
9.949494949494950280e-01 3.495219421386718750e+02
1.005050505050505194e+00 2.788242431640625000e+03
1.015151515151515138e+00 8.442858398437500000e+03
1.025252525252525304e+00 9.122182617187500000e+03
1.035353535353535470e+00 3.576601318359375000e+03
1.045454545454545414e+00 4.955667114257812500e+02
1.055555555555555580e+00 3.138103485107421875e+01
1.065656565656565746e+00 6.071008205413818359e+00
1.075757575757575690e+00 7.157682418823242188e+00
1.085858585858585856e+00 7.481898307800292969e+00
1.095959595959596022e+00 7.972459793090820312e+00
1.106060606060605966e+00 8.382328033447265625e+00
1.116161616161616355e+00 9.329355239868164062e+00
1.126262626262626299e+00 1.014204978942871094e+01
1.136363636363636465e+00 1.265221881866455078e+01
1.146464646464646631e+00 1.935103797912597656e+01
1.156565656565656575e+00 2.933575057983398438e+01
1.166666666666666741e+00 4.042892837524414062e+01
1.176767676767676907e+00 3.155940818786621094e+01
1.186868686868686851e+00 2.099195480346679688e+01
1.196969696969697017e+00 1.220202827453613281e+01
1.207070707070707183e+00 7.663135528564453125e+00
1.217171717171717127e+00 5.734262466430664062e+00
1.227272727272727293e+00 4.682598114013671875e+00
1.237373737373737459e+00 3.697240352630615234e+00
1.247474747474747403e+00 3.054073810577392578e+00
1.257575757575757791e+00 2.309833526611328125e+00
1.267676767676767735e+00 1.882879853248596191e+00
1.277777777777777679e+00 1.446518659591674805e+00
1.287878787878788067e+00 1.335863471031188965e+00
1.297979797979798011e+00 1.262572050094604492e+00
1.308080808080808177e+00 1.304185271263122559e+00
1.318181818181818343e+00 1.434252262115478516e+00
1.328282828282828287e+00 1.590949058532714844e+00
1.338383838383838453e+00 1.649856209754943848e+00
1.348484848484848619e+00 1.574593424797058105e+00
1.358585858585858563e+00 1.446450948715209961e+00
1.368686868686868729e+00 1.265178680419921875e+00
1.378787878787878896e+00 9.907026290893554688e-01
1.388888888888888840e+00 6.420512795448303223e-01
1.398989898989899228e+00 3.640971183776855469e-01
1.409090909090909172e+00 3.049044013023376465e-01
1.419191919191919116e+00 4.754050672054290771e-01
1.429292929292929504e+00 6.013220548629760742e-01
1.439393939393939448e+00 6.080699563026428223e-01
1.449494949494949614e+00 4.771978259086608887e-01
1.459595959595959780e+00 2.984484732151031494e-01
1.469696969696969724e+00 1.193115785717964172e-01
1.479797979797979890e+00 2.150900214910507202e-01
1.489898989898990056e+00 2.967416644096374512e-01
1.500000000000000000e+00 2.802412807941436768e-01
