5.000000000000000000e-01 1.880434688000000000e+09
5.101010101010100550e-01 1.574638208000000000e+09
5.202020202020202211e-01 1.344884736000000000e+09
5.303030303030302761e-01 1.420852864000000000e+09
5.404040404040404422e-01 1.704326656000000000e+09
5.505050505050504972e-01 1.869907072000000000e+09
5.606060606060605522e-01 1.830293120000000000e+09
5.707070707070707183e-01 1.731341184000000000e+09
5.808080808080807733e-01 1.456727936000000000e+09
5.909090909090909394e-01 1.416831360000000000e+09
6.010101010101009944e-01 1.701579136000000000e+09
6.111111111111111605e-01 1.999610752000000000e+09
6.212121212121212155e-01 1.850789504000000000e+09
6.313131313131312705e-01 1.828685440000000000e+09
6.414141414141414366e-01 1.580270336000000000e+09
6.515151515151514916e-01 1.592000128000000000e+09
6.616161616161616577e-01 1.646933504000000000e+09
6.717171717171717127e-01 1.926446336000000000e+09
6.818181818181818787e-01 2.129176192000000000e+09
6.919191919191919338e-01 1.981164544000000000e+09
7.020202020202019888e-01 1.776739712000000000e+09
7.121212121212121549e-01 1.742669056000000000e+09
7.222222222222222099e-01 1.668539008000000000e+09
7.323232323232323759e-01 1.887229184000000000e+09
7.424242424242424310e-01 2.013981312000000000e+09
7.525252525252525970e-01 2.204946944000000000e+09
7.626262626262626521e-01 2.263792896000000000e+09
7.727272727272727071e-01 2.103964544000000000e+09
7.828282828282828731e-01 1.906568960000000000e+09
7.929292929292929282e-01 1.892489472000000000e+09
8.030303030303029832e-01 1.936660352000000000e+09
8.131313131313131493e-01 2.192484096000000000e+09
8.232323232323233153e-01 2.309718784000000000e+09
8.333333333333333703e-01 2.417374464000000000e+09
8.434343434343434254e-01 2.506368256000000000e+09
8.535353535353535914e-01 2.466471168000000000e+09
8.636363636363636465e-01 2.366809600000000000e+09
8.737373737373737015e-01 2.231041536000000000e+09
8.838383838383838675e-01 2.395478784000000000e+09
8.939393939393940336e-01 2.450081024000000000e+09
9.040404040404040886e-01 2.676657152000000000e+09
9.141414141414141437e-01 2.923532544000000000e+09
9.242424242424243097e-01 3.047931392000000000e+09
9.343434343434343647e-01 3.008064512000000000e+09
9.444444444444444198e-01 3.037907200000000000e+09
9.545454545454545858e-01 3.169217024000000000e+09
9.646464646464647519e-01 3.156834304000000000e+09
9.747474747474748069e-01 3.194854656000000000e+09
9.848484848484848619e-01 3.300304896000000000e+09
9.949494949494950280e-01 3.484707072000000000e+09
1.005050505050505194e+00 3.711587840000000000e+09
1.015151515151515138e+00 4.062808320000000000e+09
1.025252525252525304e+00 4.283548160000000000e+09
1.035353535353535470e+00 4.458920960000000000e+09
1.045454545454545414e+00 4.666182144000000000e+09
1.055555555555555580e+00 4.848821760000000000e+09
1.065656565656565746e+00 4.754398208000000000e+09
1.075757575757575690e+00 4.847004672000000000e+09
1.085858585858585856e+00 4.620940288000000000e+09
1.095959595959596022e+00 4.539689984000000000e+09
1.106060606060605966e+00 4.118344960000000000e+09
1.116161616161616355e+00 3.871140352000000000e+09
1.126262626262626299e+00 3.621447936000000000e+09
1.136363636363636465e+00 3.075520256000000000e+09
1.146464646464646631e+00 2.974164224000000000e+09
1.156565656565656575e+00 2.511926272000000000e+09
1.166666666666666741e+00 2.352738816000000000e+09
1.176767676767676907e+00 2.075858816000000000e+09
1.186868686868686851e+00 1.842872704000000000e+09
1.196969696969697017e+00 1.604496896000000000e+09
1.207070707070707183e+00 1.524030464000000000e+09
1.217171717171717127e+00 1.344652416000000000e+09
1.227272727272727293e+00 1.218557184000000000e+09
1.237373737373737459e+00 1.047380800000000000e+09
1.247474747474747403e+00 9.066058880000000000e+08
1.257575757575757791e+00 8.584191360000000000e+08
1.267676767676767735e+00 7.724227840000000000e+08
1.277777777777777679e+00 7.029082240000000000e+08
1.287878787878788067e+00 5.962768000000000000e+08
1.297979797979798011e+00 5.412482560000000000e+08
1.308080808080808177e+00 5.166810560000000000e+08
1.318181818181818343e+00 4.806229440000000000e+08
1.328282828282828287e+00 4.315982720000000000e+08
1.338383838383838453e+00 4.124927360000000000e+08
1.348484848484848619e+00 3.685179520000000000e+08
1.358585858585858563e+00 3.433543040000000000e+08
1.368686868686868729e+00 3.216518080000000000e+08
1.378787878787878896e+00 2.769088000000000000e+08
1.388888888888888840e+00 2.251495360000000000e+08
1.398989898989899228e+00 1.854956800000000000e+08
1.409090909090909172e+00 1.616171040000000000e+08
1.419191919191919116e+00 1.581116960000000000e+08
1.429292929292929504e+00 1.565739840000000000e+08
1.439393939393939448e+00 1.504682240000000000e+08
1.449494949494949614e+00 1.249591280000000000e+08
1.459595959595959780e+00 9.812296000000000000e+07
1.469696969696969724e+00 7.673915200000000000e+07
1.479797979797979890e+00 7.270950400000000000e+07
1.489898989898990056e+00 8.059287200000000000e+07
1.500000000000000000e+00 7.027255200000000000e+07
