5.000000000000000000e-01 9.041715621948242188e+00
5.101010101010100550e-01 1.335813713073730469e+01
5.202020202020202211e-01 1.085756587982177734e+01
5.303030303030302761e-01 1.457836818695068359e+01
5.404040404040404422e-01 1.143192005157470703e+01
5.505050505050504972e-01 1.307398319244384766e+01
5.606060606060605522e-01 1.238632869720458984e+01
5.707070707070707183e-01 1.365607070922851562e+01
5.808080808080807733e-01 2.112667083740234375e+01
5.909090909090909394e-01 2.333040046691894531e+01
6.010101010101009944e-01 2.898515892028808594e+01
6.111111111111111605e-01 2.455680847167968750e+01
6.212121212121212155e-01 3.845483779907226562e+01
6.313131313131312705e-01 4.336010742187500000e+01
6.414141414141414366e-01 3.693782424926757812e+01
6.515151515151514916e-01 4.980039978027343750e+01
6.616161616161616577e-01 5.751001739501953125e+01
6.717171717171717127e-01 3.348133468627929688e+01
6.818181818181818787e-01 3.825167083740234375e+01
6.919191919191919338e-01 3.280096817016601562e+01
7.020202020202019888e-01 2.317173576354980469e+01
7.121212121212121549e-01 2.643663024902343750e+01
7.222222222222222099e-01 1.756325149536132812e+01
7.323232323232323759e-01 3.891236114501953125e+01
7.424242424242424310e-01 1.636042594909667969e+01
7.525252525252525970e-01 4.879645538330078125e+01
7.626262626262626521e-01 4.584509277343750000e+01
7.727272727272727071e-01 6.061785888671875000e+01
7.828282828282828731e-01 7.510260772705078125e+01
7.929292929292929282e-01 9.351919555664062500e+01
8.030303030303029832e-01 1.336553649902343750e+02
8.131313131313131493e-01 1.431293182373046875e+02
8.232323232323233153e-01 1.811542053222656250e+02
8.333333333333333703e-01 2.007608032226562500e+02
8.434343434343434254e-01 2.371815338134765625e+02
8.535353535353535914e-01 2.715181579589843750e+02
8.636363636363636465e-01 3.111312866210937500e+02
8.737373737373737015e-01 3.612705078125000000e+02
8.838383838383838675e-01 4.260442199707031250e+02
8.939393939393940336e-01 5.107794494628906250e+02
9.040404040404040886e-01 5.698764038085937500e+02
9.141414141414141437e-01 6.398593750000000000e+02
9.242424242424243097e-01 6.812604370117187500e+02
9.343434343434343647e-01 7.286806640625000000e+02
9.444444444444444198e-01 7.784584350585937500e+02
9.545454545454545858e-01 8.197102050781250000e+02
9.646464646464647519e-01 8.524534912109375000e+02
9.747474747474748069e-01 9.071536865234375000e+02
9.848484848484848619e-01 9.572617797851562500e+02
9.949494949494950280e-01 9.744769897460937500e+02
1.005050505050505194e+00 9.929351806640625000e+02
1.015151515151515138e+00 9.827512207031250000e+02
1.025252525252525304e+00 9.892864379882812500e+02
1.035353535353535470e+00 9.962939453125000000e+02
1.045454545454545414e+00 9.731694335937500000e+02
1.055555555555555580e+00 9.099501342773437500e+02
1.065656565656565746e+00 8.333119506835937500e+02
1.075757575757575690e+00 7.679526367187500000e+02
1.085858585858585856e+00 7.356133422851562500e+02
1.095959595959596022e+00 6.917328491210937500e+02
1.106060606060605966e+00 6.350991821289062500e+02
1.116161616161616355e+00 5.782479248046875000e+02
1.126262626262626299e+00 5.382530517578125000e+02
1.136363636363636465e+00 4.937022399902343750e+02
1.146464646464646631e+00 4.293118591308593750e+02
1.156565656565656575e+00 3.718637695312500000e+02
1.166666666666666741e+00 3.252083435058593750e+02
1.176767676767676907e+00 2.789486694335937500e+02
1.186868686868686851e+00 2.336769866943359375e+02
1.196969696969697017e+00 1.970025787353515625e+02
1.207070707070707183e+00 1.601757965087890625e+02
1.217171717171717127e+00 1.288512878417968750e+02
1.227272727272727293e+00 9.916822052001953125e+01
1.237373737373737459e+00 7.514215850830078125e+01
1.247474747474747403e+00 5.972613525390625000e+01
1.257575757575757791e+00 4.870063781738281250e+01
1.267676767676767735e+00 4.101462936401367188e+01
1.277777777777777679e+00 3.293920516967773438e+01
1.287878787878788067e+00 2.440979766845703125e+01
1.297979797979798011e+00 1.818429946899414062e+01
1.308080808080808177e+00 1.488119983673095703e+01
1.318181818181818343e+00 1.109033775329589844e+01
1.328282828282828287e+00 7.858946800231933594e+00
1.338383838383838453e+00 4.419125080108642578e+00
1.348484848484848619e+00 4.937572479248046875e+00
1.358585858585858563e+00 4.283372402191162109e+00
1.368686868686868729e+00 2.636293649673461914e+00
1.378787878787878896e+00 5.511648058891296387e-01
1.388888888888888840e+00 2.152335047721862793e-01
1.398989898989899228e+00 1.007469296455383301e-01
1.409090909090909172e+00 1.099313572049140930e-01
1.419191919191919116e+00 1.086573377251625061e-01
1.429292929292929504e+00 1.603297591209411621e-01
1.439393939393939448e+00 1.476171612739562988e-01
1.449494949494949614e+00 1.229049414396286011e-01
1.459595959595959780e+00 9.292380511760711670e-02
1.469696969696969724e+00 5.776300653815269470e-02
1.479797979797979890e+00 6.857484579086303711e-02
1.489898989898990056e+00 5.257704108953475952e-02
1.500000000000000000e+00 8.139239996671676636e-02
