5.000000000000000000e-01 4.012962640100382353e+24
5.101010101010100550e-01 3.831193035684066858e+24
5.202020202020202211e-01 3.924816314696042019e+24
5.303030303030302761e-01 4.121474747422850335e+24
5.404040404040404422e-01 4.149924238470528891e+24
5.505050505050504972e-01 3.921118318970015557e+24
5.606060606060605522e-01 3.612602865405498644e+24
5.707070707070707183e-01 3.469921335220621386e+24
5.808080808080807733e-01 3.551537513222868539e+24
5.909090909090909394e-01 3.675356671131625477e+24
6.010101010101009944e-01 3.650861989075124557e+24
6.111111111111111605e-01 3.370621358950338263e+24
6.212121212121212155e-01 3.087170418895974203e+24
6.313131313131312705e-01 2.924558622891334533e+24
6.414141414141414366e-01 2.950754728858259007e+24
6.515151515151514916e-01 3.056262899200473849e+24
6.616161616161616577e-01 3.064815270921647440e+24
6.717171717171717127e-01 2.880671512896970296e+24
6.818181818181818787e-01 2.585925977322725260e+24
6.919191919191919338e-01 2.377403405852760185e+24
7.020202020202019888e-01 2.336865100483714611e+24
7.121212121212121549e-01 2.399603485884717327e+24
7.222222222222222099e-01 2.455330811501017731e+24
7.323232323232323759e-01 2.427410799654329869e+24
7.424242424242424310e-01 2.247163483969659641e+24
7.525252525252525970e-01 1.994769655176018673e+24
7.626262626262626521e-01 1.801726928402845505e+24
7.727272727272727071e-01 1.755650852816797093e+24
7.828282828282828731e-01 1.811882293360986841e+24
7.929292929292929282e-01 1.878926696466508054e+24
8.030303030303029832e-01 1.889859418749130557e+24
8.131313131313131493e-01 1.792601842924258463e+24
8.232323232323233153e-01 1.639417053717224753e+24
8.333333333333333703e-01 1.443062271691692265e+24
8.434343434343434254e-01 1.306371609875128336e+24
8.535353535353535914e-01 1.260097808251039850e+24
8.636363636363636465e-01 1.306606085286127754e+24
8.737373737373737015e-01 1.366567803358472955e+24
8.838383838383838675e-01 1.377408003690350758e+24
8.939393939393940336e-01 1.367094400255702132e+24
9.040404040404040886e-01 1.284871497311655626e+24
9.141414141414141437e-01 1.155354168981567423e+24
9.242424242424243097e-01 1.028912186707423946e+24
9.343434343434343647e-01 9.146255279139444952e+23
9.444444444444444198e-01 8.442749782787750720e+23
9.545454545454545858e-01 8.294520826668269542e+23
9.646464646464647519e-01 8.521921623085043281e+23
9.747474747474748069e-01 8.887596619004958453e+23
9.848484848484848619e-01 9.090291748729888220e+23
9.949494949494950280e-01 9.083699920027298573e+23
1.005050505050505194e+00 8.941825723126022259e+23
1.015151515151515138e+00 8.537124334275165317e+23
1.025252525252525304e+00 7.876676132664894544e+23
1.035353535353535470e+00 7.257047837501169567e+23
1.045454545454545414e+00 6.564105263859495191e+23
1.055555555555555580e+00 5.868634189243029924e+23
1.065656565656565746e+00 5.259042436064877740e+23
1.075757575757575690e+00 4.759922180306272875e+23
1.085858585858585856e+00 4.438632860873870363e+23
1.095959595959596022e+00 4.171101388897523608e+23
1.106060606060605966e+00 3.990856523171050669e+23
1.116161616161616355e+00 3.883176176656562489e+23
1.126262626262626299e+00 3.818506647735343304e+23
1.136363636363636465e+00 3.733038775158986789e+23
1.146464646464646631e+00 3.647185034166557171e+23
1.156565656565656575e+00 3.561931532932463492e+23
1.166666666666666741e+00 3.441742348380961212e+23
1.176767676767676907e+00 3.294705945442807741e+23
1.186868686868686851e+00 3.171006114909777612e+23
1.196969696969697017e+00 2.981960855223452534e+23
1.207070707070707183e+00 2.813078751500820451e+23
1.217171717171717127e+00 2.629806746248814159e+23
1.227272727272727293e+00 2.422150631318358149e+23
1.237373737373737459e+00 2.213888331878058070e+23
1.247474747474747403e+00 2.013969761395394761e+23
1.257575757575757791e+00 1.815311658376439907e+23
1.267676767676767735e+00 1.624670683270144915e+23
1.277777777777777679e+00 1.441646556141629095e+23
1.287878787878788067e+00 1.315129003465738342e+23
1.297979797979798011e+00 1.268447752176162392e+23
1.308080808080808177e+00 1.255590155384004721e+23
1.318181818181818343e+00 1.300294236365172475e+23
1.328282828282828287e+00 1.365882139322405051e+23
1.338383838383838453e+00 1.422582999062954881e+23
1.348484848484848619e+00 1.430235515549782827e+23
1.358585858585858563e+00 1.370325120498791141e+23
1.368686868686868729e+00 1.236691430051692266e+23
1.378787878787878896e+00 1.033016046831869037e+23
1.388888888888888840e+00 7.966153469917506463e+22
1.398989898989899228e+00 5.772958547823267991e+22
1.409090909090909172e+00 4.903601239794214188e+22
1.419191919191919116e+00 5.672063955011324032e+22
1.429292929292929504e+00 6.651851777703316082e+22
1.439393939393939448e+00 6.819158702420279060e+22
1.449494949494949614e+00 5.822549034400132733e+22
1.459595959595959780e+00 4.096752093153211921e+22
1.469696969696969724e+00 2.558902524075455807e+22
1.479797979797979890e+00 2.832813029671998954e+22
1.489898989898990056e+00 3.653922599353088528e+22
1.500000000000000000e+00 3.517610347991614777e+22
