5.000000000000000000e-01 7.395490765209600000e+13
5.101010101010100550e-01 6.978036301824000000e+13
5.202020202020202211e-01 4.255296729907200000e+13
5.303030303030302761e-01 5.700802786099200000e+13
5.404040404040404422e-01 6.888700982067200000e+13
5.505050505050504972e-01 9.460160397312000000e+13
5.606060606060605522e-01 8.337583452979200000e+13
5.707070707070707183e-01 7.594014723276800000e+13
5.808080808080807733e-01 4.928340754432000000e+13
5.909090909090909394e-01 6.784550541721600000e+13
6.010101010101009944e-01 7.511680535756800000e+13
6.111111111111111605e-01 7.516798425497600000e+13
6.212121212121212155e-01 8.232888591974400000e+13
6.313131313131312705e-01 7.620635970764800000e+13
6.414141414141414366e-01 7.299251621068800000e+13
6.515151515151514916e-01 5.064643890380800000e+13
6.616161616161616577e-01 5.996675701145600000e+13
6.717171717171717127e-01 6.875760295936000000e+13
6.818181818181818787e-01 8.195620523212800000e+13
6.919191919191919338e-01 8.598084124672000000e+13
7.020202020202019888e-01 7.868016020684800000e+13
7.121212121212121549e-01 5.719670443212800000e+13
7.222222222222222099e-01 5.352668004352000000e+13
7.323232323232323759e-01 6.682203652096000000e+13
7.424242424242424310e-01 7.847009268531200000e+13
7.525252525252525970e-01 1.013470430494720000e+14
7.626262626262626521e-01 7.948586922803200000e+13
7.727272727272727071e-01 8.118155922636800000e+13
7.828282828282828731e-01 6.413241810944000000e+13
7.929292929292929282e-01 6.108042860953600000e+13
8.030303030303029832e-01 6.326282564403200000e+13
8.131313131313131493e-01 6.844758936780800000e+13
8.232323232323233153e-01 8.428624176742400000e+13
8.333333333333333703e-01 9.061854189977600000e+13
8.434343434343434254e-01 6.882188066816000000e+13
8.535353535353535914e-01 7.149385783705600000e+13
8.636363636363636465e-01 6.577872017817600000e+13
8.737373737373737015e-01 6.982751957811200000e+13
8.838383838383838675e-01 5.005307491123200000e+13
8.939393939393940336e-01 5.606522381926400000e+13
9.040404040404040886e-01 7.196531438387200000e+13
9.141414141414141437e-01 7.520739393536000000e+13
9.242424242424243097e-01 8.021873996595200000e+13
9.343434343434343647e-01 7.383315539558400000e+13
9.444444444444444198e-01 8.506911699763200000e+13
9.545454545454545858e-01 7.495063542169600000e+13
9.646464646464647519e-01 7.776512245760000000e+13
9.747474747474748069e-01 6.107453141811200000e+13
9.848484848484848619e-01 6.074958191001600000e+13
9.949494949494950280e-01 7.123035488256000000e+13
1.005050505050505194e+00 5.829726883020800000e+13
1.015151515151515138e+00 8.375004194406400000e+13
1.025252525252525304e+00 7.906134694297600000e+13
1.035353535353535470e+00 6.587655231897600000e+13
1.045454545454545414e+00 7.056575063654400000e+13
1.055555555555555580e+00 8.630821506252800000e+13
1.065656565656565746e+00 7.085860533043200000e+13
1.075757575757575690e+00 8.802813974937600000e+13
1.085858585858585856e+00 9.414740279296000000e+13
1.095959595959596022e+00 7.849400021811200000e+13
1.106060606060605966e+00 7.503231529779200000e+13
1.116161616161616355e+00 7.407912615936000000e+13
1.126262626262626299e+00 8.000646624051200000e+13
1.136363636363636465e+00 6.963075638886400000e+13
1.146464646464646631e+00 6.748718602649600000e+13
1.156565656565656575e+00 6.768615541964800000e+13
1.166666666666666741e+00 7.453767263846400000e+13
1.176767676767676907e+00 7.236162578022400000e+13
1.186868686868686851e+00 7.281412407296000000e+13
1.196969696969697017e+00 7.262590048665600000e+13
1.207070707070707183e+00 7.021345846067200000e+13
1.217171717171717127e+00 6.510866333696000000e+13
1.227272727272727293e+00 8.302920047001600000e+13
1.237373737373737459e+00 6.696156843212800000e+13
1.247474747474747403e+00 8.157494299852800000e+13
1.257575757575757791e+00 7.565355044044800000e+13
1.267676767676767735e+00 7.024006293094400000e+13
1.277777777777777679e+00 7.304742803865600000e+13
1.287878787878788067e+00 8.500135382220800000e+13
1.297979797979798011e+00 7.567549503897600000e+13
1.308080808080808177e+00 8.002939230617600000e+13
1.318181818181818343e+00 7.975788661964800000e+13
1.328282828282828287e+00 7.511248522444800000e+13
1.338383838383838453e+00 5.791330965913600000e+13
1.348484848484848619e+00 7.111335896678400000e+13
1.358585858585858563e+00 5.680182329344000000e+13
1.368686868686868729e+00 5.494263513088000000e+13
1.378787878787878896e+00 4.051437197721600000e+13
1.388888888888888840e+00 3.800298631987200000e+13
1.398989898989899228e+00 3.071992764825600000e+13
1.409090909090909172e+00 2.878574533017600000e+13
1.419191919191919116e+00 2.663494189056000000e+13
1.429292929292929504e+00 2.308341707571200000e+13
1.439393939393939448e+00 2.375403175936000000e+13
1.449494949494949614e+00 1.980078070169600000e+13
1.459595959595959780e+00 1.612937428992000000e+13
1.469696969696969724e+00 1.032349915545600000e+13
1.479797979797979890e+00 1.042556544614400000e+13
1.489898989898990056e+00 1.134080032768000000e+13
1.500000000000000000e+00 8.365492666368000000e+12
