5.000000000000000000e-01 1.802829963499195597e+19
5.101010101010100550e-01 1.769802503370571776e+19
5.202020202020202211e-01 1.796720087334807142e+19
5.303030303030302761e-01 1.895517144453270733e+19
5.404040404040404422e-01 1.929365609914354893e+19
5.505050505050504972e-01 1.875048416088267162e+19
5.606060606060605522e-01 1.740108542595039232e+19
5.707070707070707183e-01 1.700438382967206707e+19
5.808080808080807733e-01 1.712669240363424154e+19
5.909090909090909394e-01 1.768684959752100250e+19
6.010101010101009944e-01 1.742105145759917670e+19
6.111111111111111605e-01 1.653651634328594022e+19
6.212121212121212155e-01 1.517928248849412915e+19
6.313131313131312705e-01 1.437782537326401946e+19
6.414141414141414366e-01 1.449153466678535782e+19
6.515151515151514916e-01 1.462145845828150886e+19
6.616161616161616577e-01 1.465265050364988621e+19
6.717171717171717127e-01 1.361164608861110272e+19
6.818181818181818787e-01 1.245027813567968051e+19
6.919191919191919338e-01 1.151154149616359834e+19
7.020202020202019888e-01 1.102435009291930829e+19
7.121212121212121549e-01 1.116659611122794496e+19
7.222222222222222099e-01 1.131446393248940032e+19
7.323232323232323759e-01 1.093354582562779955e+19
7.424242424242424310e-01 1.007815546603202150e+19
7.525252525252525970e-01 9.137322057841770496e+18
7.626262626262626521e-01 8.335262410239639552e+18
7.727272727272727071e-01 8.052472967377977344e+18
7.828282828282828731e-01 8.125959926532014080e+18
7.929292929292929282e-01 8.243189856285491200e+18
8.030303030303029832e-01 8.193076865070530560e+18
8.131313131313131493e-01 7.703351087524216832e+18
8.232323232323233153e-01 7.039155904394035200e+18
8.333333333333333703e-01 6.302171951993454592e+18
8.434343434343434254e-01 5.719843655888404480e+18
8.535353535353535914e-01 5.553987824396533760e+18
8.636363636363636465e-01 5.593978711566188544e+18
8.737373737373737015e-01 5.751918609093885952e+18
8.838383838383838675e-01 5.803531334169133056e+18
8.939393939393940336e-01 5.641764586420961280e+18
9.040404040404040886e-01 5.291710870462660608e+18
9.141414141414141437e-01 4.827574027029577728e+18
9.242424242424243097e-01 4.317014428282257408e+18
9.343434343434343647e-01 3.847941327396274176e+18
9.444444444444444198e-01 3.569939707917762560e+18
9.545454545454545858e-01 3.487670399636865024e+18
9.646464646464647519e-01 3.541332339508379648e+18
9.747474747474748069e-01 3.634495883875188736e+18
9.848484848484848619e-01 3.675272921858703360e+18
9.949494949494950280e-01 3.674005184951877632e+18
1.005050505050505194e+00 3.559958891116625920e+18
1.015151515151515138e+00 3.380724202137976832e+18
1.025252525252525304e+00 3.116640475721760768e+18
1.035353535353535470e+00 2.885268319743508480e+18
1.045454545454545414e+00 2.608204308805582848e+18
1.055555555555555580e+00 2.338977341872537600e+18
1.065656565656565746e+00 2.097422196392591360e+18
1.075757575757575690e+00 1.914283828818477056e+18
1.085858585858585856e+00 1.789875599964110848e+18
1.095959595959596022e+00 1.684460197528993792e+18
1.106060606060605966e+00 1.627515253375893504e+18
1.116161616161616355e+00 1.573669969940447232e+18
1.126262626262626299e+00 1.529568970867212288e+18
1.136363636363636465e+00 1.493091023348301824e+18
1.146464646464646631e+00 1.450033460809826304e+18
1.156565656565656575e+00 1.419048123627470848e+18
1.166666666666666741e+00 1.360080078079262720e+18
1.176767676767676907e+00 1.302015006455365632e+18
1.186868686868686851e+00 1.247509053970579456e+18
1.196969696969697017e+00 1.175889340438413312e+18
1.207070707070707183e+00 1.118738237855105024e+18
1.217171717171717127e+00 1.039538147563667456e+18
1.227272727272727293e+00 9.546595607511040000e+17
1.237373737373737459e+00 8.751323657504030720e+17
1.247474747474747403e+00 7.921988150073753600e+17
1.257575757575757791e+00 7.181100106760847360e+17
1.267676767676767735e+00 6.362082828762480640e+17
1.277777777777777679e+00 5.725325064950251520e+17
1.287878787878788067e+00 5.205089076683735040e+17
1.297979797979798011e+00 4.931006941280337920e+17
1.308080808080808177e+00 4.852395983062958080e+17
1.318181818181818343e+00 4.995772986519715840e+17
1.328282828282828287e+00 5.220564702844682240e+17
1.338383838383838453e+00 5.374931325021061120e+17
1.348484848484848619e+00 5.367789996998656000e+17
1.358585858585858563e+00 5.208693069641154560e+17
1.368686868686868729e+00 4.630219042827796480e+17
1.378787878787878896e+00 3.955357703554990080e+17
1.388888888888888840e+00 3.093539873861140480e+17
1.398989898989899228e+00 2.234009715547832320e+17
1.409090909090909172e+00 1.902736482825666560e+17
1.419191919191919116e+00 2.136389575675740160e+17
1.429292929292929504e+00 2.488493227984814080e+17
1.439393939393939448e+00 2.552634956778045440e+17
1.449494949494949614e+00 2.221053001806643200e+17
1.459595959595959780e+00 1.560880278887464960e+17
1.469696969696969724e+00 9.951953761914060800e+16
1.479797979797979890e+00 1.074495161263718400e+17
1.489898989898990056e+00 1.370670093041664000e+17
1.500000000000000000e+00 1.314524133064704000e+17
