5.000000000000000000e-01 2.684338073730468750e+02
5.101010101010100550e-01 2.655311889648437500e+02
5.202020202020202211e-01 2.741381530761718750e+02
5.303030303030302761e-01 2.858841247558593750e+02
5.404040404040404422e-01 3.132387084960937500e+02
5.505050505050504972e-01 3.443258361816406250e+02
5.606060606060605522e-01 3.669502868652343750e+02
5.707070707070707183e-01 3.878052673339843750e+02
5.808080808080807733e-01 4.024736938476562500e+02
5.909090909090909394e-01 4.290436706542968750e+02
6.010101010101009944e-01 4.829168395996093750e+02
6.111111111111111605e-01 5.376747436523437500e+02
6.212121212121212155e-01 6.181242675781250000e+02
6.313131313131312705e-01 6.852730102539062500e+02
6.414141414141414366e-01 7.616406860351562500e+02
6.515151515151514916e-01 9.024353637695312500e+02
6.616161616161616577e-01 1.079086669921875000e+03
6.717171717171717127e-01 1.326799316406250000e+03
6.818181818181818787e-01 1.550815917968750000e+03
6.919191919191919338e-01 1.687727783203125000e+03
7.020202020202019888e-01 1.599501342773437500e+03
7.121212121212121549e-01 1.381336669921875000e+03
7.222222222222222099e-01 1.220714111328125000e+03
7.323232323232323759e-01 9.206497802734375000e+02
7.424242424242424310e-01 7.931217651367187500e+02
7.525252525252525970e-01 6.345778808593750000e+02
7.626262626262626521e-01 5.181773681640625000e+02
7.727272727272727071e-01 5.301839599609375000e+02
7.828282828282828731e-01 3.224049072265625000e+02
7.929292929292929282e-01 4.788410339355468750e+02
8.030303030303029832e-01 2.251855621337890625e+02
8.131313131313131493e-01 4.329492797851562500e+02
8.232323232323233153e-01 2.836017150878906250e+02
8.333333333333333703e-01 3.207651367187500000e+02
8.434343434343434254e-01 4.260009765625000000e+02
8.535353535353535914e-01 2.149390716552734375e+02
8.636363636363636465e-01 5.693933715820312500e+02
8.737373737373737015e-01 2.758688964843750000e+02
8.838383838383838675e-01 6.809898071289062500e+02
8.939393939393940336e-01 4.524009094238281250e+02
9.040404040404040886e-01 7.142979736328125000e+02
9.141414141414141437e-01 6.371142578125000000e+02
9.242424242424243097e-01 7.275592041015625000e+02
9.343434343434343647e-01 8.023567504882812500e+02
9.444444444444444198e-01 7.620089111328125000e+02
9.545454545454545858e-01 9.341389160156250000e+02
9.646464646464647519e-01 7.954527587890625000e+02
9.747474747474748069e-01 1.028404541015625000e+03
9.848484848484848619e-01 8.819079589843750000e+02
9.949494949494950280e-01 1.055963989257812500e+03
1.005050505050505194e+00 9.122011108398437500e+02
1.015151515151515138e+00 1.057777221679687500e+03
1.025252525252525304e+00 9.605541992187500000e+02
1.035353535353535470e+00 9.929543457031250000e+02
1.045454545454545414e+00 8.902620849609375000e+02
1.055555555555555580e+00 8.630077514648437500e+02
1.065656565656565746e+00 8.237266845703125000e+02
1.075757575757575690e+00 7.514928588867187500e+02
1.085858585858585856e+00 7.333164062500000000e+02
1.095959595959596022e+00 6.422684326171875000e+02
1.106060606060605966e+00 6.269849853515625000e+02
1.116161616161616355e+00 4.994064941406250000e+02
1.126262626262626299e+00 5.018439331054687500e+02
1.136363636363636465e+00 3.802215881347656250e+02
1.146464646464646631e+00 3.782929992675781250e+02
1.156565656565656575e+00 2.716924438476562500e+02
1.166666666666666741e+00 2.982127990722656250e+02
1.176767676767676907e+00 2.128596954345703125e+02
1.186868686868686851e+00 2.253048706054687500e+02
1.196969696969697017e+00 1.273698425292968750e+02
1.207070707070707183e+00 1.328813018798828125e+02
1.217171717171717127e+00 6.607667541503906250e+01
1.227272727272727293e+00 1.000458450317382812e+02
1.237373737373737459e+00 5.636479568481445312e+01
1.247474747474747403e+00 7.490886688232421875e+01
1.257575757575757791e+00 2.705856323242187500e+01
1.267676767676767735e+00 3.689709091186523438e+01
1.277777777777777679e+00 1.284667396545410156e+01
1.287878787878788067e+00 2.500442695617675781e+01
1.297979797979798011e+00 1.359848308563232422e+01
1.308080808080808177e+00 1.501050376892089844e+01
1.318181818181818343e+00 1.344235610961914062e+01
1.328282828282828287e+00 9.119194984436035156e+00
1.338383838383838453e+00 1.214199256896972656e+01
1.348484848484848619e+00 8.694645881652832031e+00
1.358585858585858563e+00 1.109123992919921875e+01
1.368686868686868729e+00 7.345967769622802734e+00
1.378787878787878896e+00 8.134995460510253906e+00
1.388888888888888840e+00 5.324687004089355469e+00
1.398989898989899228e+00 5.844277381896972656e+00
1.409090909090909172e+00 3.405684471130371094e+00
1.419191919191919116e+00 3.822991132736206055e+00
1.429292929292929504e+00 4.524081707000732422e+00
1.439393939393939448e+00 4.512199401855468750e+00
1.449494949494949614e+00 4.050289630889892578e+00
1.459595959595959780e+00 2.940210819244384766e+00
1.469696969696969724e+00 1.976679801940917969e+00
1.479797979797979890e+00 1.926366448402404785e+00
1.489898989898990056e+00 2.408659696578979492e+00
1.500000000000000000e+00 2.341769695281982422e+00
