5.000000000000000000e-01 2.065497760000000000e+08
5.101010101010100550e-01 2.091837120000000000e+08
5.202020202020202211e-01 2.205657600000000000e+08
5.303030303030302761e-01 2.406965920000000000e+08
5.404040404040404422e-01 2.611442080000000000e+08
5.505050505050504972e-01 2.753781760000000000e+08
5.606060606060605522e-01 2.843747840000000000e+08
5.707070707070707183e-01 2.879004160000000000e+08
5.808080808080807733e-01 2.985865600000000000e+08
5.909090909090909394e-01 3.082550720000000000e+08
6.010101010101009944e-01 3.110275200000000000e+08
6.111111111111111605e-01 3.017880640000000000e+08
6.212121212121212155e-01 2.835110400000000000e+08
6.313131313131312705e-01 2.660344000000000000e+08
6.414141414141414366e-01 2.531377280000000000e+08
6.515151515151514916e-01 2.404453920000000000e+08
6.616161616161616577e-01 2.262016640000000000e+08
6.717171717171717127e-01 2.057779360000000000e+08
6.818181818181818787e-01 1.854736320000000000e+08
6.919191919191919338e-01 1.675137600000000000e+08
7.020202020202019888e-01 1.561319520000000000e+08
7.121212121212121549e-01 1.487977920000000000e+08
7.222222222222222099e-01 1.412863840000000000e+08
7.323232323232323759e-01 1.327441360000000000e+08
7.424242424242424310e-01 1.197706400000000000e+08
7.525252525252525970e-01 1.075089040000000000e+08
7.626262626262626521e-01 9.838895200000000000e+07
7.727272727272727071e-01 9.333070400000000000e+07
7.828282828282828731e-01 9.075416800000000000e+07
7.929292929292929282e-01 8.937345600000000000e+07
8.030303030303029832e-01 8.533247200000000000e+07
8.131313131313131493e-01 7.858370400000000000e+07
8.232323232323233153e-01 7.149158400000000000e+07
8.333333333333333703e-01 6.355039600000000000e+07
8.434343434343434254e-01 5.899775200000000000e+07
8.535353535353535914e-01 5.664502000000000000e+07
8.636363636363636465e-01 5.634387200000000000e+07
8.737373737373737015e-01 5.642742800000000000e+07
8.838383838383838675e-01 5.529914000000000000e+07
8.939393939393940336e-01 5.259872000000000000e+07
9.040404040404040886e-01 4.869378800000000000e+07
9.141414141414141437e-01 4.399324800000000000e+07
9.242424242424243097e-01 3.938810800000000000e+07
9.343434343434343647e-01 3.567074000000000000e+07
9.444444444444444198e-01 3.366635600000000000e+07
9.545454545454545858e-01 3.312790600000000000e+07
9.646464646464647519e-01 3.319911800000000000e+07
9.747474747474748069e-01 3.334690800000000000e+07
9.848484848484848619e-01 3.315932600000000000e+07
9.949494949494950280e-01 3.236294000000000000e+07
1.005050505050505194e+00 3.114544400000000000e+07
1.015151515151515138e+00 2.916343200000000000e+07
1.025252525252525304e+00 2.693302600000000000e+07
1.035353535353535470e+00 2.460255400000000000e+07
1.045454545454545414e+00 2.203728200000000000e+07
1.055555555555555580e+00 1.999525600000000000e+07
1.065656565656565746e+00 1.821910400000000000e+07
1.075757575757575690e+00 1.677244200000000000e+07
1.085858585858585856e+00 1.564779400000000000e+07
1.095959595959596022e+00 1.481722600000000000e+07
1.106060606060605966e+00 1.425122100000000000e+07
1.116161616161616355e+00 1.383646600000000000e+07
1.126262626262626299e+00 1.346438300000000000e+07
1.136363636363636465e+00 1.311262500000000000e+07
1.146464646464646631e+00 1.272694800000000000e+07
1.156565656565656575e+00 1.225366600000000000e+07
1.166666666666666741e+00 1.173704600000000000e+07
1.176767676767676907e+00 1.119707300000000000e+07
1.186868686868686851e+00 1.069050800000000000e+07
1.196969696969697017e+00 1.002907300000000000e+07
1.207070707070707183e+00 9.435289000000000000e+06
1.217171717171717127e+00 8.788067000000000000e+06
1.227272727272727293e+00 8.142540000000000000e+06
1.237373737373737459e+00 7.425979500000000000e+06
1.247474747474747403e+00 6.788681500000000000e+06
1.257575757575757791e+00 6.057499000000000000e+06
1.267676767676767735e+00 5.412381500000000000e+06
1.277777777777777679e+00 4.862103000000000000e+06
1.287878787878788067e+00 4.361112500000000000e+06
1.297979797979798011e+00 4.071163750000000000e+06
1.308080808080808177e+00 3.961844250000000000e+06
1.318181818181818343e+00 3.987728000000000000e+06
1.328282828282828287e+00 4.123447500000000000e+06
1.338383838383838453e+00 4.244922500000000000e+06
1.348484848484848619e+00 4.289420500000000000e+06
1.358585858585858563e+00 4.141997500000000000e+06
1.368686868686868729e+00 3.804155000000000000e+06
1.378787878787878896e+00 3.241681250000000000e+06
1.388888888888888840e+00 2.540152500000000000e+06
1.398989898989899228e+00 1.889106875000000000e+06
1.409090909090909172e+00 1.553714000000000000e+06
1.419191919191919116e+00 1.686635500000000000e+06
1.429292929292929504e+00 1.958024125000000000e+06
1.439393939393939448e+00 2.031466500000000000e+06
1.449494949494949614e+00 1.781845500000000000e+06
1.459595959595959780e+00 1.282527000000000000e+06
1.469696969696969724e+00 8.193577500000000000e+05
1.479797979797979890e+00 8.401296875000000000e+05
1.489898989898990056e+00 1.069084375000000000e+06
1.500000000000000000e+00 1.038759562500000000e+06
