5.000000000000000000e-01 9.734377264976501465e-01
5.101010101010100550e-01 7.943373322486877441e-01
5.202020202020202211e-01 5.650823116302490234e-01
5.303030303030302761e-01 5.861667990684509277e-01
5.404040404040404422e-01 8.317664861679077148e-01
5.505050505050504972e-01 8.850722908973693848e-01
5.606060606060605522e-01 9.124429821968078613e-01
5.707070707070707183e-01 7.559334635734558105e-01
5.808080808080807733e-01 6.015803217887878418e-01
5.909090909090909394e-01 5.651487708091735840e-01
6.010101010101009944e-01 7.588381767272949219e-01
6.111111111111111605e-01 9.355392456054687500e-01
6.212121212121212155e-01 9.196982383728027344e-01
6.313131313131312705e-01 1.023961305618286133e+00
6.414141414141414366e-01 1.866996407508850098e+00
6.515151515151514916e-01 8.911040425300598145e-01
6.616161616161616577e-01 1.777710080146789551e+00
6.717171717171717127e-01 9.716718196868896484e-01
6.818181818181818787e-01 4.329390525817871094e+00
6.919191919191919338e-01 7.260582923889160156e+00
7.020202020202019888e-01 7.392905712127685547e+00
7.121212121212121549e-01 6.954355239868164062e+00
7.222222222222222099e-01 8.832062721252441406e+00
7.323232323232323759e-01 1.730366706848144531e+01
7.424242424242424310e-01 2.350632667541503906e+01
7.525252525252525970e-01 3.394292831420898438e+01
7.626262626262626521e-01 4.649758911132812500e+01
7.727272727272727071e-01 6.015573501586914062e+01
7.828282828282828731e-01 7.250005340576171875e+01
7.929292929292929282e-01 8.111274719238281250e+01
8.030303030303029832e-01 1.025866851806640625e+02
8.131313131313131493e-01 1.309686737060546875e+02
8.232323232323233153e-01 1.529483947753906250e+02
8.333333333333333703e-01 1.796125488281250000e+02
8.434343434343434254e-01 2.180414428710937500e+02
8.535353535353535914e-01 2.470198974609375000e+02
8.636363636363636465e-01 2.809094848632812500e+02
8.737373737373737015e-01 3.253875732421875000e+02
8.838383838383838675e-01 3.746117858886718750e+02
8.939393939393940336e-01 4.395056152343750000e+02
9.040404040404040886e-01 4.909411621093750000e+02
9.141414141414141437e-01 5.256730957031250000e+02
9.242424242424243097e-01 5.729689331054687500e+02
9.343434343434343647e-01 6.457776489257812500e+02
9.444444444444444198e-01 7.268364868164062500e+02
9.545454545454545858e-01 8.126654052734375000e+02
9.646464646464647519e-01 8.700815429687500000e+02
9.747474747474748069e-01 8.972359619140625000e+02
9.848484848484848619e-01 9.203715209960937500e+02
9.949494949494950280e-01 9.372683105468750000e+02
1.005050505050505194e+00 9.596593627929687500e+02
1.015151515151515138e+00 9.721639404296875000e+02
1.025252525252525304e+00 9.846062622070312500e+02
1.035353535353535470e+00 9.931146240234375000e+02
1.045454545454545414e+00 1.002599487304687500e+03
1.055555555555555580e+00 1.000207946777343750e+03
1.065656565656565746e+00 9.613070678710937500e+02
1.075757575757575690e+00 8.979559326171875000e+02
1.085858585858585856e+00 8.325195922851562500e+02
1.095959595959596022e+00 7.597344360351562500e+02
1.106060606060605966e+00 6.918475341796875000e+02
1.116161616161616355e+00 6.276544799804687500e+02
1.126262626262626299e+00 5.591304931640625000e+02
1.136363636363636465e+00 4.851861572265625000e+02
1.146464646464646631e+00 4.237681579589843750e+02
1.156565656565656575e+00 3.847226257324218750e+02
1.166666666666666741e+00 3.615397033691406250e+02
1.176767676767676907e+00 3.243672485351562500e+02
1.186868686868686851e+00 2.548652343750000000e+02
1.196969696969697017e+00 2.032137145996093750e+02
1.207070707070707183e+00 1.758260803222656250e+02
1.217171717171717127e+00 1.521976165771484375e+02
1.227272727272727293e+00 1.212899169921875000e+02
1.237373737373737459e+00 1.000831756591796875e+02
1.247474747474747403e+00 7.065573120117187500e+01
1.257575757575757791e+00 8.631330871582031250e+01
1.267676767676767735e+00 4.199650573730468750e+01
1.277777777777777679e+00 3.708690261840820312e+01
1.287878787878788067e+00 2.927842712402343750e+01
1.297979797979798011e+00 2.120331192016601562e+01
1.308080808080808177e+00 1.570163631439208984e+01
1.318181818181818343e+00 1.483368492126464844e+01
1.328282828282828287e+00 1.276520156860351562e+01
1.338383838383838453e+00 1.199836158752441406e+01
1.348484848484848619e+00 6.874876976013183594e+00
1.358585858585858563e+00 5.763024330139160156e+00
1.368686868686868729e+00 3.905335664749145508e+00
1.378787878787878896e+00 2.855904579162597656e+00
1.388888888888888840e+00 7.581892013549804688e-01
1.398989898989899228e+00 8.876448869705200195e-01
1.409090909090909172e+00 1.073685288429260254e+00
1.419191919191919116e+00 5.048433542251586914e-01
1.429292929292929504e+00 8.567550182342529297e-01
1.439393939393939448e+00 8.495302200317382812e-01
1.449494949494949614e+00 7.194895744323730469e-01
1.459595959595959780e+00 1.068516224622726440e-01
1.469696969696969724e+00 9.119234234094619751e-02
1.479797979797979890e+00 7.721017301082611084e-02
1.489898989898990056e+00 8.257980644702911377e-02
1.500000000000000000e+00 6.703048944473266602e-02
