5.000000000000000000e-01 2.731575502438400000e+13
5.101010101010100550e-01 2.714090078208000000e+13
5.202020202020202211e-01 2.772900511744000000e+13
5.303030303030302761e-01 2.861394663833600000e+13
5.404040404040404422e-01 3.003495376486400000e+13
5.505050505050504972e-01 3.027701124300800000e+13
5.606060606060605522e-01 2.882484882636800000e+13
5.707070707070707183e-01 2.740501191065600000e+13
5.808080808080807733e-01 2.787934365286400000e+13
5.909090909090909394e-01 2.770631393280000000e+13
6.010101010101009944e-01 2.733476570726400000e+13
6.111111111111111605e-01 2.532532499251200000e+13
6.212121212121212155e-01 2.353212791193600000e+13
6.313131313131312705e-01 2.213526529638400000e+13
6.414141414141414366e-01 2.159055103590400000e+13
6.515151515151514916e-01 2.146702878310400000e+13
6.616161616161616577e-01 2.057924771840000000e+13
6.717171717171717127e-01 1.941744648192000000e+13
6.818181818181818787e-01 1.759452227174400000e+13
6.919191919191919338e-01 1.626835255296000000e+13
7.020202020202019888e-01 1.570222637056000000e+13
7.121212121212121549e-01 1.534044982476800000e+13
7.222222222222222099e-01 1.509596174745600000e+13
7.323232323232323759e-01 1.436414168268800000e+13
7.424242424242424310e-01 1.297473758822400000e+13
7.525252525252525970e-01 1.180546944204800000e+13
7.626262626262626521e-01 1.091570132582400000e+13
7.727272727272727071e-01 1.046233900646400000e+13
7.828282828282828731e-01 1.056458145792000000e+13
7.929292929292929282e-01 1.058314964172800000e+13
8.030303030303029832e-01 9.976075517952000000e+12
8.131313131313131493e-01 9.453150666752000000e+12
8.232323232323233153e-01 8.537516277760000000e+12
8.333333333333333703e-01 7.704303632384000000e+12
8.434343434343434254e-01 7.152547135488000000e+12
8.535353535353535914e-01 6.865037033472000000e+12
8.636363636363636465e-01 6.905140871168000000e+12
8.737373737373737015e-01 7.011785768960000000e+12
8.838383838383838675e-01 7.089148657664000000e+12
8.939393939393940336e-01 6.764042911744000000e+12
9.040404040404040886e-01 6.213096964096000000e+12
9.141414141414141437e-01 5.619187187712000000e+12
9.242424242424243097e-01 5.021484187648000000e+12
9.343434343434343647e-01 4.562938232832000000e+12
9.444444444444444198e-01 4.331980455936000000e+12
9.545454545454545858e-01 4.258526920704000000e+12
9.646464646464647519e-01 4.159945048064000000e+12
9.747474747474748069e-01 4.377960251392000000e+12
9.848484848484848619e-01 4.328098103296000000e+12
9.949494949494950280e-01 4.271696248832000000e+12
1.005050505050505194e+00 4.141125468160000000e+12
1.015151515151515138e+00 3.963815723008000000e+12
1.025252525252525304e+00 3.633881546752000000e+12
1.035353535353535470e+00 3.319090905088000000e+12
1.045454545454545414e+00 2.987296555008000000e+12
1.055555555555555580e+00 2.710555590656000000e+12
1.065656565656565746e+00 2.452130889728000000e+12
1.075757575757575690e+00 2.278329155584000000e+12
1.085858585858585856e+00 2.099053592576000000e+12
1.095959595959596022e+00 1.977080348672000000e+12
1.106060606060605966e+00 1.917620977664000000e+12
1.116161616161616355e+00 1.829203345408000000e+12
1.126262626262626299e+00 1.799649886208000000e+12
1.136363636363636465e+00 1.736752234496000000e+12
1.146464646464646631e+00 1.701999280128000000e+12
1.156565656565656575e+00 1.647357853696000000e+12
1.166666666666666741e+00 1.579878842368000000e+12
1.176767676767676907e+00 1.507074113536000000e+12
1.186868686868686851e+00 1.431583457280000000e+12
1.196969696969697017e+00 1.353203843072000000e+12
1.207070707070707183e+00 1.290786701312000000e+12
1.217171717171717127e+00 1.220078993408000000e+12
1.227272727272727293e+00 1.108392148992000000e+12
1.237373737373737459e+00 1.005502398464000000e+12
1.247474747474747403e+00 9.220820172800000000e+11
1.257575757575757791e+00 8.361008168960000000e+11
1.267676767676767735e+00 7.288322129920000000e+11
1.277777777777777679e+00 6.670656471040000000e+11
1.287878787878788067e+00 5.978339409920000000e+11
1.297979797979798011e+00 5.717025095680000000e+11
1.308080808080808177e+00 5.487531458560000000e+11
1.318181818181818343e+00 5.518512619520000000e+11
1.328282828282828287e+00 5.959075758080000000e+11
1.338383838383838453e+00 6.034180014080000000e+11
1.348484848484848619e+00 6.106161479680000000e+11
1.358585858585858563e+00 5.904288972800000000e+11
1.368686868686868729e+00 5.257844162560000000e+11
1.378787878787878896e+00 4.552432025600000000e+11
1.388888888888888840e+00 3.532125634560000000e+11
1.398989898989899228e+00 2.590737858560000000e+11
1.409090909090909172e+00 2.172959621120000000e+11
1.419191919191919116e+00 2.393666519040000000e+11
1.429292929292929504e+00 2.830279639040000000e+11
1.439393939393939448e+00 2.897908858880000000e+11
1.449494949494949614e+00 2.492813475840000000e+11
1.459595959595959780e+00 1.802315694080000000e+11
1.469696969696969724e+00 1.135498035200000000e+11
1.479797979797979890e+00 1.190678937600000000e+11
1.489898989898990056e+00 1.565347184640000000e+11
1.500000000000000000e+00 1.487870197760000000e+11
