5.000000000000000000e-01 3.279550389397083540e+30
5.101010101010100550e-01 2.465618716213871577e+30
5.202020202020202211e-01 1.868983752204289166e+30
5.303030303030302761e-01 2.194352989485278299e+30
5.404040404040404422e-01 2.875629836945086810e+30
5.505050505050504972e-01 3.330875637300277525e+30
5.606060606060605522e-01 3.210411317310413090e+30
5.707070707070707183e-01 2.554400415017640522e+30
5.808080808080807733e-01 1.872284724154746911e+30
5.909090909090909394e-01 2.152517355918876797e+30
6.010101010101009944e-01 2.829013657340746709e+30
6.111111111111111605e-01 3.328278260176835494e+30
6.212121212121212155e-01 3.198504606913028607e+30
6.313131313131312705e-01 2.779080487518838969e+30
6.414141414141414366e-01 2.109389833998489612e+30
6.515151515151514916e-01 1.939747016129611870e+30
6.616161616161616577e-01 2.496196530316566749e+30
6.717171717171717127e-01 3.139020923116165297e+30
6.818181818181818787e-01 3.442032437404928930e+30
6.919191919191919338e-01 3.046380333096186456e+30
7.020202020202019888e-01 2.572351452281643247e+30
7.121212121212121549e-01 2.044412337930115072e+30
7.222222222222222099e-01 2.073928412931733695e+30
7.323232323232323759e-01 2.562888283197154833e+30
7.424242424242424310e-01 2.896709574230252195e+30
7.525252525252525970e-01 3.210961983021247554e+30
7.626262626262626521e-01 3.081080735359494965e+30
7.727272727272727071e-01 2.669369864925901564e+30
7.828282828282828731e-01 2.157465338182832023e+30
7.929292929292929282e-01 1.974020365347141511e+30
8.030303030303029832e-01 2.195122017422280655e+30
8.131313131313131493e-01 2.580797914751835757e+30
8.232323232323233153e-01 2.952855716070614418e+30
8.333333333333333703e-01 3.156444264259906236e+30
8.434343434343434254e-01 2.994231806709834908e+30
8.535353535353535914e-01 2.669446027252537285e+30
8.636363636363636465e-01 2.238259512980679661e+30
8.737373737373737015e-01 2.007833416058852881e+30
8.838383838383838675e-01 2.008617706684327872e+30
8.939393939393940336e-01 2.235957718220133407e+30
9.040404040404040886e-01 2.522604305920228708e+30
9.141414141414141437e-01 2.836945117411783387e+30
9.242424242424243097e-01 2.897567911562178581e+30
9.343434343434343647e-01 2.922523465025028468e+30
9.444444444444444198e-01 2.778041718008335099e+30
9.545454545454545858e-01 2.476362439972786787e+30
9.646464646464647519e-01 2.203968936570220511e+30
9.747474747474748069e-01 2.024830006388269857e+30
9.848484848484848619e-01 1.943256376668225687e+30
9.949494949494950280e-01 1.887603174330811329e+30
1.005050505050505194e+00 2.125034694145849980e+30
1.015151515151515138e+00 2.290768450377003820e+30
1.025252525252525304e+00 2.427996491360281962e+30
1.035353535353535470e+00 2.500814929178949536e+30
1.045454545454545414e+00 2.553176377625280710e+30
1.055555555555555580e+00 2.589069989672548857e+30
1.065656565656565746e+00 2.581076572153256929e+30
1.075757575757575690e+00 2.428171634488398631e+30
1.085858585858585856e+00 2.544789454751704220e+30
1.095959595959596022e+00 2.318472647806475017e+30
1.106060606060605966e+00 2.289609241631720842e+30
1.116161616161616355e+00 2.105623727838935139e+30
1.126262626262626299e+00 2.046868421848389643e+30
1.136363636363636465e+00 1.998484339348590598e+30
1.146464646464646631e+00 1.899027372210442123e+30
1.156565656565656575e+00 1.885751704438071524e+30
1.166666666666666741e+00 1.797572806271107924e+30
1.176767676767676907e+00 1.717490991012468206e+30
1.186868686868686851e+00 1.737467130140052887e+30
1.196969696969697017e+00 1.710524404861211454e+30
1.207070707070707183e+00 1.686159411661243314e+30
1.217171717171717127e+00 1.659551558834435133e+30
1.227272727272727293e+00 1.661206124934305205e+30
1.237373737373737459e+00 1.607670960632855678e+30
1.247474747474747403e+00 1.604325862889981999e+30
1.257575757575757791e+00 1.616325962806931711e+30
1.267676767676767735e+00 1.520808129336270053e+30
1.277777777777777679e+00 1.579990639488321869e+30
1.287878787878788067e+00 1.570173406254413821e+30
1.297979797979798011e+00 1.574800418713261362e+30
1.308080808080808177e+00 1.549821291196928990e+30
1.318181818181818343e+00 1.473957569238652166e+30
1.328282828282828287e+00 1.461607334181196566e+30
1.338383838383838453e+00 1.331719588543163548e+30
1.348484848484848619e+00 1.266131207146564990e+30
1.358585858585858563e+00 1.123924507406658901e+30
1.368686868686868729e+00 1.030623692773443021e+30
1.378787878787878896e+00 9.677556967024322824e+29
1.388888888888888840e+00 8.633528629205129068e+29
1.398989898989899228e+00 8.281406316883250547e+29
1.409090909090909172e+00 8.154301367366242954e+29
1.419191919191919116e+00 8.172516101574649120e+29
1.429292929292929504e+00 7.556851738469967734e+29
1.439393939393939448e+00 6.813574677004040611e+29
1.449494949494949614e+00 5.558842658084213137e+29
1.459595959595959780e+00 4.988098200543225075e+29
1.469696969696969724e+00 4.377950317069172694e+29
1.479797979797979890e+00 4.414017863318737896e+29
1.489898989898990056e+00 4.171829975982152938e+29
1.500000000000000000e+00 3.380976016674610713e+29
