5.000000000000000000e-01 5.447475134144286393e+24
5.101010101010100550e-01 4.550552067415233691e+24
5.202020202020202211e-01 3.146532329555547692e+24
5.303030303030302761e-01 3.405125417279459676e+24
5.404040404040404422e-01 5.134421781537636930e+24
5.505050505050504972e-01 6.084172576298903815e+24
5.606060606060605522e-01 5.800264502867963140e+24
5.707070707070707183e-01 4.452470152714567702e+24
5.808080808080807733e-01 3.265438312472422551e+24
5.909090909090909394e-01 3.596380683374928004e+24
6.010101010101009944e-01 4.846630092018428091e+24
6.111111111111111605e-01 5.689681460292845109e+24
6.212121212121212155e-01 5.927308958685857732e+24
6.313131313131312705e-01 4.944512551298797096e+24
6.414141414141414366e-01 3.650395055865758784e+24
6.515151515151514916e-01 3.283742670740313157e+24
6.616161616161616577e-01 4.348675223728198634e+24
6.717171717171717127e-01 5.292101667575944660e+24
6.818181818181818787e-01 5.761441024121832175e+24
6.919191919191919338e-01 5.546463821608325667e+24
7.020202020202019888e-01 4.500305154171081935e+24
7.121212121212121549e-01 3.381644153225508175e+24
7.222222222222222099e-01 3.277005862158519199e+24
7.323232323232323759e-01 4.101466082940774657e+24
7.424242424242424310e-01 5.199292062915845782e+24
7.525252525252525970e-01 5.769820457617314739e+24
7.626262626262626521e-01 5.471190153033296931e+24
7.727272727272727071e-01 4.555516259183694623e+24
7.828282828282828731e-01 3.866232914282454303e+24
7.929292929292929282e-01 3.297324662525334118e+24
8.030303030303029832e-01 3.630351803738544901e+24
8.131313131313131493e-01 4.480522174073533048e+24
8.232323232323233153e-01 5.061010081192548252e+24
8.333333333333333703e-01 5.389027778468242285e+24
8.434343434343434254e-01 5.257855863663855181e+24
8.535353535353535914e-01 4.862930096250559694e+24
8.636363636363636465e-01 3.823749774450325054e+24
8.737373737373737015e-01 3.459285346110247071e+24
8.838383838383838675e-01 3.209624517743276634e+24
8.939393939393940336e-01 3.748408659967276818e+24
9.040404040404040886e-01 4.307899848874768277e+24
9.141414141414141437e-01 4.835343278718703211e+24
9.242424242424243097e-01 5.092473885514021409e+24
9.343434343434343647e-01 5.198695426037211738e+24
9.444444444444444198e-01 4.703649955163857660e+24
9.545454545454545858e-01 4.351396694939823096e+24
9.646464646464647519e-01 3.920120177177402179e+24
9.747474747474748069e-01 3.516693631280264258e+24
9.848484848484848619e-01 3.198014886422261837e+24
9.949494949494950280e-01 3.250250877492236556e+24
1.005050505050505194e+00 3.301229607661437509e+24
1.015151515151515138e+00 3.685149586391756035e+24
1.025252525252525304e+00 3.889905563306170541e+24
1.035353535353535470e+00 4.186000881731934043e+24
1.045454545454545414e+00 4.252676061725604914e+24
1.055555555555555580e+00 4.494857311831438431e+24
1.065656565656565746e+00 4.444031920222350189e+24
1.075757575757575690e+00 4.199668477938672062e+24
1.085858585858585856e+00 4.410068870309265539e+24
1.095959595959596022e+00 4.066156420710309210e+24
1.106060606060605966e+00 3.827554127185151498e+24
1.116161616161616355e+00 3.763119073674931730e+24
1.126262626262626299e+00 3.565750729531661748e+24
1.136363636363636465e+00 3.471500261221180463e+24
1.146464646464646631e+00 3.404608331984643505e+24
1.156565656565656575e+00 3.181559526017384462e+24
1.166666666666666741e+00 3.155378984490772181e+24
1.176767676767676907e+00 2.981075699738290627e+24
1.186868686868686851e+00 2.897716304421077922e+24
1.196969696969697017e+00 3.105812006703962312e+24
1.207070707070707183e+00 2.915002633000400682e+24
1.217171717171717127e+00 2.963079171512130049e+24
1.227272727272727293e+00 2.835762626219148241e+24
1.237373737373737459e+00 2.757898919484020224e+24
1.247474747474747403e+00 2.945613851869217076e+24
1.257575757575757791e+00 2.761539845595568647e+24
1.267676767676767735e+00 2.853366008212237884e+24
1.277777777777777679e+00 2.863403342831345094e+24
1.287878787878788067e+00 2.944713996634871432e+24
1.297979797979798011e+00 2.844099978079712655e+24
1.308080808080808177e+00 2.761665802269946945e+24
1.318181818181818343e+00 2.804419013964530348e+24
1.328282828282828287e+00 2.586280500685391866e+24
1.338383838383838453e+00 2.470862105319952718e+24
1.348484848484848619e+00 2.345140626928594483e+24
1.358585858585858563e+00 2.039748437720057518e+24
1.368686868686868729e+00 1.946275038503681248e+24
1.378787878787878896e+00 1.839213882894760983e+24
1.388888888888888840e+00 1.765732430798643591e+24
1.398989898989899228e+00 1.768522212609416009e+24
1.409090909090909172e+00 1.801425151199014663e+24
1.419191919191919116e+00 1.761402922318468728e+24
1.429292929292929504e+00 1.610858899817737002e+24
1.439393939393939448e+00 1.510293159850583637e+24
1.449494949494949614e+00 1.304730570228508565e+24
1.459595959595959780e+00 1.124436489165307722e+24
1.469696969696969724e+00 1.103836520066556807e+24
1.479797979797979890e+00 1.126519818324132294e+24
1.489898989898990056e+00 9.585253200448594075e+23
1.500000000000000000e+00 8.033275298907821431e+23
