5.000000000000000000e-01 1.834748982219025493e-04
5.101010101010100550e-01 2.116243849741294980e-04
5.202020202020202211e-01 1.594422064954414964e-04
5.303030303030302761e-01 4.192178603261709213e-04
5.404040404040404422e-01 6.791745545342564583e-05
5.505050505050504972e-01 3.635925531852990389e-04
5.606060606060605522e-01 1.978889340534806252e-04
5.707070707070707183e-01 4.031874705106019974e-04
5.808080808080807733e-01 6.861875881440937519e-04
5.909090909090909394e-01 3.782232524827122688e-04
6.010101010101009944e-01 9.889935608953237534e-05
6.111111111111111605e-01 2.684330684132874012e-04
6.212121212121212155e-01 3.770131443161517382e-04
6.313131313131312705e-01 8.826539851725101471e-04
6.414141414141414366e-01 1.859385956777259707e-04
6.515151515151514916e-01 6.177202449180185795e-04
6.616161616161616577e-01 7.910921121947467327e-04
6.717171717171717127e-01 6.054754485376179218e-04
6.818181818181818787e-01 5.308001418597996235e-04
6.919191919191919338e-01 1.011692686006426811e-03
7.020202020202019888e-01 1.140078180469572544e-03
7.121212121212121549e-01 1.365139149129390717e-03
7.222222222222222099e-01 1.437034225091338158e-04
7.323232323232323759e-01 1.328796031884849072e-03
7.424242424242424310e-01 1.677488209679722786e-03
7.525252525252525970e-01 1.594518544152379036e-03
7.626262626262626521e-01 1.858244300819933414e-03
7.727272727272727071e-01 3.957571752835065126e-04
7.828282828282828731e-01 1.191576244309544563e-03
7.929292929292929282e-01 1.140213920734822750e-03
8.030303030303029832e-01 1.272483263164758682e-03
8.131313131313131493e-01 1.807427383027970791e-03
8.232323232323233153e-01 1.042351359501481056e-03
8.333333333333333703e-01 2.090236637741327286e-03
8.434343434343434254e-01 2.034355653449892998e-03
8.535353535353535914e-01 1.479617669247090816e-03
8.636363636363636465e-01 3.100562607869505882e-03
8.737373737373737015e-01 2.124127466231584549e-03
8.838383838383838675e-01 2.703847363591194153e-03
8.939393939393940336e-01 3.004741622135043144e-03
9.040404040404040886e-01 8.041517576202750206e-04
9.141414141414141437e-01 1.156355254352092743e-03
9.242424242424243097e-01 9.426042088307440281e-04
9.343434343434343647e-01 4.792512860149145126e-03
9.444444444444444198e-01 2.755753230303525925e-03
9.545454545454545858e-01 1.982727786526083946e-03
9.646464646464647519e-01 2.394402399659156799e-03
9.747474747474748069e-01 1.229090150445699692e-03
9.848484848484848619e-01 2.494190121069550514e-03
9.949494949494950280e-01 3.362873336300253868e-03
1.005050505050505194e+00 1.267979270778596401e-03
1.015151515151515138e+00 3.456464270129799843e-03
1.025252525252525304e+00 3.877839772030711174e-03
1.035353535353535470e+00 2.583616180345416069e-03
1.045454545454545414e+00 2.037421800196170807e-03
1.055555555555555580e+00 2.934485906735062599e-03
1.065656565656565746e+00 1.185062108561396599e-03
1.075757575757575690e+00 3.577845403924584389e-03
1.085858585858585856e+00 5.828457418829202652e-03
1.095959595959596022e+00 7.156786043196916580e-03
1.106060606060605966e+00 4.895411897450685501e-03
1.116161616161616355e+00 8.649034425616264343e-03
1.126262626262626299e+00 7.988461293280124664e-03
1.136363636363636465e+00 4.983854945749044418e-03
1.146464646464646631e+00 3.833740018308162689e-03
1.156565656565656575e+00 5.194127559661865234e-03
1.166666666666666741e+00 5.438386928290128708e-03
1.176767676767676907e+00 5.635637324303388596e-03
1.186868686868686851e+00 5.198374856263399124e-03
1.196969696969697017e+00 3.648144891485571861e-03
1.207070707070707183e+00 6.297601386904716492e-03
1.217171717171717127e+00 2.644585678353905678e-03
1.227272727272727293e+00 5.834394600242376328e-03
1.237373737373737459e+00 3.663654904812574387e-03
1.247474747474747403e+00 8.142340928316116333e-03
1.257575757575757791e+00 3.925784025341272354e-03
1.267676767676767735e+00 1.258935872465372086e-02
1.277777777777777679e+00 8.185823448002338409e-03
1.287878787878788067e+00 1.073523797094821930e-02
1.297979797979798011e+00 1.185949333012104034e-02
1.308080808080808177e+00 6.009268108755350113e-03
1.318181818181818343e+00 1.073209661990404129e-02
1.328282828282828287e+00 5.929862149059772491e-03
1.338383838383838453e+00 8.074537850916385651e-03
1.348484848484848619e+00 6.807109806686639786e-03
1.358585858585858563e+00 1.536562480032444000e-02
1.368686868686868729e+00 2.355627529323101044e-02
1.378787878787878896e+00 2.138831093907356262e-02
1.388888888888888840e+00 3.871659189462661743e-02
1.398989898989899228e+00 5.549321323633193970e-02
1.409090909090909172e+00 1.006634384393692017e-01
1.419191919191919116e+00 2.453638017177581787e-01
1.429292929292929504e+00 5.287659168243408203e-01
1.439393939393939448e+00 6.104098558425903320e-01
1.449494949494949614e+00 3.659155070781707764e-01
1.459595959595959780e+00 1.331395655870437622e-01
1.469696969696969724e+00 5.385624989867210388e-02
1.479797979797979890e+00 1.474765036255121231e-02
1.489898989898990056e+00 1.149940863251686096e-02
1.500000000000000000e+00 6.295933853834867477e-03
