5.000000000000000000e-01 2.661558400000000000e+08
5.101010101010100550e-01 2.566268480000000000e+08
5.202020202020202211e-01 2.533707680000000000e+08
5.303030303030302761e-01 2.476658560000000000e+08
5.404040404040404422e-01 2.334146720000000000e+08
5.505050505050504972e-01 2.139856640000000000e+08
5.606060606060605522e-01 1.941343520000000000e+08
5.707070707070707183e-01 1.788086080000000000e+08
5.808080808080807733e-01 1.724260000000000000e+08
5.909090909090909394e-01 1.618613600000000000e+08
6.010101010101009944e-01 1.500251040000000000e+08
6.111111111111111605e-01 1.337987920000000000e+08
6.212121212121212155e-01 1.216699840000000000e+08
6.313131313131312705e-01 1.140510400000000000e+08
6.414141414141414366e-01 1.101972720000000000e+08
6.515151515151514916e-01 1.073906240000000000e+08
6.616161616161616577e-01 1.004922400000000000e+08
6.717171717171717127e-01 9.058324000000000000e+07
6.818181818181818787e-01 8.123645600000000000e+07
6.919191919191919338e-01 7.508910400000000000e+07
7.020202020202019888e-01 7.293573600000000000e+07
7.121212121212121549e-01 7.334104000000000000e+07
7.222222222222222099e-01 7.191020800000000000e+07
7.323232323232323759e-01 6.733535200000000000e+07
7.424242424242424310e-01 6.054928400000000000e+07
7.525252525252525970e-01 5.464454000000000000e+07
7.626262626262626521e-01 5.037056400000000000e+07
7.727272727272727071e-01 4.947126000000000000e+07
7.828282828282828731e-01 5.038280000000000000e+07
7.929292929292929282e-01 5.024474400000000000e+07
8.030303030303029832e-01 4.884792800000000000e+07
8.131313131313131493e-01 4.506025200000000000e+07
8.232323232323233153e-01 4.034534400000000000e+07
8.333333333333333703e-01 3.583332800000000000e+07
8.434343434343434254e-01 3.367253200000000000e+07
8.535353535353535914e-01 3.292783000000000000e+07
8.636363636363636465e-01 3.349853400000000000e+07
8.737373737373737015e-01 3.466016800000000000e+07
8.838383838383838675e-01 3.436697200000000000e+07
8.939393939393940336e-01 3.281354200000000000e+07
9.040404040404040886e-01 3.016658400000000000e+07
9.141414141414141437e-01 2.699484200000000000e+07
9.242424242424243097e-01 2.408553800000000000e+07
9.343434343434343647e-01 2.185250200000000000e+07
9.444444444444444198e-01 2.075286000000000000e+07
9.545454545454545858e-01 2.050170800000000000e+07
9.646464646464647519e-01 2.110178600000000000e+07
9.747474747474748069e-01 2.178845200000000000e+07
9.848484848484848619e-01 2.165873800000000000e+07
9.949494949494950280e-01 2.129794000000000000e+07
1.005050505050505194e+00 2.084306400000000000e+07
1.015151515151515138e+00 1.949739400000000000e+07
1.025252525252525304e+00 1.786143600000000000e+07
1.035353535353535470e+00 1.629118800000000000e+07
1.045454545454545414e+00 1.465927600000000000e+07
1.055555555555555580e+00 1.313592100000000000e+07
1.065656565656565746e+00 1.191444600000000000e+07
1.075757575757575690e+00 1.085018300000000000e+07
1.085858585858585856e+00 1.023237900000000000e+07
1.095959595959596022e+00 9.731512000000000000e+06
1.106060606060605966e+00 9.419522000000000000e+06
1.116161616161616355e+00 9.224644000000000000e+06
1.126262626262626299e+00 9.068172000000000000e+06
1.136363636363636465e+00 8.791688000000000000e+06
1.146464646464646631e+00 8.616802000000000000e+06
1.156565656565656575e+00 8.356015500000000000e+06
1.166666666666666741e+00 8.150900000000000000e+06
1.176767676767676907e+00 7.727779000000000000e+06
1.186868686868686851e+00 7.405147500000000000e+06
1.196969696969697017e+00 7.033199500000000000e+06
1.207070707070707183e+00 6.658247000000000000e+06
1.217171717171717127e+00 6.178832500000000000e+06
1.227272727272727293e+00 5.692680500000000000e+06
1.237373737373737459e+00 5.235494000000000000e+06
1.247474747474747403e+00 4.713756500000000000e+06
1.257575757575757791e+00 4.221898500000000000e+06
1.267676767676767735e+00 3.767759250000000000e+06
1.277777777777777679e+00 3.331259500000000000e+06
1.287878787878788067e+00 3.004857750000000000e+06
1.297979797979798011e+00 2.779663750000000000e+06
1.308080808080808177e+00 2.727347250000000000e+06
1.318181818181818343e+00 2.814983250000000000e+06
1.328282828282828287e+00 2.952666750000000000e+06
1.338383838383838453e+00 3.070851000000000000e+06
1.348484848484848619e+00 3.151692500000000000e+06
1.358585858585858563e+00 3.037268000000000000e+06
1.368686868686868729e+00 2.781962250000000000e+06
1.378787878787878896e+00 2.375034250000000000e+06
1.388888888888888840e+00 1.850432250000000000e+06
1.398989898989899228e+00 1.314924125000000000e+06
1.409090909090909172e+00 1.083131375000000000e+06
1.419191919191919116e+00 1.215561375000000000e+06
1.429292929292929504e+00 1.436576625000000000e+06
1.439393939393939448e+00 1.478882750000000000e+06
1.449494949494949614e+00 1.309430625000000000e+06
1.459595959595959780e+00 9.473936250000000000e+05
1.469696969696969724e+00 5.777731875000000000e+05
1.479797979797979890e+00 6.129717500000000000e+05
1.489898989898990056e+00 7.917747500000000000e+05
1.500000000000000000e+00 7.778140000000000000e+05
