5.000000000000000000e-01 5.002193920000000000e+09
5.101010101010100550e-01 4.124580864000000000e+09
5.202020202020202211e-01 3.152644352000000000e+09
5.303030303030302761e-01 3.316694016000000000e+09
5.404040404040404422e-01 4.431699456000000000e+09
5.505050505050504972e-01 5.046290432000000000e+09
5.606060606060605522e-01 5.005950976000000000e+09
5.707070707070707183e-01 4.148648960000000000e+09
5.808080808080807733e-01 3.210354176000000000e+09
5.909090909090909394e-01 3.332515840000000000e+09
6.010101010101009944e-01 4.204394496000000000e+09
6.111111111111111605e-01 5.033722880000000000e+09
6.212121212121212155e-01 5.065696768000000000e+09
6.313131313131312705e-01 4.547763712000000000e+09
6.414141414141414366e-01 3.554545664000000000e+09
6.515151515151514916e-01 3.300836352000000000e+09
6.616161616161616577e-01 3.863851520000000000e+09
6.717171717171717127e-01 4.676219904000000000e+09
6.818181818181818787e-01 5.170931712000000000e+09
6.919191919191919338e-01 4.979310080000000000e+09
7.020202020202019888e-01 4.350494720000000000e+09
7.121212121212121549e-01 3.562409216000000000e+09
7.222222222222222099e-01 3.360560128000000000e+09
7.323232323232323759e-01 3.938798592000000000e+09
7.424242424242424310e-01 4.681601536000000000e+09
7.525252525252525970e-01 5.070144000000000000e+09
7.626262626262626521e-01 5.054891520000000000e+09
7.727272727272727071e-01 4.673789440000000000e+09
7.828282828282828731e-01 3.956805120000000000e+09
7.929292929292929282e-01 3.540420864000000000e+09
8.030303030303029832e-01 3.655157248000000000e+09
8.131313131313131493e-01 4.214904320000000000e+09
8.232323232323233153e-01 4.818031616000000000e+09
8.333333333333333703e-01 5.110341632000000000e+09
8.434343434343434254e-01 5.116599296000000000e+09
8.535353535353535914e-01 4.705258496000000000e+09
8.636363636363636465e-01 4.240264704000000000e+09
8.737373737373737015e-01 3.769263360000000000e+09
8.838383838383838675e-01 3.647125248000000000e+09
8.939393939393940336e-01 3.880827392000000000e+09
9.040404040404040886e-01 4.297905152000000000e+09
9.141414141414141437e-01 4.742859776000000000e+09
9.242424242424243097e-01 4.991783424000000000e+09
9.343434343434343647e-01 5.027378176000000000e+09
9.444444444444444198e-01 4.882880512000000000e+09
9.545454545454545858e-01 4.765933568000000000e+09
9.646464646464647519e-01 4.448602624000000000e+09
9.747474747474748069e-01 4.091880192000000000e+09
9.848484848484848619e-01 3.903426560000000000e+09
9.949494949494950280e-01 3.955427584000000000e+09
1.005050505050505194e+00 4.005786880000000000e+09
1.015151515151515138e+00 4.174864640000000000e+09
1.025252525252525304e+00 4.460050944000000000e+09
1.035353535353535470e+00 4.693986816000000000e+09
1.045454545454545414e+00 4.857945600000000000e+09
1.055555555555555580e+00 4.992243712000000000e+09
1.065656565656565746e+00 5.089436672000000000e+09
1.075757575757575690e+00 5.116214784000000000e+09
1.085858585858585856e+00 5.055385088000000000e+09
1.095959595959596022e+00 5.015930880000000000e+09
1.106060606060605966e+00 4.927382016000000000e+09
1.116161616161616355e+00 4.960656896000000000e+09
1.126262626262626299e+00 4.792067584000000000e+09
1.136363636363636465e+00 4.817049600000000000e+09
1.146464646464646631e+00 4.815214080000000000e+09
1.156565656565656575e+00 4.883884544000000000e+09
1.166666666666666741e+00 4.856032768000000000e+09
1.176767676767676907e+00 4.976424448000000000e+09
1.186868686868686851e+00 5.092814848000000000e+09
1.196969696969697017e+00 5.103410688000000000e+09
1.207070707070707183e+00 5.167713792000000000e+09
1.217171717171717127e+00 5.357859328000000000e+09
1.227272727272727293e+00 5.496383488000000000e+09
1.237373737373737459e+00 5.682283008000000000e+09
1.247474747474747403e+00 5.798716416000000000e+09
1.257575757575757791e+00 6.208358400000000000e+09
1.267676767676767735e+00 6.343303680000000000e+09
1.277777777777777679e+00 6.581175296000000000e+09
1.287878787878788067e+00 6.622901248000000000e+09
1.297979797979798011e+00 6.787947008000000000e+09
1.308080808080808177e+00 6.940355584000000000e+09
1.318181818181818343e+00 6.855680000000000000e+09
1.328282828282828287e+00 6.611971584000000000e+09
1.338383838383838453e+00 6.181631488000000000e+09
1.348484848484848619e+00 5.557761024000000000e+09
1.358585858585858563e+00 4.946803712000000000e+09
1.368686868686868729e+00 4.310569984000000000e+09
1.378787878787878896e+00 3.670298368000000000e+09
1.388888888888888840e+00 3.043920640000000000e+09
1.398989898989899228e+00 2.631516672000000000e+09
1.409090909090909172e+00 2.184082432000000000e+09
1.419191919191919116e+00 1.935170304000000000e+09
1.429292929292929504e+00 1.688672640000000000e+09
1.439393939393939448e+00 1.461290240000000000e+09
1.449494949494949614e+00 1.227480576000000000e+09
1.459595959595959780e+00 9.694860800000000000e+08
1.469696969696969724e+00 7.708319360000000000e+08
1.479797979797979890e+00 6.939908480000000000e+08
1.489898989898990056e+00 6.440702080000000000e+08
1.500000000000000000e+00 5.452968320000000000e+08
