5.000000000000000000e-01 1.811003211776000000e+12
5.101010101010100550e-01 1.373669818368000000e+12
5.202020202020202211e-01 1.236308459520000000e+12
5.303030303030302761e-01 1.669219614720000000e+12
5.404040404040404422e-01 1.926274351104000000e+12
5.505050505050504972e-01 2.326262972416000000e+12
5.606060606060605522e-01 2.268483026944000000e+12
5.707070707070707183e-01 1.954018754560000000e+12
5.808080808080807733e-01 2.053875826688000000e+12
5.909090909090909394e-01 1.593570623488000000e+12
6.010101010101009944e-01 1.813049638912000000e+12
6.111111111111111605e-01 1.847215915008000000e+12
6.212121212121212155e-01 2.262778773504000000e+12
6.313131313131312705e-01 2.126770208768000000e+12
6.414141414141414366e-01 1.853592698880000000e+12
6.515151515151514916e-01 1.530447134720000000e+12
6.616161616161616577e-01 2.545198301184000000e+12
6.717171717171717127e-01 2.396708667392000000e+12
6.818181818181818787e-01 2.744266260480000000e+12
6.919191919191919338e-01 2.499025567744000000e+12
7.020202020202019888e-01 3.213435338752000000e+12
7.121212121212121549e-01 2.490764361728000000e+12
7.222222222222222099e-01 2.936116346880000000e+12
7.323232323232323759e-01 3.220417544192000000e+12
7.424242424242424310e-01 2.958657847296000000e+12
7.525252525252525970e-01 2.813387341824000000e+12
7.626262626262626521e-01 2.231847878656000000e+12
7.727272727272727071e-01 2.444963348480000000e+12
7.828282828282828731e-01 2.115558834176000000e+12
7.929292929292929282e-01 2.214622396416000000e+12
8.030303030303029832e-01 2.568808038400000000e+12
8.131313131313131493e-01 1.726712250368000000e+12
8.232323232323233153e-01 1.875658145792000000e+12
8.333333333333333703e-01 1.385092481024000000e+12
8.434343434343434254e-01 1.697579139072000000e+12
8.535353535353535914e-01 8.728819793920000000e+11
8.636363636363636465e-01 1.453266567168000000e+12
8.737373737373737015e-01 1.468390834176000000e+12
8.838383838383838675e-01 1.698639773696000000e+12
8.939393939393940336e-01 1.556813709312000000e+12
9.040404040404040886e-01 1.551349841920000000e+12
9.141414141414141437e-01 1.058424487936000000e+12
9.242424242424243097e-01 8.683512135680000000e+11
9.343434343434343647e-01 7.101536010240000000e+11
9.444444444444444198e-01 8.048014786560000000e+11
9.545454545454545858e-01 8.391698677760000000e+11
9.646464646464647519e-01 8.208601579520000000e+11
9.747474747474748069e-01 7.513917358080000000e+11
9.848484848484848619e-01 6.157693091840000000e+11
9.949494949494950280e-01 9.493785477120000000e+11
1.005050505050505194e+00 6.326005923840000000e+11
1.015151515151515138e+00 8.027213004800000000e+11
1.025252525252525304e+00 6.351195996160000000e+11
1.035353535353535470e+00 5.931585372160000000e+11
1.045454545454545414e+00 5.046662922240000000e+11
1.055555555555555580e+00 4.453249187840000000e+11
1.065656565656565746e+00 4.449664040960000000e+11
1.075757575757575690e+00 3.580057354240000000e+11
1.085858585858585856e+00 3.865342443520000000e+11
1.095959595959596022e+00 3.761326981120000000e+11
1.106060606060605966e+00 3.732738539520000000e+11
1.116161616161616355e+00 3.888077537280000000e+11
1.126262626262626299e+00 2.056124497920000000e+11
1.136363636363636465e+00 3.376373104640000000e+11
1.146464646464646631e+00 2.502229852160000000e+11
1.156565656565656575e+00 1.970488770560000000e+11
1.166666666666666741e+00 2.668320686080000000e+11
1.176767676767676907e+00 2.284519751680000000e+11
1.186868686868686851e+00 2.229423144960000000e+11
1.196969696969697017e+00 1.925048401920000000e+11
1.207070707070707183e+00 1.808041410560000000e+11
1.217171717171717127e+00 1.339877621760000000e+11
1.227272727272727293e+00 1.873922949120000000e+11
1.237373737373737459e+00 2.082087403520000000e+11
1.247474747474747403e+00 1.449592586240000000e+11
1.257575757575757791e+00 1.340712714240000000e+11
1.267676767676767735e+00 1.090528051200000000e+11
1.277777777777777679e+00 1.088561889280000000e+11
1.287878787878788067e+00 1.046454108160000000e+11
1.297979797979798011e+00 1.035447664640000000e+11
1.308080808080808177e+00 8.846515404800000000e+10
1.318181818181818343e+00 9.610957619200000000e+10
1.328282828282828287e+00 9.360783769600000000e+10
1.338383838383838453e+00 7.867785216000000000e+10
1.348484848484848619e+00 9.005515571200000000e+10
1.358585858585858563e+00 7.153353523200000000e+10
1.368686868686868729e+00 8.124936192000000000e+10
1.378787878787878896e+00 6.152515584000000000e+10
1.388888888888888840e+00 6.307071590400000000e+10
1.398989898989899228e+00 3.065351168000000000e+10
1.409090909090909172e+00 2.714062643200000000e+10
1.419191919191919116e+00 3.744555417600000000e+10
1.429292929292929504e+00 3.642076774400000000e+10
1.439393939393939448e+00 3.884670976000000000e+10
1.449494949494949614e+00 3.504923852800000000e+10
1.459595959595959780e+00 2.311114342400000000e+10
1.469696969696969724e+00 1.962116710400000000e+10
1.479797979797979890e+00 1.954863308800000000e+10
1.489898989898990056e+00 1.407990579200000000e+10
1.500000000000000000e+00 1.203293900800000000e+10
