5.000000000000000000e-01 4.024640365847762992e+23
5.101010101010100550e-01 3.396003790565386454e+23
5.202020202020202211e-01 3.083780757614836035e+23
5.303030303030302761e-01 3.224008798780315885e+23
5.404040404040404422e-01 3.990289069618001986e+23
5.505050505050504972e-01 4.260267977775846963e+23
5.606060606060605522e-01 4.148127626478381234e+23
5.707070707070707183e-01 3.593422502966888948e+23
5.808080808080807733e-01 3.149062055509437228e+23
5.909090909090909394e-01 3.379538270039749731e+23
6.010101010101009944e-01 3.961553581979586894e+23
6.111111111111111605e-01 4.348068714959181395e+23
6.212121212121212155e-01 4.371836191776651545e+23
6.313131313131312705e-01 3.792198059864125625e+23
6.414141414141414366e-01 3.423501328738229944e+23
6.515151515151514916e-01 3.417512982385707943e+23
6.616161616161616577e-01 3.874290394447775405e+23
6.717171717171717127e-01 4.447994943779248150e+23
6.818181818181818787e-01 4.612785617312406684e+23
6.919191919191919338e-01 4.453230288274073804e+23
7.020202020202019888e-01 3.983650763767257875e+23
7.121212121212121549e-01 3.716119652078881310e+23
7.222222222222222099e-01 3.757452608594977153e+23
7.323232323232323759e-01 4.098866172890292179e+23
7.424242424242424310e-01 4.629123595896596275e+23
7.525252525252525970e-01 4.765345595121537521e+23
7.626262626262626521e-01 4.519237926716577310e+23
7.727272727272727071e-01 4.249476992780697065e+23
7.828282828282828731e-01 3.976664780025280762e+23
7.929292929292929282e-01 3.784191020014631073e+23
8.030303030303029832e-01 4.127268394156281855e+23
8.131313131313131493e-01 4.678416754826062017e+23
8.232323232323233153e-01 5.035843678244425769e+23
8.333333333333333703e-01 4.966385561911416083e+23
8.434343434343434254e-01 4.775076612908389499e+23
8.535353535353535914e-01 4.636456897241836201e+23
8.636363636363636465e-01 4.423982831430019234e+23
8.737373737373737015e-01 4.141469504789276692e+23
8.838383838383838675e-01 4.486930544141702131e+23
8.939393939393940336e-01 4.726796944039067213e+23
9.040404040404040886e-01 5.018166148987071098e+23
9.141414141414141437e-01 5.304114461135601664e+23
9.242424242424243097e-01 5.099558804332612598e+23
9.343434343434343647e-01 5.092020138844364577e+23
9.444444444444444198e-01 4.894739416735444715e+23
9.545454545454545858e-01 4.824184944109147956e+23
9.646464646464647519e-01 4.588789357633866113e+23
9.747474747474748069e-01 4.502545785057691304e+23
9.848484848484848619e-01 4.694264021194853319e+23
9.949494949494950280e-01 4.771590466508834545e+23
1.005050505050505194e+00 4.744839445010223989e+23
1.015151515151515138e+00 5.012830644436532724e+23
1.025252525252525304e+00 5.092319538147592168e+23
1.035353535353535470e+00 4.961674076125246165e+23
1.045454545454545414e+00 4.935230019977237181e+23
1.055555555555555580e+00 4.772886782625576869e+23
1.065656565656565746e+00 4.532794121882932693e+23
1.075757575757575690e+00 4.325025056673822230e+23
1.085858585858585856e+00 4.147737434606665854e+23
1.095959595959596022e+00 3.967452576915501865e+23
1.106060606060605966e+00 3.695773469826331978e+23
1.116161616161616355e+00 3.478832553760103858e+23
1.126262626262626299e+00 3.266612130679300397e+23
1.136363636363636465e+00 3.132227239814356124e+23
1.146464646464646631e+00 2.984642658729559117e+23
1.156565656565656575e+00 2.930946060228435598e+23
1.166666666666666741e+00 2.678562535670742054e+23
1.176767676767676907e+00 2.582344390639867071e+23
1.186868686868686851e+00 2.398217061746630575e+23
1.196969696969697017e+00 2.158834528593230179e+23
1.207070707070707183e+00 2.073234070043843877e+23
1.217171717171717127e+00 1.957108033076155258e+23
1.227272727272727293e+00 1.782047350952741044e+23
1.237373737373737459e+00 1.639399615779467575e+23
1.247474747474747403e+00 1.531750254030415704e+23
1.257575757575757791e+00 1.394235091208471293e+23
1.267676767676767735e+00 1.234275068707622900e+23
1.277777777777777679e+00 1.178225339401198297e+23
1.287878787878788067e+00 1.055822725704835966e+23
1.297979797979798011e+00 1.022084639600337727e+23
1.308080808080808177e+00 9.368010543207332132e+22
1.318181818181818343e+00 9.307408305181583789e+22
1.328282828282828287e+00 8.727676138108838373e+22
1.338383838383838453e+00 8.514788281563258605e+22
1.348484848484848619e+00 7.751577664231588233e+22
1.358585858585858563e+00 7.371596353591382848e+22
1.368686868686868729e+00 6.509675389267043208e+22
1.378787878787878896e+00 5.410149912922189044e+22
1.388888888888888840e+00 4.384989224704364721e+22
1.398989898989899228e+00 3.782035146873008816e+22
1.409090909090909172e+00 3.399031020162912354e+22
1.419191919191919116e+00 3.364700080203467063e+22
1.429292929292929504e+00 3.461288105871737985e+22
1.439393939393939448e+00 3.183847003347317739e+22
1.449494949494949614e+00 2.710745213571935345e+22
1.459595959595959780e+00 2.110266989635726370e+22
1.469696969696969724e+00 1.606434887802981397e+22
1.479797979797979890e+00 1.609458829772779317e+22
1.489898989898990056e+00 1.714321319036418051e+22
1.500000000000000000e+00 1.554715099322295884e+22
