5.000000000000000000e-01 5.451351774411815643e+30
5.101010101010100550e-01 4.280108777057484267e+30
5.202020202020202211e-01 3.220756095548855472e+30
5.303030303030302761e-01 3.814201157667657233e+30
5.404040404040404422e-01 5.091633478933843502e+30
5.505050505050504972e-01 5.729944498301638285e+30
5.606060606060605522e-01 5.357507094275500631e+30
5.707070707070707183e-01 4.347148851689848817e+30
5.808080808080807733e-01 3.376220026942383036e+30
5.909090909090909394e-01 3.801645858568049501e+30
6.010101010101009944e-01 4.981303584089808504e+30
6.111111111111111605e-01 5.612641821561521009e+30
6.212121212121212155e-01 5.535289911919298575e+30
6.313131313131312705e-01 4.733816823770125174e+30
6.414141414141414366e-01 3.668273233139249863e+30
6.515151515151514916e-01 3.511737589006633930e+30
6.616161616161616577e-01 4.444415094127128132e+30
6.717171717171717127e-01 5.428830695318214716e+30
6.818181818181818787e-01 5.660664586356982731e+30
6.919191919191919338e-01 5.344710010011969974e+30
7.020202020202019888e-01 4.389024228692570149e+30
7.121212121212121549e-01 3.559416112174960387e+30
7.222222222222222099e-01 3.644866011419871413e+30
7.323232323232323759e-01 4.499749744511074035e+30
7.424242424242424310e-01 5.269002843947333244e+30
7.525252525252525970e-01 5.698328670267076503e+30
7.626262626262626521e-01 5.366117668425705827e+30
7.727272727272727071e-01 4.707655669033664599e+30
7.828282828282828731e-01 3.842958178370285320e+30
7.929292929292929282e-01 3.562693207840480743e+30
8.030303030303029832e-01 3.987631237897932705e+30
8.131313131313131493e-01 4.625368017501410538e+30
8.232323232323233153e-01 5.220237798698628139e+30
8.333333333333333703e-01 5.421487679889875458e+30
8.434343434343434254e-01 5.289262022832435199e+30
8.535353535353535914e-01 4.668886929155897959e+30
8.636363636363636465e-01 4.035978599275960955e+30
8.737373737373737015e-01 3.680605787656593599e+30
8.838383838383838675e-01 3.645704099244319255e+30
8.939393939393940336e-01 4.023585296236181584e+30
9.040404040404040886e-01 4.677585150428025216e+30
9.141414141414141437e-01 4.991244883335954503e+30
9.242424242424243097e-01 5.170720801590122736e+30
9.343434343434343647e-01 5.086986368083244868e+30
9.444444444444444198e-01 4.920148862578782872e+30
9.545454545454545858e-01 4.446869818003855637e+30
9.646464646464647519e-01 4.046857420495218099e+30
9.747474747474748069e-01 3.677937083909794305e+30
9.848484848484848619e-01 3.602374082249146620e+30
9.949494949494950280e-01 3.619480684828148526e+30
1.005050505050505194e+00 3.857041257474431039e+30
1.015151515151515138e+00 4.156586479206904627e+30
1.025252525252525304e+00 4.362346258168224320e+30
1.035353535353535470e+00 4.553426655364873378e+30
1.045454545454545414e+00 4.571548453400896669e+30
1.055555555555555580e+00 4.706876516342922970e+30
1.065656565656565746e+00 4.609519000006262750e+30
1.075757575757575690e+00 4.487247033684619540e+30
1.085858585858585856e+00 4.355226591785058865e+30
1.095959595959596022e+00 4.254860663546287640e+30
1.106060606060605966e+00 4.029647152527184238e+30
1.116161616161616355e+00 3.880868580916125573e+30
1.126262626262626299e+00 3.738184204361744254e+30
1.136363636363636465e+00 3.573431793664662590e+30
1.146464646464646631e+00 3.537776037772403621e+30
1.156565656565656575e+00 3.336827179110240345e+30
1.166666666666666741e+00 3.265520503029000865e+30
1.176767676767676907e+00 3.298118281060544629e+30
1.186868686868686851e+00 3.121907671445155510e+30
1.196969696969697017e+00 3.161422016322169472e+30
1.207070707070707183e+00 3.053795581842247688e+30
1.217171717171717127e+00 2.986838620859981644e+30
1.227272727272727293e+00 2.939227193074643799e+30
1.237373737373737459e+00 2.943680271331194286e+30
1.247474747474747403e+00 2.872956297495009057e+30
1.257575757575757791e+00 2.864083084210492583e+30
1.267676767676767735e+00 2.765005568663975649e+30
1.277777777777777679e+00 2.787834621610123402e+30
1.287878787878788067e+00 2.714485465356645006e+30
1.297979797979798011e+00 2.659378999721151365e+30
1.308080808080808177e+00 2.609203742503865795e+30
1.318181818181818343e+00 2.534034850660412479e+30
1.328282828282828287e+00 2.433459022676210664e+30
1.338383838383838453e+00 2.310225506980791469e+30
1.348484848484848619e+00 2.139903423917017756e+30
1.358585858585858563e+00 1.933427960870486203e+30
1.368686868686868729e+00 1.739671153024937808e+30
1.378787878787878896e+00 1.523893156912199135e+30
1.388888888888888840e+00 1.356158628449583084e+30
1.398989898989899228e+00 1.294912028576266741e+30
1.409090909090909172e+00 1.259516116177361191e+30
1.419191919191919116e+00 1.229003508511061484e+30
1.429292929292929504e+00 1.155498249711125349e+30
1.439393939393939448e+00 1.035004688827998985e+30
1.449494949494949614e+00 8.512095808518025863e+29
1.459595959595959780e+00 6.831410866315179946e+29
1.469696969696969724e+00 6.133454922669330752e+29
1.479797979797979890e+00 6.043711447818194644e+29
1.489898989898990056e+00 5.708954977105761641e+29
1.500000000000000000e+00 4.862067306059081354e+29
