5.000000000000000000e-01 2.522521395200000000e+10
5.101010101010100550e-01 2.273520640000000000e+10
5.202020202020202211e-01 2.135429120000000000e+10
5.303030303030302761e-01 2.122525286400000000e+10
5.404040404040404422e-01 2.561530675200000000e+10
5.505050505050504972e-01 2.546222694400000000e+10
5.606060606060605522e-01 2.774109798400000000e+10
5.707070707070707183e-01 2.446532198400000000e+10
5.808080808080807733e-01 2.375348633600000000e+10
5.909090909090909394e-01 2.495184896000000000e+10
6.010101010101009944e-01 2.810412032000000000e+10
6.111111111111111605e-01 2.944153190400000000e+10
6.212121212121212155e-01 2.953173401600000000e+10
6.313131313131312705e-01 2.946831155200000000e+10
6.414141414141414366e-01 2.759949721600000000e+10
6.515151515151514916e-01 2.678756147200000000e+10
6.616161616161616577e-01 3.115421491200000000e+10
6.717171717171717127e-01 3.187578265600000000e+10
6.818181818181818787e-01 3.456112230400000000e+10
6.919191919191919338e-01 3.504547430400000000e+10
7.020202020202019888e-01 3.438478950400000000e+10
7.121212121212121549e-01 3.284080230400000000e+10
7.222222222222222099e-01 3.572877721600000000e+10
7.323232323232323759e-01 3.770357350400000000e+10
7.424242424242424310e-01 4.133063475200000000e+10
7.525252525252525970e-01 4.330725785600000000e+10
7.626262626262626521e-01 4.267282022400000000e+10
7.727272727272727071e-01 4.317885644800000000e+10
7.828282828282828731e-01 4.346501120000000000e+10
7.929292929292929282e-01 4.402939904000000000e+10
8.030303030303029832e-01 5.021597696000000000e+10
8.131313131313131493e-01 5.322965401600000000e+10
8.232323232323233153e-01 5.527837900800000000e+10
8.333333333333333703e-01 5.732093952000000000e+10
8.434343434343434254e-01 5.917293772800000000e+10
8.535353535353535914e-01 5.564496691200000000e+10
8.636363636363636465e-01 5.823558041600000000e+10
8.737373737373737015e-01 5.843864780800000000e+10
8.838383838383838675e-01 6.131002572800000000e+10
8.939393939393940336e-01 6.603531059200000000e+10
9.040404040404040886e-01 6.208081510400000000e+10
9.141414141414141437e-01 6.063982182400000000e+10
9.242424242424243097e-01 5.687501209600000000e+10
9.343434343434343647e-01 5.253076582400000000e+10
9.444444444444444198e-01 4.967144652800000000e+10
9.545454545454545858e-01 4.558207795200000000e+10
9.646464646464647519e-01 4.138208870400000000e+10
9.747474747474748069e-01 4.060145664000000000e+10
9.848484848484848619e-01 3.778502656000000000e+10
9.949494949494950280e-01 3.671645798400000000e+10
1.005050505050505194e+00 3.408159129600000000e+10
1.015151515151515138e+00 3.048792473600000000e+10
1.025252525252525304e+00 2.863958835200000000e+10
1.035353535353535470e+00 2.441600000000000000e+10
1.045454545454545414e+00 2.226976972800000000e+10
1.055555555555555580e+00 2.047516467200000000e+10
1.065656565656565746e+00 1.812327219200000000e+10
1.075757575757575690e+00 1.663219609600000000e+10
1.085858585858585856e+00 1.626219417600000000e+10
1.095959595959596022e+00 1.394760192000000000e+10
1.106060606060605966e+00 1.357940531200000000e+10
1.116161616161616355e+00 1.192794828800000000e+10
1.126262626262626299e+00 1.142356582400000000e+10
1.136363636363636465e+00 1.037061632000000000e+10
1.146464646464646631e+00 1.004890419200000000e+10
1.156565656565656575e+00 9.915843584000000000e+09
1.166666666666666741e+00 8.901678080000000000e+09
1.176767676767676907e+00 7.897509888000000000e+09
1.186868686868686851e+00 7.628176896000000000e+09
1.196969696969697017e+00 6.831325696000000000e+09
1.207070707070707183e+00 6.630210048000000000e+09
1.217171717171717127e+00 6.000681472000000000e+09
1.227272727272727293e+00 5.771457024000000000e+09
1.237373737373737459e+00 4.999546368000000000e+09
1.247474747474747403e+00 4.608441856000000000e+09
1.257575757575757791e+00 4.135832832000000000e+09
1.267676767676767735e+00 3.574939904000000000e+09
1.277777777777777679e+00 3.615261440000000000e+09
1.287878787878788067e+00 3.231897856000000000e+09
1.297979797979798011e+00 2.918668032000000000e+09
1.308080808080808177e+00 2.823809792000000000e+09
1.318181818181818343e+00 2.727354624000000000e+09
1.328282828282828287e+00 2.621766400000000000e+09
1.338383838383838453e+00 2.503200768000000000e+09
1.348484848484848619e+00 2.644316160000000000e+09
1.358585858585858563e+00 2.308478464000000000e+09
1.368686868686868729e+00 2.035755904000000000e+09
1.378787878787878896e+00 1.885238144000000000e+09
1.388888888888888840e+00 1.416490496000000000e+09
1.398989898989899228e+00 1.199303680000000000e+09
1.409090909090909172e+00 1.023390016000000000e+09
1.419191919191919116e+00 9.953827200000000000e+08
1.429292929292929504e+00 1.108257408000000000e+09
1.439393939393939448e+00 1.100041600000000000e+09
1.449494949494949614e+00 9.052391680000000000e+08
1.459595959595959780e+00 6.429551360000000000e+08
1.469696969696969724e+00 4.888748480000000000e+08
1.479797979797979890e+00 5.000740800000000000e+08
1.489898989898990056e+00 5.580794880000000000e+08
1.500000000000000000e+00 5.486234240000000000e+08
