5.000000000000000000e-01 7.290072631835937500e+02
5.101010101010100550e-01 8.376822509765625000e+02
5.202020202020202211e-01 1.007371093750000000e+03
5.303030303030302761e-01 1.200488037109375000e+03
5.404040404040404422e-01 1.403185058593750000e+03
5.505050505050504972e-01 1.584519165039062500e+03
5.606060606060605522e-01 1.614558349609375000e+03
5.707070707070707183e-01 1.478886840820312500e+03
5.808080808080807733e-01 1.303112182617187500e+03
5.909090909090909394e-01 1.099789062500000000e+03
6.010101010101009944e-01 9.065564575195312500e+02
6.111111111111111605e-01 7.330524291992187500e+02
6.212121212121212155e-01 6.092061157226562500e+02
6.313131313131312705e-01 5.270428466796875000e+02
6.414141414141414366e-01 4.650718994140625000e+02
6.515151515151514916e-01 4.174151611328125000e+02
6.616161616161616577e-01 3.761673583984375000e+02
6.717171717171717127e-01 3.299446105957031250e+02
6.818181818181818787e-01 2.989341735839843750e+02
6.919191919191919338e-01 2.676904296875000000e+02
7.020202020202019888e-01 2.531210784912109375e+02
7.121212121212121549e-01 2.448128051757812500e+02
7.222222222222222099e-01 2.156466217041015625e+02
7.323232323232323759e-01 2.229598083496093750e+02
7.424242424242424310e-01 1.668710479736328125e+02
7.525252525252525970e-01 2.016389770507812500e+02
7.626262626262626521e-01 1.357682342529296875e+02
7.727272727272727071e-01 1.678364868164062500e+02
7.828282828282828731e-01 1.927382202148437500e+02
7.929292929292929282e-01 1.134333114624023438e+02
8.030303030303029832e-01 2.600436401367187500e+02
8.131313131313131493e-01 3.250519180297851562e+01
8.232323232323233153e-01 2.850278015136718750e+02
8.333333333333333703e-01 1.418549957275390625e+02
8.434343434343434254e-01 3.252166748046875000e+02
8.535353535353535914e-01 3.093125305175781250e+02
8.636363636363636465e-01 3.395865783691406250e+02
8.737373737373737015e-01 4.643793640136718750e+02
8.838383838383838675e-01 4.060020141601562500e+02
8.939393939393940336e-01 6.042447509765625000e+02
9.040404040404040886e-01 5.043024597167968750e+02
9.141414141414141437e-01 6.909973754882812500e+02
9.242424242424243097e-01 5.910791625976562500e+02
9.343434343434343647e-01 7.436922607421875000e+02
9.444444444444444198e-01 7.623731079101562500e+02
9.545454545454545858e-01 8.488135375976562500e+02
9.646464646464647519e-01 8.889043579101562500e+02
9.747474747474748069e-01 8.898560791015625000e+02
9.848484848484848619e-01 9.897572021484375000e+02
9.949494949494950280e-01 9.518159179687500000e+02
1.005050505050505194e+00 1.042526855468750000e+03
1.015151515151515138e+00 9.391552734375000000e+02
1.025252525252525304e+00 1.032432128906250000e+03
1.035353535353535470e+00 9.677761840820312500e+02
1.045454545454545414e+00 1.048273559570312500e+03
1.055555555555555580e+00 9.257092895507812500e+02
1.065656565656565746e+00 8.984852905273437500e+02
1.075757575757575690e+00 7.891409912109375000e+02
1.085858585858585856e+00 7.720363769531250000e+02
1.095959595959596022e+00 6.881739501953125000e+02
1.106060606060605966e+00 6.209679565429687500e+02
1.116161616161616355e+00 5.297447509765625000e+02
1.126262626262626299e+00 4.810907897949218750e+02
1.136363636363636465e+00 4.303611450195312500e+02
1.146464646464646631e+00 3.704098510742187500e+02
1.156565656565656575e+00 3.479893493652343750e+02
1.166666666666666741e+00 2.918608093261718750e+02
1.176767676767676907e+00 2.456282958984375000e+02
1.186868686868686851e+00 1.889449157714843750e+02
1.196969696969697017e+00 1.723002471923828125e+02
1.207070707070707183e+00 1.406695251464843750e+02
1.217171717171717127e+00 1.323918914794921875e+02
1.227272727272727293e+00 1.015976486206054688e+02
1.237373737373737459e+00 8.694451904296875000e+01
1.247474747474747403e+00 6.134645080566406250e+01
1.257575757575757791e+00 4.662532424926757812e+01
1.267676767676767735e+00 3.675141525268554688e+01
1.277777777777777679e+00 3.019184303283691406e+01
1.287878787878788067e+00 2.680928993225097656e+01
1.297979797979798011e+00 1.030682945251464844e+01
1.308080808080808177e+00 1.579662418365478516e+01
1.318181818181818343e+00 3.058715105056762695e+00
1.328282828282828287e+00 1.602808380126953125e+01
1.338383838383838453e+00 1.299935221672058105e+00
1.348484848484848619e+00 1.075265312194824219e+01
1.358585858585858563e+00 6.034836769104003906e+00
1.368686868686868729e+00 7.633621215820312500e+00
1.378787878787878896e+00 5.064711093902587891e+00
1.388888888888888840e+00 5.309214115142822266e+00
1.398989898989899228e+00 3.621068477630615234e+00
1.409090909090909172e+00 2.232097625732421875e+00
1.419191919191919116e+00 3.107002496719360352e+00
1.429292929292929504e+00 3.405058145523071289e+00
1.439393939393939448e+00 3.550427913665771484e+00
1.449494949494949614e+00 3.150787591934204102e+00
1.459595959595959780e+00 2.243671655654907227e+00
1.469696969696969724e+00 1.422696113586425781e+00
1.479797979797979890e+00 1.447606563568115234e+00
1.489898989898990056e+00 1.834976077079772949e+00
1.500000000000000000e+00 1.844162821769714355e+00
