5.000000000000000000e-01 8.441020965576171875e+00
5.101010101010100550e-01 7.574222087860107422e+00
5.202020202020202211e-01 8.513855934143066406e+00
5.303030303030302761e-01 1.093352890014648438e+01
5.404040404040404422e-01 1.167173194885253906e+01
5.505050505050504972e-01 1.049362659454345703e+01
5.606060606060605522e-01 7.845661640167236328e+00
5.707070707070707183e-01 8.037241935729980469e+00
5.808080808080807733e-01 9.144347190856933594e+00
5.909090909090909394e-01 1.124898242950439453e+01
6.010101010101009944e-01 1.175829792022705078e+01
6.111111111111111605e-01 1.099444580078125000e+01
6.212121212121212155e-01 9.395067214965820312e+00
6.313131313131312705e-01 7.797040939331054688e+00
6.414141414141414366e-01 8.745780944824218750e+00
6.515151515151514916e-01 1.079630565643310547e+01
6.616161616161616577e-01 1.269323158264160156e+01
6.717171717171717127e-01 1.287418079376220703e+01
6.818181818181818787e-01 1.117861843109130859e+01
6.919191919191919338e-01 8.708038330078125000e+00
7.020202020202019888e-01 8.231801986694335938e+00
7.121212121212121549e-01 1.011239337921142578e+01
7.222222222222222099e-01 1.255555629730224609e+01
7.323232323232323759e-01 1.381269264221191406e+01
7.424242424242424310e-01 1.308344364166259766e+01
7.525252525252525970e-01 1.207815933227539062e+01
7.626262626262626521e-01 9.113645553588867188e+00
7.727272727272727071e-01 8.624036788940429688e+00
7.828282828282828731e-01 1.006698226928710938e+01
7.929292929292929282e-01 1.255775737762451172e+01
8.030303030303029832e-01 1.520670223236083984e+01
8.131313131313131493e-01 1.640911483764648438e+01
8.232323232323233153e-01 1.584713172912597656e+01
8.333333333333333703e-01 1.390054225921630859e+01
8.434343434343434254e-01 1.077047729492187500e+01
8.535353535353535914e-01 9.117009162902832031e+00
8.636363636363636465e-01 1.056744480133056641e+01
8.737373737373737015e-01 1.331247901916503906e+01
8.838383838383838675e-01 1.666568756103515625e+01
8.939393939393940336e-01 1.988690376281738281e+01
9.040404040404040886e-01 2.146971702575683594e+01
9.141414141414141437e-01 2.038245391845703125e+01
9.242424242424243097e-01 1.962194252014160156e+01
9.343434343434343647e-01 1.652091407775878906e+01
9.444444444444444198e-01 1.304871463775634766e+01
9.545454545454545858e-01 1.091921710968017578e+01
9.646464646464647519e-01 1.312681484222412109e+01
9.747474747474748069e-01 1.788831329345703125e+01
9.848484848484848619e-01 1.359315681457519531e+01
9.949494949494950280e-01 2.828729858398437500e+02
1.005050505050505194e+00 2.349037597656250000e+03
1.015151515151515138e+00 7.942126464843750000e+03
1.025252525252525304e+00 9.450040039062500000e+03
1.035353535353535470e+00 4.126747070312500000e+03
1.045454545454545414e+00 6.125100097656250000e+02
1.055555555555555580e+00 6.019790649414062500e+01
1.065656565656565746e+00 2.292164611816406250e+01
1.075757575757575690e+00 2.414545822143554688e+01
1.085858585858585856e+00 2.349185371398925781e+01
1.095959595959596022e+00 2.452430152893066406e+01
1.106060606060605966e+00 2.389801025390625000e+01
1.116161616161616355e+00 2.448793411254882812e+01
1.126262626262626299e+00 2.564910888671875000e+01
1.136363636363636465e+00 2.796319198608398438e+01
1.146464646464646631e+00 2.942633438110351562e+01
1.156565656565656575e+00 3.472967147827148438e+01
1.166666666666666741e+00 4.118317413330078125e+01
1.176767676767676907e+00 5.831815719604492188e+01
1.186868686868686851e+00 7.701336669921875000e+01
1.196969696969697017e+00 1.113228836059570312e+02
1.207070707070707183e+00 1.248848190307617188e+02
1.217171717171717127e+00 1.056927871704101562e+02
1.227272727272727293e+00 6.896273803710937500e+01
1.237373737373737459e+00 3.904594802856445312e+01
1.247474747474747403e+00 2.721047019958496094e+01
1.257575757575757791e+00 2.038170433044433594e+01
1.267676767676767735e+00 1.406492042541503906e+01
1.277777777777777679e+00 1.239429759979248047e+01
1.287878787878788067e+00 9.532430648803710938e+00
1.297979797979798011e+00 8.643920898437500000e+00
1.308080808080808177e+00 7.260396957397460938e+00
1.318181818181818343e+00 7.001799583435058594e+00
1.328282828282828287e+00 6.228704929351806641e+00
1.338383838383838453e+00 5.560773372650146484e+00
1.348484848484848619e+00 4.855737209320068359e+00
1.358585858585858563e+00 4.455461502075195312e+00
1.368686868686868729e+00 3.498785495758056641e+00
1.378787878787878896e+00 2.985182285308837891e+00
1.388888888888888840e+00 2.394376754760742188e+00
1.398989898989899228e+00 1.888603091239929199e+00
1.409090909090909172e+00 1.641926527023315430e+00
1.419191919191919116e+00 1.686959028244018555e+00
1.429292929292929504e+00 1.697661638259887695e+00
1.439393939393939448e+00 1.644912719726562500e+00
1.449494949494949614e+00 1.286697745323181152e+00
1.459595959595959780e+00 9.157074093818664551e-01
1.469696969696969724e+00 6.301189064979553223e-01
1.479797979797979890e+00 7.407550811767578125e-01
1.489898989898990056e+00 7.965236306190490723e-01
1.500000000000000000e+00 7.165642976760864258e-01
