5.000000000000000000e-01 5.669481267200000000e+10
5.101010101010100550e-01 5.214312857600000000e+10
5.202020202020202211e-01 4.009011200000000000e+10
5.303030303030302761e-01 4.226272051200000000e+10
5.404040404040404422e-01 5.428300185600000000e+10
5.505050505050504972e-01 5.816103731200000000e+10
5.606060606060605522e-01 5.936372940800000000e+10
5.707070707070707183e-01 5.346449817600000000e+10
5.808080808080807733e-01 4.211926220800000000e+10
5.909090909090909394e-01 4.434527846400000000e+10
6.010101010101009944e-01 5.503026790400000000e+10
6.111111111111111605e-01 6.188169216000000000e+10
6.212121212121212155e-01 6.411268096000000000e+10
6.313131313131312705e-01 5.484299468800000000e+10
6.414141414141414366e-01 4.803970252800000000e+10
6.515151515151514916e-01 4.342827008000000000e+10
6.616161616161616577e-01 4.963202252800000000e+10
6.717171717171717127e-01 5.638071910400000000e+10
6.818181818181818787e-01 6.552868454400000000e+10
6.919191919191919338e-01 6.414952038400000000e+10
7.020202020202019888e-01 5.604327833600000000e+10
7.121212121212121549e-01 5.013313536000000000e+10
7.222222222222222099e-01 4.673160396800000000e+10
7.323232323232323759e-01 5.183702220800000000e+10
7.424242424242424310e-01 5.874569216000000000e+10
7.525252525252525970e-01 6.453985280000000000e+10
7.626262626262626521e-01 5.885258956800000000e+10
7.727272727272727071e-01 6.018270822400000000e+10
7.828282828282828731e-01 5.182419353600000000e+10
7.929292929292929282e-01 5.205684224000000000e+10
8.030303030303029832e-01 5.565697638400000000e+10
8.131313131313131493e-01 6.015806259200000000e+10
8.232323232323233153e-01 6.350173798400000000e+10
8.333333333333333703e-01 6.786092646400000000e+10
8.434343434343434254e-01 6.685671424000000000e+10
8.535353535353535914e-01 6.710369075200000000e+10
8.636363636363636465e-01 5.768368537600000000e+10
8.737373737373737015e-01 5.826302771200000000e+10
8.838383838383838675e-01 5.711843328000000000e+10
8.939393939393940336e-01 5.980782592000000000e+10
9.040404040404040886e-01 6.376785100800000000e+10
9.141414141414141437e-01 7.028151910400000000e+10
9.242424242424243097e-01 7.336256307200000000e+10
9.343434343434343647e-01 7.833495961600000000e+10
9.444444444444444198e-01 7.554750873600000000e+10
9.545454545454545858e-01 7.253946368000000000e+10
9.646464646464647519e-01 6.995519897600000000e+10
9.747474747474748069e-01 7.100489728000000000e+10
9.848484848484848619e-01 7.169804697600000000e+10
9.949494949494950280e-01 7.091194265600000000e+10
1.005050505050505194e+00 7.377361305600000000e+10
1.015151515151515138e+00 7.812956160000000000e+10
1.025252525252525304e+00 7.429396070400000000e+10
1.035353535353535470e+00 8.427363532800000000e+10
1.045454545454545414e+00 9.170956288000000000e+10
1.055555555555555580e+00 9.138683904000000000e+10
1.065656565656565746e+00 9.344201523200000000e+10
1.075757575757575690e+00 9.523462144000000000e+10
1.085858585858585856e+00 9.739642470400000000e+10
1.095959595959596022e+00 1.010086952960000000e+11
1.106060606060605966e+00 1.053320396800000000e+11
1.116161616161616355e+00 1.002951966720000000e+11
1.126262626262626299e+00 1.033487892480000000e+11
1.136363636363636465e+00 1.038745681920000000e+11
1.146464646464646631e+00 1.153433108480000000e+11
1.156565656565656575e+00 1.094422937600000000e+11
1.166666666666666741e+00 1.047772446720000000e+11
1.176767676767676907e+00 1.119050547200000000e+11
1.186868686868686851e+00 1.037414072320000000e+11
1.196969696969697017e+00 9.864909619200000000e+10
1.207070707070707183e+00 8.889606963200000000e+10
1.217171717171717127e+00 9.490755584000000000e+10
1.227272727272727293e+00 7.725377945600000000e+10
1.237373737373737459e+00 7.216141107200000000e+10
1.247474747474747403e+00 6.317082214400000000e+10
1.257575757575757791e+00 5.950210867200000000e+10
1.267676767676767735e+00 4.894396006400000000e+10
1.277777777777777679e+00 4.323171123200000000e+10
1.287878787878788067e+00 4.105009152000000000e+10
1.297979797979798011e+00 3.574323609600000000e+10
1.308080808080808177e+00 3.282886656000000000e+10
1.318181818181818343e+00 2.868455628800000000e+10
1.328282828282828287e+00 2.623262720000000000e+10
1.338383838383838453e+00 2.336428236800000000e+10
1.348484848484848619e+00 2.097957683200000000e+10
1.358585858585858563e+00 1.962142310400000000e+10
1.368686868686868729e+00 1.690724454400000000e+10
1.378787878787878896e+00 1.425165824000000000e+10
1.388888888888888840e+00 1.228046950400000000e+10
1.398989898989899228e+00 9.791368192000000000e+09
1.409090909090909172e+00 9.409981440000000000e+09
1.419191919191919116e+00 8.622278656000000000e+09
1.429292929292929504e+00 8.123281920000000000e+09
1.439393939393939448e+00 6.817311232000000000e+09
1.449494949494949614e+00 6.226739712000000000e+09
1.459595959595959780e+00 5.032371200000000000e+09
1.469696969696969724e+00 3.949905664000000000e+09
1.479797979797979890e+00 3.540930560000000000e+09
1.489898989898990056e+00 3.848439808000000000e+09
1.500000000000000000e+00 3.463716864000000000e+09
