5.000000000000000000e-01 5.444707393646240234e+00
5.101010101010100550e-01 3.568610668182373047e+00
5.202020202020202211e-01 6.778654456138610840e-01
5.303030303030302761e-01 2.430985927581787109e+00
5.404040404040404422e-01 4.915573120117187500e+00
5.505050505050504972e-01 6.114578247070312500e+00
5.606060606060605522e-01 5.717574119567871094e+00
5.707070707070707183e-01 3.833417415618896484e+00
5.808080808080807733e-01 9.482247829437255859e-01
5.909090909090909394e-01 2.210006952285766602e+00
6.010101010101009944e-01 4.861710548400878906e+00
6.111111111111111605e-01 6.367258071899414062e+00
6.212121212121212155e-01 6.374121189117431641e+00
6.313131313131312705e-01 4.889232635498046875e+00
6.414141414141414366e-01 2.260978460311889648e+00
6.515151515151514916e-01 9.139983654022216797e-01
6.616161616161616577e-01 3.934372663497924805e+00
6.717171717171717127e-01 6.151083469390869141e+00
6.818181818181818787e-01 7.102886676788330078e+00
6.919191919191919338e-01 6.602341175079345703e+00
7.020202020202019888e-01 4.759641170501708984e+00
7.121212121212121549e-01 1.945007681846618652e+00
7.222222222222222099e-01 1.297068357467651367e+00
7.323232323232323759e-01 4.361304759979248047e+00
7.424242424242424310e-01 6.694633483886718750e+00
7.525252525252525970e-01 7.892766952514648438e+00
7.626262626262626521e-01 7.759044647216796875e+00
7.727272727272727071e-01 6.325009822845458984e+00
7.828282828282828731e-01 3.828117370605468750e+00
7.929292929292929282e-01 6.601769328117370605e-01
8.030303030303029832e-01 2.704335689544677734e+00
8.131313131313131493e-01 5.783532619476318359e+00
8.232323232323233153e-01 8.157359123229980469e+00
8.333333333333333703e-01 9.518088340759277344e+00
8.434343434343434254e-01 9.701689720153808594e+00
8.535353535353535914e-01 8.691064834594726562e+00
8.636363636363636465e-01 6.604892253875732422e+00
8.737373737373737015e-01 3.668668746948242188e+00
8.838383838383838675e-01 1.748896986246109009e-01
8.939393939393940336e-01 3.555000782012939453e+00
9.040404040404040886e-01 7.208837985992431641e+00
9.141414141414141437e-01 1.051458454132080078e+01
9.242424242424243097e-01 1.326059532165527344e+01
9.343434343434343647e-01 1.531078052520751953e+01
9.444444444444444198e-01 1.660654640197753906e+01
9.545454545454545858e-01 1.717380714416503906e+01
9.646464646464647519e-01 1.712366867065429688e+01
9.747474747474748069e-01 1.667661666870117188e+01
9.848484848484848619e-01 1.520104980468750000e+01
9.949494949494950280e-01 5.895158004760742188e+01
1.005050505050505194e+00 7.027118530273437500e+02
1.015151515151515138e+00 4.403083984375000000e+03
1.025252525252525304e+00 9.608516601562500000e+03
1.035353535353535470e+00 7.651250976562500000e+03
1.045454545454545414e+00 2.155959472656250000e+03
1.055555555555555580e+00 2.439130859375000000e+02
1.065656565656565746e+00 7.973699092864990234e+00
1.075757575757575690e+00 1.319500732421875000e+01
1.085858585858585856e+00 1.033276844024658203e+01
1.095959595959596022e+00 8.090219497680664062e+00
1.106060606060605966e+00 6.301023960113525391e+00
1.116161616161616355e+00 4.891821384429931641e+00
1.126262626262626299e+00 3.793866634368896484e+00
1.136363636363636465e+00 2.949351549148559570e+00
1.146464646464646631e+00 2.309192657470703125e+00
1.156565656565656575e+00 1.834306597709655762e+00
1.166666666666666741e+00 1.491871595382690430e+00
1.176767676767676907e+00 1.254895806312561035e+00
1.186868686868686851e+00 1.101465821266174316e+00
1.196969696969697017e+00 1.013342499732971191e+00
1.207070707070707183e+00 9.754142165184020996e-01
1.217171717171717127e+00 9.750450849533081055e-01
1.227272727272727293e+00 1.001469135284423828e+00
1.237373737373737459e+00 1.045194745063781738e+00
1.247474747474747403e+00 1.097591161727905273e+00
1.257575757575757791e+00 1.150706171989440918e+00
1.267676767676767735e+00 1.197009444236755371e+00
1.277777777777777679e+00 1.229176521301269531e+00
1.287878787878788067e+00 1.240073561668395996e+00
1.297979797979798011e+00 1.223491668701171875e+00
1.308080808080808177e+00 1.174010276794433594e+00
1.318181818181818343e+00 1.087835788726806641e+00
1.328282828282828287e+00 9.636681079864501953e-01
1.338383838383838453e+00 8.032142519950866699e-01
1.348484848484848619e+00 6.121646165847778320e-01
1.358585858585858563e+00 4.005366265773773193e-01
1.368686868686868729e+00 1.826893240213394165e-01
1.378787878787878896e+00 2.355835773050785065e-02
1.388888888888888840e+00 1.986058801412582397e-01
1.398989898989899228e+00 3.237142860889434814e-01
1.409090909090909172e+00 3.847822248935699463e-01
1.419191919191919116e+00 3.759002685546875000e-01
1.429292929292929504e+00 3.023310303688049316e-01
1.439393939393939448e+00 1.818060129880905151e-01
1.449494949494949614e+00 4.318585619330406189e-02
1.459595959595959780e+00 9.664419293403625488e-02
1.469696969696969724e+00 1.098803337663412094e-02
1.479797979797979890e+00 8.546053171157836914e-01
1.489898989898990056e+00 8.589374423027038574e-01
1.500000000000000000e+00 5.715558528900146484e-01
