5.000000000000000000e-01 3.043835759162902832e-01
5.101010101010100550e-01 2.649973034858703613e-01
5.202020202020202211e-01 3.172239661216735840e-01
5.303030303030302761e-01 2.640714049339294434e-01
5.404040404040404422e-01 2.309647351503372192e-01
5.505050505050504972e-01 4.253003001213073730e-01
5.606060606060605522e-01 3.454243838787078857e-01
5.707070707070707183e-01 3.806901574134826660e-01
5.808080808080807733e-01 4.070456922054290771e-01
5.909090909090909394e-01 3.124247789382934570e-01
6.010101010101009944e-01 2.664750814437866211e-01
6.111111111111111605e-01 3.428860604763031006e-01
6.212121212121212155e-01 2.935358583927154541e-01
6.313131313131312705e-01 3.168824911117553711e-01
6.414141414141414366e-01 2.843421101570129395e-01
6.515151515151514916e-01 2.865867614746093750e-01
6.616161616161616577e-01 1.488608837127685547e+00
6.717171717171717127e-01 3.516280889511108398e+00
6.818181818181818787e-01 6.891445636749267578e+00
6.919191919191919338e-01 8.026170730590820312e+00
7.020202020202019888e-01 7.466760158538818359e+00
7.121212121212121549e-01 7.381385803222656250e+00
7.222222222222222099e-01 8.843568801879882812e+00
7.323232323232323759e-01 1.383518981933593750e+01
7.424242424242424310e-01 1.962209701538085938e+01
7.525252525252525970e-01 2.685540199279785156e+01
7.626262626262626521e-01 3.595529556274414062e+01
7.727272727272727071e-01 4.571616363525390625e+01
7.828282828282828731e-01 5.363686370849609375e+01
7.929292929292929282e-01 6.564077758789062500e+01
8.030303030303029832e-01 8.842312622070312500e+01
8.131313131313131493e-01 1.184082260131835938e+02
8.232323232323233153e-01 1.575378723144531250e+02
8.333333333333333703e-01 1.912154388427734375e+02
8.434343434343434254e-01 2.132318725585937500e+02
8.535353535353535914e-01 2.372941894531250000e+02
8.636363636363636465e-01 2.772221984863281250e+02
8.737373737373737015e-01 3.380108947753906250e+02
8.838383838383838675e-01 4.051878051757812500e+02
8.939393939393940336e-01 4.747463989257812500e+02
9.040404040404040886e-01 5.447233886718750000e+02
9.141414141414141437e-01 6.033023071289062500e+02
9.242424242424243097e-01 6.602556152343750000e+02
9.343434343434343647e-01 7.253556518554687500e+02
9.444444444444444198e-01 7.777993774414062500e+02
9.545454545454545858e-01 8.243850708007812500e+02
9.646464646464647519e-01 8.770369262695312500e+02
9.747474747474748069e-01 9.221846313476562500e+02
9.848484848484848619e-01 9.521832275390625000e+02
9.949494949494950280e-01 9.674020385742187500e+02
1.005050505050505194e+00 9.898121337890625000e+02
1.015151515151515138e+00 1.018075866699218750e+03
1.025252525252525304e+00 1.013538635253906250e+03
1.035353535353535470e+00 9.796062011718750000e+02
1.045454545454545414e+00 9.288038940429687500e+02
1.055555555555555580e+00 8.826464233398437500e+02
1.065656565656565746e+00 8.677756958007812500e+02
1.075757575757575690e+00 8.394204711914062500e+02
1.085858585858585856e+00 7.901182250976562500e+02
1.095959595959596022e+00 7.280883789062500000e+02
1.106060606060605966e+00 6.738787841796875000e+02
1.116161616161616355e+00 6.261677246093750000e+02
1.126262626262626299e+00 5.788718261718750000e+02
1.136363636363636465e+00 5.061914062500000000e+02
1.146464646464646631e+00 4.347274780273437500e+02
1.156565656565656575e+00 3.891917724609375000e+02
1.166666666666666741e+00 3.192723999023437500e+02
1.176767676767676907e+00 2.690787353515625000e+02
1.186868686868686851e+00 2.265719451904296875e+02
1.196969696969697017e+00 2.056613616943359375e+02
1.207070707070707183e+00 1.865220794677734375e+02
1.217171717171717127e+00 1.462112579345703125e+02
1.227272727272727293e+00 1.107038574218750000e+02
1.237373737373737459e+00 9.490828704833984375e+01
1.247474747474747403e+00 8.269799041748046875e+01
1.257575757575757791e+00 6.500870513916015625e+01
1.267676767676767735e+00 4.656489944458007812e+01
1.277777777777777679e+00 3.530291366577148438e+01
1.287878787878788067e+00 2.662797546386718750e+01
1.297979797979798011e+00 1.927612113952636719e+01
1.308080808080808177e+00 1.624729537963867188e+01
1.318181818181818343e+00 1.415399169921875000e+01
1.328282828282828287e+00 1.028207397460937500e+01
1.338383838383838453e+00 7.890418529510498047e+00
1.348484848484848619e+00 6.455778121948242188e+00
1.358585858585858563e+00 6.382792472839355469e+00
1.368686868686868729e+00 4.515267848968505859e+00
1.378787878787878896e+00 2.805726766586303711e+00
1.388888888888888840e+00 2.065661191940307617e+00
1.398989898989899228e+00 1.355748653411865234e+00
1.409090909090909172e+00 5.128087401390075684e-01
1.419191919191919116e+00 3.859025985002517700e-02
1.429292929292929504e+00 4.289244487881660461e-02
1.439393939393939448e+00 4.246127977967262268e-02
1.449494949494949614e+00 3.363125771284103394e-02
1.459595959595959780e+00 3.098481148481369019e-02
1.469696969696969724e+00 1.942051574587821960e-02
1.479797979797979890e+00 1.491454150527715683e-02
1.489898989898990056e+00 1.772117801010608673e-02
1.500000000000000000e+00 2.118045464158058167e-02
