5.000000000000000000e-01 5.357626808368770201e+24
5.101010101010100550e-01 5.110839348621656178e+24
5.202020202020202211e-01 5.257880651476204228e+24
5.303030303030302761e-01 5.570588127631471637e+24
5.404040404040404422e-01 5.729589838174811117e+24
5.505050505050504972e-01 5.511715920380979906e+24
5.606060606060605522e-01 5.117251321569527158e+24
5.707070707070707183e-01 4.924923262014022159e+24
5.808080808080807733e-01 5.032795209671057189e+24
5.909090909090909394e-01 5.262830143495481422e+24
6.010101010101009944e-01 5.304288624340391336e+24
6.111111111111111605e-01 4.993293236619465095e+24
6.212121212121212155e-01 4.603572045108341067e+24
6.313131313131312705e-01 4.334709885542895897e+24
6.414141414141414366e-01 4.362247127450054285e+24
6.515151515151514916e-01 4.553955779927209255e+24
6.616161616161616577e-01 4.550139897977336744e+24
6.717171717171717127e-01 4.330818487234471637e+24
6.818181818181818787e-01 3.953605052896451139e+24
6.919191919191919338e-01 3.623995747483647354e+24
7.020202020202019888e-01 3.506532357599411812e+24
7.121212121212121549e-01 3.594901773314893571e+24
7.222222222222222099e-01 3.685296872113969560e+24
7.323232323232323759e-01 3.640535559388737181e+24
7.424242424242424310e-01 3.398070978823146531e+24
7.525252525252525970e-01 3.062707153950473821e+24
7.626262626262626521e-01 2.780856468944504064e+24
7.727272727272727071e-01 2.681033066311129433e+24
7.828282828282828731e-01 2.721675278730777699e+24
7.929292929292929282e-01 2.821929009315746836e+24
8.030303030303029832e-01 2.826885418864051671e+24
8.131313131313131493e-01 2.700589209102646923e+24
8.232323232323233153e-01 2.471846123824134662e+24
8.333333333333333703e-01 2.200081052025277527e+24
8.434343434343434254e-01 1.999627634050867699e+24
8.535353535353535914e-01 1.916662249657854383e+24
8.636363636363636465e-01 1.942351502508316072e+24
8.737373737373737015e-01 2.018820750683622108e+24
8.838383838383838675e-01 2.054005753276401940e+24
8.939393939393940336e-01 2.014256190331695525e+24
9.040404040404040886e-01 1.900260500102941227e+24
9.141414141414141437e-01 1.734116152608186178e+24
9.242424242424243097e-01 1.536580058385995899e+24
9.343434343434343647e-01 1.378251221655782590e+24
9.444444444444444198e-01 1.279704823703948117e+24
9.545454545454545858e-01 1.241259070865763971e+24
9.646464646464647519e-01 1.262730792737185737e+24
9.747474747474748069e-01 1.304795710293518852e+24
9.848484848484848619e-01 1.332345922567604068e+24
9.949494949494950280e-01 1.333145761861425068e+24
1.005050505050505194e+00 1.300636978311213879e+24
1.015151515151515138e+00 1.246556312833868205e+24
1.025252525252525304e+00 1.156975608962608878e+24
1.035353535353535470e+00 1.061447559509835130e+24
1.045454545454545414e+00 9.621632917950522752e+23
1.055555555555555580e+00 8.646207281857601764e+23
1.065656565656565746e+00 7.807101643317513604e+23
1.075757575757575690e+00 7.091768613480433881e+23
1.085858585858585856e+00 6.552744663583475473e+23
1.095959595959596022e+00 6.166637016298165455e+23
1.106060606060605966e+00 5.915059816217756324e+23
1.116161616161616355e+00 5.673992936803719363e+23
1.126262626262626299e+00 5.563237892751632798e+23
1.136363636363636465e+00 5.433453518978040033e+23
1.146464646464646631e+00 5.274050591751097371e+23
1.156565656565656575e+00 5.142119261963144544e+23
1.166666666666666741e+00 4.942657716770666793e+23
1.176767676767676907e+00 4.754056331863615351e+23
1.186868686868686851e+00 4.562041939014957452e+23
1.196969696969697017e+00 4.316385711436644861e+23
1.207070707070707183e+00 4.063715757942650553e+23
1.217171717171717127e+00 3.769023617045587621e+23
1.227272727272727293e+00 3.489534187338646726e+23
1.237373737373737459e+00 3.201799567433915926e+23
1.247474747474747403e+00 2.898772164346515680e+23
1.257575757575757791e+00 2.617393204379915219e+23
1.267676767676767735e+00 2.337052234055431110e+23
1.277777777777777679e+00 2.097241678793445422e+23
1.287878787878788067e+00 1.926963279042343390e+23
1.297979797979798011e+00 1.829165451406171932e+23
1.308080808080808177e+00 1.825702723724679305e+23
1.318181818181818343e+00 1.866556497240422928e+23
1.328282828282828287e+00 1.958858672323306717e+23
1.338383838383838453e+00 2.025219753264566260e+23
1.348484848484848619e+00 2.016514115040873997e+23
1.358585858585858563e+00 1.934145619728073857e+23
1.368686868686868729e+00 1.745281224602783979e+23
1.378787878787878896e+00 1.467934787742531060e+23
1.388888888888888840e+00 1.131054276616149533e+23
1.398989898989899228e+00 8.260619530113275396e+22
1.409090909090909172e+00 7.078706553265193589e+22
1.419191919191919116e+00 8.101239841460409965e+22
1.429292929292929504e+00 9.411602685440502111e+22
1.439393939393939448e+00 9.613581922968665063e+22
1.449494949494949614e+00 8.260068289518885247e+22
1.459595959595959780e+00 5.782232360175949316e+22
1.469696969696969724e+00 3.668115468398765277e+22
1.479797979797979890e+00 4.056173759790678278e+22
1.489898989898990056e+00 5.154564329029435077e+22
1.500000000000000000e+00 4.940802774156145433e+22
