5.000000000000000000e-01 3.770945186261087656e-04
5.101010101010100550e-01 7.353248074650764465e-04
5.202020202020202211e-01 9.131456608884036541e-04
5.303030303030302761e-01 7.859506877139210701e-04
5.404040404040404422e-01 6.469759391620755196e-04
5.505050505050504972e-01 1.914103631861507893e-04
5.606060606060605522e-01 4.658467660192400217e-04
5.707070707070707183e-01 9.063341422006487846e-04
5.808080808080807733e-01 1.177240163087844849e-03
5.909090909090909394e-01 1.180155901238322258e-03
6.010101010101009944e-01 9.209636482410132885e-04
6.111111111111111605e-01 3.451350494287908077e-04
6.212121212121212155e-01 3.364235162734985352e-04
6.313131313131312705e-01 1.023975783027708530e-03
6.414141414141414366e-01 1.786958193406462669e-03
6.515151515151514916e-01 1.953314291313290596e-03
6.616161616161616577e-01 2.387422602623701096e-03
6.717171717171717127e-01 1.978274434804916382e-03
6.818181818181818787e-01 8.435985073447227478e-04
6.919191919191919338e-01 9.588978718966245651e-05
7.020202020202019888e-01 1.005431171506643295e-03
7.121212121212121549e-01 1.960488036274909973e-02
7.222222222222222099e-01 1.636272668838500977e-01
7.323232323232323759e-01 6.117909550666809082e-01
7.424242424242424310e-01 8.821084499359130859e-01
7.525252525252525970e-01 4.872770011425018311e-01
7.626262626262626521e-01 1.119721755385398865e-01
7.727272727272727071e-01 2.710459008812904358e-02
7.828282828282828731e-01 1.032292656600475311e-02
7.929292929292929282e-01 1.492288429290056229e-02
8.030303030303029832e-01 4.731121007353067398e-03
8.131313131313131493e-01 7.535574957728385925e-03
8.232323232323233153e-01 1.089486386626958847e-02
8.333333333333333703e-01 8.146338164806365967e-03
8.434343434343434254e-01 6.033890880644321442e-03
8.535353535353535914e-01 6.388960871845483780e-03
8.636363636363636465e-01 3.362717339769005775e-03
8.737373737373737015e-01 3.966557793319225311e-03
8.838383838383838675e-01 7.459005340933799744e-03
8.939393939393940336e-01 7.098851259797811508e-03
9.040404040404040886e-01 7.196051999926567078e-03
9.141414141414141437e-01 7.417673710733652115e-03
9.242424242424243097e-01 6.553872954100370407e-03
9.343434343434343647e-01 4.562722519040107727e-03
9.444444444444444198e-01 4.352382849901914597e-03
9.545454545454545858e-01 4.401048645377159119e-03
9.646464646464647519e-01 5.115110892802476883e-03
9.747474747474748069e-01 5.798637866973876953e-03
9.848484848484848619e-01 3.672110382467508316e-03
9.949494949494950280e-01 6.190784275531768799e-03
1.005050505050505194e+00 3.470570547506213188e-03
1.015151515151515138e+00 4.262752365320920944e-03
1.025252525252525304e+00 7.420985959470272064e-03
1.035353535353535470e+00 5.855178460478782654e-03
1.045454545454545414e+00 6.523083429783582687e-03
1.055555555555555580e+00 4.964825697243213654e-03
1.065656565656565746e+00 2.590431598946452141e-03
1.075757575757575690e+00 1.612410414963960648e-03
1.085858585858585856e+00 3.494231030344963074e-03
1.095959595959596022e+00 3.611453808844089508e-03
1.106060606060605966e+00 1.970292767509818077e-03
1.116161616161616355e+00 7.446517702192068100e-04
1.126262626262626299e+00 1.231833244673907757e-03
1.136363636363636465e+00 1.045812619850039482e-03
1.146464646464646631e+00 1.500132842920720577e-03
1.156565656565656575e+00 1.877024420537054539e-03
1.166666666666666741e+00 1.242646249011158943e-03
1.176767676767676907e+00 5.338510964065790176e-04
1.186868686868686851e+00 5.251690745353698730e-04
1.196969696969697017e+00 7.420927868224680424e-04
1.207070707070707183e+00 6.586387171410024166e-04
1.217171717171717127e+00 5.312234279699623585e-04
1.227272727272727293e+00 3.002506564371287823e-04
1.237373737373737459e+00 3.816357348114252090e-04
1.247474747474747403e+00 1.018719049170613289e-04
1.257575757575757791e+00 4.256199463270604610e-04
1.267676767676767735e+00 2.578980056568980217e-04
1.277777777777777679e+00 4.363553671282716095e-05
1.287878787878788067e+00 2.951144997496157885e-04
1.297979797979798011e+00 1.444308145437389612e-04
1.308080808080808177e+00 1.486276305513456464e-04
1.318181818181818343e+00 1.077314300346188247e-04
1.328282828282828287e+00 2.809517172863706946e-05
1.338383838383838453e+00 3.549940083757974207e-05
1.348484848484848619e+00 6.039618892828002572e-05
1.358585858585858563e+00 4.160576281719841063e-05
1.368686868686868729e+00 4.326138878241181374e-05
1.378787878787878896e+00 4.545896081253886223e-05
1.388888888888888840e+00 1.574741691001690924e-05
1.398989898989899228e+00 2.189335464208852500e-05
1.409090909090909172e+00 3.060538574573001824e-06
1.419191919191919116e+00 8.765117854636628181e-06
1.429292929292929504e+00 1.352383424091385677e-05
1.439393939393939448e+00 1.845356564444955438e-05
1.449494949494949614e+00 1.787569999578408897e-05
1.459595959595959780e+00 1.291916032641893253e-05
1.469696969696969724e+00 5.660715032718144357e-06
1.479797979797979890e+00 2.462387556079193018e-06
1.489898989898990056e+00 8.435892596025951207e-06
1.500000000000000000e+00 1.017746581055689603e-05
