5.000000000000000000e-01 3.203337748480000000e+11
5.101010101010100550e-01 3.084459376640000000e+11
5.202020202020202211e-01 2.151690895360000000e+11
5.303030303030302761e-01 2.033142988800000000e+11
5.404040404040404422e-01 2.930945556480000000e+11
5.505050505050504972e-01 2.629983764480000000e+11
5.606060606060605522e-01 2.612773683200000000e+11
5.707070707070707183e-01 2.389404549120000000e+11
5.808080808080807733e-01 1.787757035520000000e+11
5.909090909090909394e-01 2.141623091200000000e+11
6.010101010101009944e-01 2.932239892480000000e+11
6.111111111111111605e-01 2.998857564160000000e+11
6.212121212121212155e-01 2.679448207360000000e+11
6.313131313131312705e-01 2.978654126080000000e+11
6.414141414141414366e-01 2.450504908800000000e+11
6.515151515151514916e-01 2.392430346240000000e+11
6.616161616161616577e-01 2.749386588160000000e+11
6.717171717171717127e-01 2.941692149760000000e+11
6.818181818181818787e-01 2.860647383040000000e+11
6.919191919191919338e-01 2.882941091840000000e+11
7.020202020202019888e-01 2.747336949760000000e+11
7.121212121212121549e-01 2.336757678080000000e+11
7.222222222222222099e-01 2.534691635200000000e+11
7.323232323232323759e-01 2.646065807360000000e+11
7.424242424242424310e-01 2.413052559360000000e+11
7.525252525252525970e-01 2.729829171200000000e+11
7.626262626262626521e-01 3.705190154240000000e+11
7.727272727272727071e-01 3.172929699840000000e+11
7.828282828282828731e-01 2.688012124160000000e+11
7.929292929292929282e-01 3.277217792000000000e+11
8.030303030303029832e-01 2.894170030080000000e+11
8.131313131313131493e-01 2.878263787520000000e+11
8.232323232323233153e-01 3.255359569920000000e+11
8.333333333333333703e-01 3.262405017600000000e+11
8.434343434343434254e-01 4.060055470080000000e+11
8.535353535353535914e-01 2.800101294080000000e+11
8.636363636363636465e-01 3.259269775360000000e+11
8.737373737373737015e-01 3.650030796800000000e+11
8.838383838383838675e-01 3.184321167360000000e+11
8.939393939393940336e-01 2.812412559360000000e+11
9.040404040404040886e-01 3.735003791360000000e+11
9.141414141414141437e-01 4.655696445440000000e+11
9.242424242424243097e-01 4.536773509120000000e+11
9.343434343434343647e-01 4.300044697600000000e+11
9.444444444444444198e-01 4.743082475520000000e+11
9.545454545454545858e-01 4.849294704640000000e+11
9.646464646464647519e-01 3.566009057280000000e+11
9.747474747474748069e-01 4.724751400960000000e+11
9.848484848484848619e-01 3.986999869440000000e+11
9.949494949494950280e-01 4.313454346240000000e+11
1.005050505050505194e+00 3.840757268480000000e+11
1.015151515151515138e+00 4.983234887680000000e+11
1.025252525252525304e+00 5.331195330560000000e+11
1.035353535353535470e+00 4.719977431040000000e+11
1.045454545454545414e+00 5.086206361600000000e+11
1.055555555555555580e+00 5.087347998720000000e+11
1.065656565656565746e+00 5.578331258880000000e+11
1.075757575757575690e+00 5.323932303360000000e+11
1.085858585858585856e+00 4.833925201920000000e+11
1.095959595959596022e+00 6.979867770880000000e+11
1.106060606060605966e+00 5.747842744320000000e+11
1.116161616161616355e+00 5.327770419200000000e+11
1.126262626262626299e+00 4.901336514560000000e+11
1.136363636363636465e+00 5.177919078400000000e+11
1.146464646464646631e+00 4.419225190400000000e+11
1.156565656565656575e+00 4.265814589440000000e+11
1.166666666666666741e+00 4.357522718720000000e+11
1.176767676767676907e+00 3.261343662080000000e+11
1.186868686868686851e+00 3.577705922560000000e+11
1.196969696969697017e+00 2.678477455360000000e+11
1.207070707070707183e+00 2.874200227840000000e+11
1.217171717171717127e+00 2.128477716480000000e+11
1.227272727272727293e+00 2.294421913600000000e+11
1.237373737373737459e+00 1.931450941440000000e+11
1.247474747474747403e+00 1.126318899200000000e+11
1.257575757575757791e+00 1.596292628480000000e+11
1.267676767676767735e+00 1.473336606720000000e+11
1.277777777777777679e+00 1.171917619200000000e+11
1.287878787878788067e+00 1.088835829760000000e+11
1.297979797979798011e+00 1.015546593280000000e+11
1.308080808080808177e+00 1.034355343360000000e+11
1.318181818181818343e+00 7.900613836800000000e+10
1.328282828282828287e+00 8.509597286400000000e+10
1.338383838383838453e+00 7.847511654400000000e+10
1.348484848484848619e+00 7.743334809600000000e+10
1.358585858585858563e+00 6.963464601600000000e+10
1.368686868686868729e+00 6.463773900800000000e+10
1.378787878787878896e+00 4.521996697600000000e+10
1.388888888888888840e+00 4.497489920000000000e+10
1.398989898989899228e+00 2.990468505600000000e+10
1.409090909090909172e+00 3.058570649600000000e+10
1.419191919191919116e+00 2.576313139200000000e+10
1.429292929292929504e+00 3.112704000000000000e+10
1.439393939393939448e+00 2.230202572800000000e+10
1.449494949494949614e+00 1.815130726400000000e+10
1.459595959595959780e+00 1.839476326400000000e+10
1.469696969696969724e+00 1.222754918400000000e+10
1.479797979797979890e+00 1.200245862400000000e+10
1.489898989898990056e+00 1.398088499200000000e+10
1.500000000000000000e+00 1.306531123200000000e+10
