5.000000000000000000e-01 7.527842071706054164e+20
5.101010101010100550e-01 6.142491901392941220e+20
5.202020202020202211e-01 5.032897136263723745e+20
5.303030303030302761e-01 5.646364811130180731e+20
5.404040404040404422e-01 7.005281666380395971e+20
5.505050505050504972e-01 8.000497667348354826e+20
5.606060606060605522e-01 7.695727821565124936e+20
5.707070707070707183e-01 6.382919382249882255e+20
5.808080808080807733e-01 5.295377477858502902e+20
5.909090909090909394e-01 5.749737903702052700e+20
6.010101010101009944e-01 6.883619033509307351e+20
6.111111111111111605e-01 7.904481626980257628e+20
6.212121212121212155e-01 7.812487160341913928e+20
6.313131313131312705e-01 6.914370878402388296e+20
6.414141414141414366e-01 5.713961026787244769e+20
6.515151515151514916e-01 5.641232114929861919e+20
6.616161616161616577e-01 6.635285624244005765e+20
6.717171717171717127e-01 7.731733396898510275e+20
6.818181818181818787e-01 8.197512558859769610e+20
6.919191919191919338e-01 7.817748631344077865e+20
7.020202020202019888e-01 6.730992042137721242e+20
7.121212121212121549e-01 5.834763753604482335e+20
7.222222222222222099e-01 5.974962921066851205e+20
7.323232323232323759e-01 6.912835432404431667e+20
7.424242424242424310e-01 7.699971760526479852e+20
7.525252525252525970e-01 8.287982838499225108e+20
7.626262626262626521e-01 8.092382358745781371e+20
7.727272727272727071e-01 7.288933852035908895e+20
7.828282828282828731e-01 6.355501608455939031e+20
7.929292929292929282e-01 6.086514269087051284e+20
8.030303030303029832e-01 6.403809751333905367e+20
8.131313131313131493e-01 7.358019070319772303e+20
8.232323232323233153e-01 8.150793342225334927e+20
8.333333333333333703e-01 8.277756148907885199e+20
8.434343434343434254e-01 8.214573460885644247e+20
8.535353535353535914e-01 7.517182614338021622e+20
8.636363636363636465e-01 6.985785302118532383e+20
8.737373737373737015e-01 6.509150353992984822e+20
8.838383838383838675e-01 6.744801908182587802e+20
8.939393939393940336e-01 6.965184852260521247e+20
9.040404040404040886e-01 7.734739549649780081e+20
9.141414141414141437e-01 8.127397845848586977e+20
9.242424242424243097e-01 8.209952345455497052e+20
9.343434343434343647e-01 8.425580473489345741e+20
9.444444444444444198e-01 8.206269949072679895e+20
9.545454545454545858e-01 7.766693996380857303e+20
9.646464646464647519e-01 7.455361561515618468e+20
9.747474747474748069e-01 7.179483011029412086e+20
9.848484848484848619e-01 7.058666210463338988e+20
9.949494949494950280e-01 7.306989768104455700e+20
1.005050505050505194e+00 7.478787316452362813e+20
1.015151515151515138e+00 8.022034021503928893e+20
1.025252525252525304e+00 8.173162158624530760e+20
1.035353535353535470e+00 8.587753688696073748e+20
1.045454545454545414e+00 8.704436325541709087e+20
1.055555555555555580e+00 8.845974610205778903e+20
1.065656565656565746e+00 8.740814855219236045e+20
1.075757575757575690e+00 8.570172761650726175e+20
1.085858585858585856e+00 8.572378821780695941e+20
1.095959595959596022e+00 8.375109899102799790e+20
1.106060606060605966e+00 8.274030827591119667e+20
1.116161616161616355e+00 8.201410987287212196e+20
1.126262626262626299e+00 7.833801852953328353e+20
1.136363636363636465e+00 7.859000900243349832e+20
1.146464646464646631e+00 7.698813490997315502e+20
1.156565656565656575e+00 7.518798280704340787e+20
1.166666666666666741e+00 7.128556447180594872e+20
1.176767676767676907e+00 7.069928024281532334e+20
1.186868686868686851e+00 6.985853559800384717e+20
1.196969696969697017e+00 6.727296979380952105e+20
1.207070707070707183e+00 6.516843065106487050e+20
1.217171717171717127e+00 6.274481147472102031e+20
1.227272727272727293e+00 5.918301304567554376e+20
1.237373737373737459e+00 5.622925334288321741e+20
1.247474747474747403e+00 5.286208782335874171e+20
1.257575757575757791e+00 5.016973393143760159e+20
1.267676767676767735e+00 4.753915676003003269e+20
1.277777777777777679e+00 4.298057803283352781e+20
1.287878787878788067e+00 4.034527560025442877e+20
1.297979797979798011e+00 3.853669332177219748e+20
1.308080808080808177e+00 3.565619451854323712e+20
1.318181818181818343e+00 3.346885599296193823e+20
1.328282828282828287e+00 3.199918717862538117e+20
1.338383838383838453e+00 2.923494809608954839e+20
1.348484848484848619e+00 2.676897397262516224e+20
1.358585858585858563e+00 2.350137846689347666e+20
1.368686868686868729e+00 2.093614571132928655e+20
1.378787878787878896e+00 1.790473585855551242e+20
1.388888888888888840e+00 1.498080898485730673e+20
1.398989898989899228e+00 1.296321482359067116e+20
1.409090909090909172e+00 1.171011725438180393e+20
1.419191919191919116e+00 1.134992516160610632e+20
1.429292929292929504e+00 1.097771056888765481e+20
1.439393939393939448e+00 9.962828790906224640e+19
1.449494949494949614e+00 8.356522347171990733e+19
1.459595959595959780e+00 6.425754420127570330e+19
1.469696969696969724e+00 5.264046058396188672e+19
1.479797979797979890e+00 5.037286298720875315e+19
1.489898989898990056e+00 5.069779506149562778e+19
1.500000000000000000e+00 4.548686201179078656e+19
