5.000000000000000000e-01 3.924129749940048641e+23
5.101010101010100550e-01 3.447539742109282704e+23
5.202020202020202211e-01 3.116418163970404925e+23
5.303030303030302761e-01 3.479709134391575252e+23
5.404040404040404422e-01 4.082728874705498218e+23
5.505050505050504972e-01 4.354562185045909271e+23
5.606060606060605522e-01 4.009005309093413388e+23
5.707070707070707183e-01 3.687097014928225075e+23
5.808080808080807733e-01 3.437957523254119047e+23
5.909090909090909394e-01 3.609115205796468894e+23
6.010101010101009944e-01 4.180494816856307894e+23
6.111111111111111605e-01 4.532435995640564191e+23
6.212121212121212155e-01 4.402620637101535118e+23
6.313131313131312705e-01 4.007212516153749741e+23
6.414141414141414366e-01 3.724682616266378476e+23
6.515151515151514916e-01 3.812102168777252269e+23
6.616161616161616577e-01 4.318619496851820627e+23
6.717171717171717127e-01 4.719525612224699905e+23
6.818181818181818787e-01 4.713218411018560073e+23
6.919191919191919338e-01 4.460077561147527906e+23
7.020202020202019888e-01 4.287787853802842211e+23
7.121212121212121549e-01 4.004578811091663475e+23
7.222222222222222099e-01 4.205774422284663962e+23
7.323232323232323759e-01 4.679330084830492754e+23
7.424242424242424310e-01 4.924510732288155021e+23
7.525252525252525970e-01 5.062134251717133966e+23
7.626262626262626521e-01 4.882887743956056518e+23
7.727272727272727071e-01 4.721310118541049190e+23
7.828282828282828731e-01 4.575839527121339894e+23
7.929292929292929282e-01 4.629921633750566327e+23
8.030303030303029832e-01 4.888850870150665245e+23
8.131313131313131493e-01 5.199041518661375906e+23
8.232323232323233153e-01 5.308638236889302780e+23
8.333333333333333703e-01 5.405952377925494647e+23
8.434343434343434254e-01 5.238950256831312104e+23
8.535353535353535914e-01 5.040078503046034793e+23
8.636363636363636465e-01 4.693571908004119021e+23
8.737373737373737015e-01 4.756008372086102819e+23
8.838383838383838675e-01 5.076566667226990552e+23
8.939393939393940336e-01 5.349134244450648090e+23
9.040404040404040886e-01 5.421373423625551605e+23
9.141414141414141437e-01 5.355068187319671456e+23
9.242424242424243097e-01 5.291179402429853220e+23
9.343434343434343647e-01 5.080039482971648489e+23
9.444444444444444198e-01 4.851910184279151298e+23
9.545454545454545858e-01 4.573732202783700691e+23
9.646464646464647519e-01 4.594879305193981592e+23
9.747474747474748069e-01 4.349421956575213681e+23
9.848484848484848619e-01 4.450134333746234230e+23
9.949494949494950280e-01 4.378513048440205948e+23
1.005050505050505194e+00 4.466051135693272132e+23
1.015151515151515138e+00 4.360894966697932567e+23
1.025252525252525304e+00 4.255859494172606532e+23
1.035353535353535470e+00 4.054485900722332364e+23
1.045454545454545414e+00 3.832897630128628082e+23
1.055555555555555580e+00 3.556324010964431940e+23
1.065656565656565746e+00 3.316741157699606104e+23
1.075757575757575690e+00 3.038561014476334359e+23
1.085858585858585856e+00 2.875671220273896363e+23
1.095959595959596022e+00 2.664025816793515567e+23
1.106060606060605966e+00 2.405156388196468130e+23
1.116161616161616355e+00 2.272623557642283699e+23
1.126262626262626299e+00 2.125935012739348326e+23
1.136363636363636465e+00 1.964832066725065848e+23
1.146464646464646631e+00 1.949989643505133452e+23
1.156565656565656575e+00 1.808380798693901808e+23
1.166666666666666741e+00 1.706490820292316422e+23
1.176767676767676907e+00 1.602511171663631126e+23
1.186868686868686851e+00 1.514043361303490577e+23
1.196969696969697017e+00 1.432743299966287814e+23
1.207070707070707183e+00 1.302201781023341522e+23
1.217171717171717127e+00 1.212538355034126654e+23
1.227272727272727293e+00 1.126798555112269509e+23
1.237373737373737459e+00 1.031441408258155217e+23
1.247474747474747403e+00 9.627279170875349690e+22
1.257575757575757791e+00 8.651965224053187491e+22
1.267676767676767735e+00 7.888623101612397901e+22
1.277777777777777679e+00 7.232565279134865529e+22
1.287878787878788067e+00 6.717841671963287749e+22
1.297979797979798011e+00 6.250874685600309445e+22
1.308080808080808177e+00 5.872955122869514273e+22
1.318181818181818343e+00 5.887017612705978647e+22
1.328282828282828287e+00 5.682511855786860845e+22
1.338383838383838453e+00 5.541701409117569443e+22
1.348484848484848619e+00 5.259043336784803214e+22
1.358585858585858563e+00 4.704617796738178089e+22
1.368686868686868729e+00 4.422136265510804783e+22
1.378787878787878896e+00 3.709351777666857750e+22
1.388888888888888840e+00 3.032828022222684265e+22
1.398989898989899228e+00 2.451391242690979116e+22
1.409090909090909172e+00 2.222191798655026148e+22
1.419191919191919116e+00 2.275520047742627034e+22
1.429292929292929504e+00 2.379028529778296829e+22
1.439393939393939448e+00 2.318295011823410636e+22
1.449494949494949614e+00 1.965376056524055930e+22
1.459595959595959780e+00 1.438767224755866042e+22
1.469696969696969724e+00 1.074463394778500091e+22
1.479797979797979890e+00 1.076566350624500744e+22
1.489898989898990056e+00 1.195630941313052338e+22
1.500000000000000000e+00 1.092285489583893355e+22
