5.000000000000000000e-01 6.876218176762281984e+18
5.101010101010100550e-01 5.317832517959548928e+18
5.202020202020202211e-01 3.568274497557495808e+18
5.303030303030302761e-01 4.030603468996608000e+18
5.404040404040404422e-01 5.834738772700299264e+18
5.505050505050504972e-01 7.004287641898188800e+18
5.606060606060605522e-01 6.663353825136476160e+18
5.707070707070707183e-01 5.324671480284315648e+18
5.808080808080807733e-01 3.673129698818260992e+18
5.909090909090909394e-01 3.830269976514658304e+18
6.010101010101009944e-01 5.518177280435683328e+18
6.111111111111111605e-01 6.848651770986496000e+18
6.212121212121212155e-01 6.866812954298286080e+18
6.313131313131312705e-01 5.794656626065539072e+18
6.414141414141414366e-01 4.233412237030588416e+18
6.515151515151514916e-01 3.524599421801070592e+18
6.616161616161616577e-01 4.676161380280172544e+18
6.717171717171717127e-01 6.228440351502237696e+18
6.818181818181818787e-01 6.825383905919500288e+18
6.919191919191919338e-01 6.413952702119673856e+18
7.020202020202019888e-01 5.310305261355794432e+18
7.121212121212121549e-01 3.956037064302002176e+18
7.222222222222222099e-01 3.582480737544175616e+18
7.323232323232323759e-01 4.630058307971710976e+18
7.424242424242424310e-01 5.987510965577449472e+18
7.525252525252525970e-01 6.418440358828441600e+18
7.626262626262626521e-01 6.439771434163109888e+18
7.727272727272727071e-01 5.478989036754305024e+18
7.828282828282828731e-01 4.337340824867045376e+18
7.929292929292929282e-01 3.598790893030604800e+18
8.030303030303029832e-01 3.878988786985598976e+18
8.131313131313131493e-01 4.980256059953250304e+18
8.232323232323233153e-01 5.915958047376670720e+18
8.333333333333333703e-01 6.243443187663241216e+18
8.434343434343434254e-01 6.117276977155014656e+18
8.535353535353535914e-01 5.548553488176250880e+18
8.636363636363636465e-01 4.619315529612525568e+18
8.737373737373737015e-01 3.766767957330362368e+18
8.838383838383838675e-01 3.520578782656200704e+18
8.939393939393940336e-01 3.999403177291022336e+18
9.040404040404040886e-01 4.763047537886101504e+18
9.141414141414141437e-01 5.375317184882933760e+18
9.242424242424243097e-01 5.641462220723322880e+18
9.343434343434343647e-01 5.875670292067516416e+18
9.444444444444444198e-01 5.611109102726938624e+18
9.545454545454545858e-01 5.075070246151258112e+18
9.646464646464647519e-01 4.507103221172404224e+18
9.747474747474748069e-01 3.888817321426288640e+18
9.848484848484848619e-01 3.527191520463552512e+18
9.949494949494950280e-01 3.425665915289600000e+18
1.005050505050505194e+00 3.598470660269015040e+18
1.015151515151515138e+00 3.956514527226363904e+18
1.025252525252525304e+00 4.269936638915772416e+18
1.035353535353535470e+00 4.581601456146087936e+18
1.045454545454545414e+00 4.865108605222780928e+18
1.055555555555555580e+00 4.975709579372396544e+18
1.065656565656565746e+00 4.995120357649154048e+18
1.075757575757575690e+00 4.946942506899079168e+18
1.085858585858585856e+00 4.821346942925668352e+18
1.095959595959596022e+00 4.700925680672571392e+18
1.106060606060605966e+00 4.446735909638897664e+18
1.116161616161616355e+00 4.307661707498487808e+18
1.126262626262626299e+00 4.129619438880161792e+18
1.136363636363636465e+00 3.882700738240970752e+18
1.146464646464646631e+00 3.733776286305222656e+18
1.156565656565656575e+00 3.583566230398697472e+18
1.166666666666666741e+00 3.485888915921960960e+18
1.176767676767676907e+00 3.389455698852052992e+18
1.186868686868686851e+00 3.297267421299081216e+18
1.196969696969697017e+00 3.262206744268374016e+18
1.207070707070707183e+00 3.227099063115579392e+18
1.217171717171717127e+00 3.154902380856737792e+18
1.227272727272727293e+00 3.163203143890632704e+18
1.237373737373737459e+00 3.162393353576775680e+18
1.247474747474747403e+00 3.200605230932688896e+18
1.257575757575757791e+00 3.229915187272220672e+18
1.267676767676767735e+00 3.222520696697520128e+18
1.277777777777777679e+00 3.263528632122867712e+18
1.287878787878788067e+00 3.264334024390213632e+18
1.297979797979798011e+00 3.072339502971224064e+18
1.308080808080808177e+00 3.184198043545108480e+18
1.318181818181818343e+00 3.077993741517062144e+18
1.328282828282828287e+00 2.882962368982155264e+18
1.338383838383838453e+00 2.686957378900852736e+18
1.348484848484848619e+00 2.519680153752174592e+18
1.358585858585858563e+00 2.269970892601688064e+18
1.368686868686868729e+00 2.151799780894834688e+18
1.378787878787878896e+00 2.139494321634672640e+18
1.388888888888888840e+00 2.128844314569080832e+18
1.398989898989899228e+00 2.206629402115047424e+18
1.409090909090909172e+00 2.252031260882894848e+18
1.419191919191919116e+00 2.186946769588322304e+18
1.429292929292929504e+00 2.058123589231575040e+18
1.439393939393939448e+00 1.824122088634449920e+18
1.449494949494949614e+00 1.673589326065172480e+18
1.459595959595959780e+00 1.653133874303074304e+18
1.469696969696969724e+00 1.643493906106548224e+18
1.479797979797979890e+00 1.622409258815455232e+18
1.489898989898990056e+00 1.497877747219824640e+18
1.500000000000000000e+00 1.316157062450774016e+18
