5.000000000000000000e-01 5.180540898508800000e+13
5.101010101010100550e-01 4.904065800601600000e+13
5.202020202020202211e-01 4.799427562700800000e+13
5.303030303030302761e-01 5.182331446886400000e+13
5.404040404040404422e-01 5.695224781209600000e+13
5.505050505050504972e-01 6.050335529369600000e+13
5.606060606060605522e-01 6.013486052147200000e+13
5.707070707070707183e-01 5.819657197977600000e+13
5.808080808080807733e-01 5.834075117977600000e+13
5.909090909090909394e-01 6.171051792793600000e+13
6.010101010101009944e-01 6.718911361843200000e+13
6.111111111111111605e-01 7.069248572620800000e+13
6.212121212121212155e-01 7.170218052812800000e+13
6.313131313131312705e-01 7.041233977344000000e+13
6.414141414141414366e-01 7.048553876684800000e+13
6.515151515151514916e-01 7.364018385715200000e+13
6.616161616161616577e-01 7.964977423974400000e+13
6.717171717171717127e-01 8.335798357196800000e+13
6.818181818181818787e-01 8.500904617574400000e+13
6.919191919191919338e-01 8.376008310784000000e+13
7.020202020202019888e-01 8.316247028531200000e+13
7.121212121212121549e-01 8.381900469043200000e+13
7.222222222222222099e-01 8.701476234854400000e+13
7.323232323232323759e-01 8.933877586329600000e+13
7.424242424242424310e-01 8.934752518144000000e+13
7.525252525252525970e-01 8.619170568601600000e+13
7.626262626262626521e-01 8.136615893401600000e+13
7.727272727272727071e-01 7.778353545216000000e+13
7.828282828282828731e-01 7.522817251737600000e+13
7.929292929292929282e-01 7.443324285747200000e+13
8.030303030303029832e-01 7.335991207526400000e+13
8.131313131313131493e-01 6.982652972236800000e+13
8.232323232323233153e-01 6.543521087488000000e+13
8.333333333333333703e-01 5.950633567846400000e+13
8.434343434343434254e-01 5.484085615001600000e+13
8.535353535353535914e-01 5.054581335654400000e+13
8.636363636363636465e-01 4.889336663244800000e+13
8.737373737373737015e-01 4.758166516531200000e+13
8.838383838383838675e-01 4.664000616857600000e+13
8.939393939393940336e-01 4.450987435622400000e+13
9.040404040404040886e-01 4.181039933030400000e+13
9.141414141414141437e-01 3.801189921587200000e+13
9.242424242424243097e-01 3.425137432985600000e+13
9.343434343434343647e-01 3.091854681702400000e+13
9.444444444444444198e-01 2.866821883494400000e+13
9.545454545454545858e-01 2.724196673126400000e+13
9.646464646464647519e-01 2.638627628646400000e+13
9.747474747474748069e-01 2.577751710105600000e+13
9.848484848484848619e-01 2.517657190400000000e+13
9.949494949494950280e-01 2.473100260147200000e+13
1.005050505050505194e+00 2.344089970278400000e+13
1.015151515151515138e+00 2.230294308454400000e+13
1.025252525252525304e+00 2.062277201100800000e+13
1.035353535353535470e+00 1.887736692736000000e+13
1.045454545454545414e+00 1.716464281190400000e+13
1.055555555555555580e+00 1.562455624908800000e+13
1.065656565656565746e+00 1.424015700787200000e+13
1.075757575757575690e+00 1.299741828710400000e+13
1.085858585858585856e+00 1.205717172224000000e+13
1.095959595959596022e+00 1.132941593804800000e+13
1.106060606060605966e+00 1.073776427008000000e+13
1.116161616161616355e+00 1.026611059097600000e+13
1.126262626262626299e+00 9.626069237760000000e+12
1.136363636363636465e+00 9.374336548864000000e+12
1.146464646464646631e+00 8.887228956672000000e+12
1.156565656565656575e+00 8.476704112640000000e+12
1.166666666666666741e+00 8.167939899392000000e+12
1.176767676767676907e+00 7.702978232320000000e+12
1.186868686868686851e+00 7.310161739776000000e+12
1.196969696969697017e+00 6.833435574272000000e+12
1.207070707070707183e+00 6.386164432896000000e+12
1.217171717171717127e+00 5.913834946560000000e+12
1.227272727272727293e+00 5.505956708352000000e+12
1.237373737373737459e+00 5.076153794560000000e+12
1.247474747474747403e+00 4.596647329792000000e+12
1.257575757575757791e+00 4.156250128384000000e+12
1.267676767676767735e+00 3.728520773632000000e+12
1.277777777777777679e+00 3.380526448640000000e+12
1.287878787878788067e+00 3.084332302336000000e+12
1.297979797979798011e+00 2.869548548096000000e+12
1.308080808080808177e+00 2.768443277312000000e+12
1.318181818181818343e+00 2.758404997120000000e+12
1.328282828282828287e+00 2.794912481280000000e+12
1.338383838383838453e+00 2.803241320448000000e+12
1.348484848484848619e+00 2.785625243648000000e+12
1.358585858585858563e+00 2.635768266752000000e+12
1.368686868686868729e+00 2.408403173376000000e+12
1.378787878787878896e+00 2.046104305664000000e+12
1.388888888888888840e+00 1.632316686336000000e+12
1.398989898989899228e+00 1.233882054656000000e+12
1.409090909090909172e+00 1.055894994944000000e+12
1.419191919191919116e+00 1.127788183552000000e+12
1.429292929292929504e+00 1.254573342720000000e+12
1.439393939393939448e+00 1.269896183808000000e+12
1.449494949494949614e+00 1.107774799872000000e+12
1.459595959595959780e+00 8.048599367680000000e+11
1.469696969696969724e+00 5.471625543680000000e+11
1.479797979797979890e+00 5.599975178240000000e+11
1.489898989898990056e+00 6.653382492160000000e+11
1.500000000000000000e+00 6.370884321280000000e+11
