5.000000000000000000e-01 4.616689152000000000e+09
5.101010101010100550e-01 2.861953280000000000e+09
5.202020202020202211e-01 2.292170752000000000e+09
5.303030303030302761e-01 2.363404032000000000e+09
5.404040404040404422e-01 3.778916352000000000e+09
5.505050505050504972e-01 4.280466432000000000e+09
5.606060606060605522e-01 4.173262336000000000e+09
5.707070707070707183e-01 2.938220032000000000e+09
5.808080808080807733e-01 1.962373504000000000e+09
5.909090909090909394e-01 2.001800576000000000e+09
6.010101010101009944e-01 3.681438976000000000e+09
6.111111111111111605e-01 5.051916288000000000e+09
6.212121212121212155e-01 3.772728320000000000e+09
6.313131313131312705e-01 3.380366592000000000e+09
6.414141414141414366e-01 2.785883392000000000e+09
6.515151515151514916e-01 2.208376832000000000e+09
6.616161616161616577e-01 3.336424448000000000e+09
6.717171717171717127e-01 2.582296576000000000e+09
6.818181818181818787e-01 4.296452096000000000e+09
6.919191919191919338e-01 4.977753088000000000e+09
7.020202020202019888e-01 4.230740992000000000e+09
7.121212121212121549e-01 1.877111808000000000e+09
7.222222222222222099e-01 2.782678528000000000e+09
7.323232323232323759e-01 2.503803392000000000e+09
7.424242424242424310e-01 2.718894336000000000e+09
7.525252525252525970e-01 4.908015104000000000e+09
7.626262626262626521e-01 4.611912704000000000e+09
7.727272727272727071e-01 3.948328704000000000e+09
7.828282828282828731e-01 2.860511744000000000e+09
7.929292929292929282e-01 2.334416896000000000e+09
8.030303030303029832e-01 2.406172160000000000e+09
8.131313131313131493e-01 2.314976256000000000e+09
8.232323232323233153e-01 5.131721216000000000e+09
8.333333333333333703e-01 3.346685440000000000e+09
8.434343434343434254e-01 3.645064448000000000e+09
8.535353535353535914e-01 2.927452160000000000e+09
8.636363636363636465e-01 3.157984768000000000e+09
8.737373737373737015e-01 3.490322944000000000e+09
8.838383838383838675e-01 2.449587456000000000e+09
8.939393939393940336e-01 2.400402944000000000e+09
9.040404040404040886e-01 4.077738240000000000e+09
9.141414141414141437e-01 3.750214400000000000e+09
9.242424242424243097e-01 3.243653120000000000e+09
9.343434343434343647e-01 3.203101184000000000e+09
9.444444444444444198e-01 4.179233792000000000e+09
9.545454545454545858e-01 3.754961920000000000e+09
9.646464646464647519e-01 2.517147648000000000e+09
9.747474747474748069e-01 1.868950912000000000e+09
9.848484848484848619e-01 1.990307840000000000e+09
9.949494949494950280e-01 2.430185728000000000e+09
1.005050505050505194e+00 1.678000128000000000e+09
1.015151515151515138e+00 2.627599104000000000e+09
1.025252525252525304e+00 3.502966272000000000e+09
1.035353535353535470e+00 2.861718528000000000e+09
1.045454545454545414e+00 3.418207488000000000e+09
1.055555555555555580e+00 3.828317440000000000e+09
1.065656565656565746e+00 2.429227264000000000e+09
1.075757575757575690e+00 4.078085376000000000e+09
1.085858585858585856e+00 2.850144512000000000e+09
1.095959595959596022e+00 3.268584704000000000e+09
1.106060606060605966e+00 2.423947264000000000e+09
1.116161616161616355e+00 2.733414912000000000e+09
1.126262626262626299e+00 2.623395840000000000e+09
1.136363636363636465e+00 2.110398848000000000e+09
1.146464646464646631e+00 1.958462848000000000e+09
1.156565656565656575e+00 2.264527360000000000e+09
1.166666666666666741e+00 2.227450368000000000e+09
1.176767676767676907e+00 2.001106304000000000e+09
1.186868686868686851e+00 2.369434624000000000e+09
1.196969696969697017e+00 2.614723072000000000e+09
1.207070707070707183e+00 2.894036736000000000e+09
1.217171717171717127e+00 2.666607104000000000e+09
1.227272727272727293e+00 2.738109696000000000e+09
1.237373737373737459e+00 1.792048000000000000e+09
1.247474747474747403e+00 2.992042752000000000e+09
1.257575757575757791e+00 2.103302912000000000e+09
1.267676767676767735e+00 3.034653696000000000e+09
1.277777777777777679e+00 2.517165056000000000e+09
1.287878787878788067e+00 2.646355200000000000e+09
1.297979797979798011e+00 2.943313408000000000e+09
1.308080808080808177e+00 2.543646720000000000e+09
1.318181818181818343e+00 2.325111040000000000e+09
1.328282828282828287e+00 2.240323584000000000e+09
1.338383838383838453e+00 2.389381376000000000e+09
1.348484848484848619e+00 1.770152832000000000e+09
1.358585858585858563e+00 1.883958528000000000e+09
1.368686868686868729e+00 1.766256512000000000e+09
1.378787878787878896e+00 1.695652480000000000e+09
1.388888888888888840e+00 1.756491136000000000e+09
1.398989898989899228e+00 2.477072384000000000e+09
1.409090909090909172e+00 2.395243008000000000e+09
1.419191919191919116e+00 2.528564736000000000e+09
1.429292929292929504e+00 2.426466304000000000e+09
1.439393939393939448e+00 2.071883520000000000e+09
1.449494949494949614e+00 2.117313920000000000e+09
1.459595959595959780e+00 2.120085504000000000e+09
1.469696969696969724e+00 1.780695040000000000e+09
1.479797979797979890e+00 1.539208704000000000e+09
1.489898989898990056e+00 1.600614912000000000e+09
1.500000000000000000e+00 1.698200704000000000e+09
