5.000000000000000000e-01 5.973837742080000000e+11
5.101010101010100550e-01 6.280512798720000000e+11
5.202020202020202211e-01 4.395152834560000000e+11
5.303030303030302761e-01 4.881713070080000000e+11
5.404040404040404422e-01 8.507499479040000000e+11
5.505050505050504972e-01 6.209189969920000000e+11
5.606060606060605522e-01 7.509211873280000000e+11
5.707070707070707183e-01 6.766760427520000000e+11
5.808080808080807733e-01 9.965736427520000000e+11
5.909090909090909394e-01 4.693501214720000000e+11
6.010101010101009944e-01 6.123556700160000000e+11
6.111111111111111605e-01 8.928719011840000000e+11
6.212121212121212155e-01 5.895926579200000000e+11
6.313131313131312705e-01 1.219034611712000000e+12
6.414141414141414366e-01 8.924524052480000000e+11
6.515151515151514916e-01 6.163804323840000000e+11
6.616161616161616577e-01 7.390262722560000000e+11
6.717171717171717127e-01 8.483356016640000000e+11
6.818181818181818787e-01 5.057393459200000000e+11
6.919191919191919338e-01 5.134674493440000000e+11
7.020202020202019888e-01 2.167625646080000000e+11
7.121212121212121549e-01 2.163460014080000000e+11
7.222222222222222099e-01 2.024080670720000000e+11
7.323232323232323759e-01 5.129620357120000000e+11
7.424242424242424310e-01 4.214491054080000000e+11
7.525252525252525970e-01 3.034805370880000000e+11
7.626262626262626521e-01 2.797708902400000000e+11
7.727272727272727071e-01 3.549538549760000000e+11
7.828282828282828731e-01 2.394905640960000000e+11
7.929292929292929282e-01 2.060210176000000000e+11
8.030303030303029832e-01 3.036863201280000000e+11
8.131313131313131493e-01 3.257324994560000000e+11
8.232323232323233153e-01 1.982434017280000000e+11
8.333333333333333703e-01 2.203936194560000000e+11
8.434343434343434254e-01 2.147670425600000000e+11
8.535353535353535914e-01 2.909797744640000000e+11
8.636363636363636465e-01 3.359663063040000000e+11
8.737373737373737015e-01 2.194744442880000000e+11
8.838383838383838675e-01 2.680442552320000000e+11
8.939393939393940336e-01 1.663775047680000000e+11
9.040404040404040886e-01 2.494775623680000000e+11
9.141414141414141437e-01 2.719430246400000000e+11
9.242424242424243097e-01 1.607766507520000000e+11
9.343434343434343647e-01 1.386686709760000000e+11
9.444444444444444198e-01 1.251798548480000000e+11
9.545454545454545858e-01 2.079487426560000000e+11
9.646464646464647519e-01 1.589023375360000000e+11
9.747474747474748069e-01 9.825341440000000000e+10
9.848484848484848619e-01 1.615289057280000000e+11
9.949494949494950280e-01 1.485039697920000000e+11
1.005050505050505194e+00 6.958743552000000000e+10
1.015151515151515138e+00 7.202339225600000000e+10
1.025252525252525304e+00 1.192203632640000000e+11
1.035353535353535470e+00 9.013748531200000000e+10
1.045454545454545414e+00 1.282310799360000000e+11
1.055555555555555580e+00 3.583881216000000000e+10
1.065656565656565746e+00 8.030411980800000000e+10
1.075757575757575690e+00 7.159676108800000000e+10
1.085858585858585856e+00 6.865945804800000000e+10
1.095959595959596022e+00 6.491336294400000000e+10
1.106060606060605966e+00 5.576028160000000000e+10
1.116161616161616355e+00 5.531564851200000000e+10
1.126262626262626299e+00 5.964605440000000000e+10
1.136363636363636465e+00 1.021210521600000000e+10
1.146464646464646631e+00 3.727264563200000000e+10
1.156565656565656575e+00 7.318400204800000000e+10
1.166666666666666741e+00 3.419310284800000000e+10
1.176767676767676907e+00 2.734470144000000000e+10
1.186868686868686851e+00 5.729160396800000000e+10
1.196969696969697017e+00 4.615929036800000000e+10
1.207070707070707183e+00 2.514412748800000000e+10
1.217171717171717127e+00 3.228626124800000000e+10
1.227272727272727293e+00 3.446937600000000000e+10
1.237373737373737459e+00 3.026240921600000000e+10
1.247474747474747403e+00 2.884419379200000000e+10
1.257575757575757791e+00 3.873505280000000000e+10
1.267676767676767735e+00 1.173003980800000000e+10
1.277777777777777679e+00 2.972645990400000000e+10
1.287878787878788067e+00 1.758064230400000000e+10
1.297979797979798011e+00 1.756988825600000000e+10
1.308080808080808177e+00 1.323108454400000000e+10
1.318181818181818343e+00 1.019133132800000000e+10
1.328282828282828287e+00 2.427481088000000000e+10
1.338383838383838453e+00 7.010437632000000000e+09
1.348484848484848619e+00 2.044331622400000000e+10
1.358585858585858563e+00 1.378994176000000000e+10
1.368686868686868729e+00 2.472359116800000000e+10
1.378787878787878896e+00 1.282321715200000000e+10
1.388888888888888840e+00 1.059861299200000000e+10
1.398989898989899228e+00 8.958824448000000000e+09
1.409090909090909172e+00 7.663733760000000000e+09
1.419191919191919116e+00 3.378629632000000000e+09
1.429292929292929504e+00 8.822568960000000000e+09
1.439393939393939448e+00 7.173448192000000000e+09
1.449494949494949614e+00 6.856073216000000000e+09
1.459595959595959780e+00 6.376197120000000000e+09
1.469696969696969724e+00 3.110237952000000000e+09
1.479797979797979890e+00 2.461937920000000000e+09
1.489898989898990056e+00 4.521261568000000000e+09
1.500000000000000000e+00 3.576635136000000000e+09
