5.000000000000000000e-01 1.386717414855957031e+01
5.101010101010100550e-01 1.557500457763671875e+01
5.202020202020202211e-01 1.684894752502441406e+01
5.303030303030302761e-01 1.951036071777343750e+01
5.404040404040404422e-01 2.172830200195312500e+01
5.505050505050504972e-01 2.444657897949218750e+01
5.606060606060605522e-01 2.925905609130859375e+01
5.707070707070707183e-01 3.503613281250000000e+01
5.808080808080807733e-01 4.249528884887695312e+01
5.909090909090909394e-01 4.762847518920898438e+01
6.010101010101009944e-01 5.451442718505859375e+01
6.111111111111111605e-01 6.323269271850585938e+01
6.212121212121212155e-01 6.564952087402343750e+01
6.313131313131312705e-01 6.884089660644531250e+01
6.414141414141414366e-01 7.727301788330078125e+01
6.515151515151514916e-01 8.414607238769531250e+01
6.616161616161616577e-01 8.643088531494140625e+01
6.717171717171717127e-01 9.307421112060546875e+01
6.818181818181818787e-01 1.050204467773437500e+02
6.919191919191919338e-01 1.150433959960937500e+02
7.020202020202019888e-01 1.301296691894531250e+02
7.121212121212121549e-01 1.462370605468750000e+02
7.222222222222222099e-01 1.577603607177734375e+02
7.323232323232323759e-01 1.719328613281250000e+02
7.424242424242424310e-01 1.903079376220703125e+02
7.525252525252525970e-01 2.045934600830078125e+02
7.626262626262626521e-01 2.075507965087890625e+02
7.727272727272727071e-01 2.166540679931640625e+02
7.828282828282828731e-01 2.401055297851562500e+02
7.929292929292929282e-01 2.634034118652343750e+02
8.030303030303029832e-01 2.823461914062500000e+02
8.131313131313131493e-01 2.943206481933593750e+02
8.232323232323233153e-01 3.028619995117187500e+02
8.333333333333333703e-01 3.197142639160156250e+02
8.434343434343434254e-01 3.415930480957031250e+02
8.535353535353535914e-01 3.555274658203125000e+02
8.636363636363636465e-01 3.628484191894531250e+02
8.737373737373737015e-01 3.705450134277343750e+02
8.838383838383838675e-01 3.741689453125000000e+02
8.939393939393940336e-01 3.696409606933593750e+02
9.040404040404040886e-01 3.764165039062500000e+02
9.141414141414141437e-01 4.152586059570312500e+02
9.242424242424243097e-01 4.556132202148437500e+02
9.343434343434343647e-01 4.673096008300781250e+02
9.444444444444444198e-01 4.629359436035156250e+02
9.545454545454545858e-01 4.461667480468750000e+02
9.646464646464647519e-01 4.357801513671875000e+02
9.747474747474748069e-01 4.547145385742187500e+02
9.848484848484848619e-01 4.875601806640625000e+02
9.949494949494950280e-01 5.182633666992187500e+02
1.005050505050505194e+00 5.281367797851562500e+02
1.015151515151515138e+00 5.215537109375000000e+02
1.025252525252525304e+00 5.195018920898437500e+02
1.035353535353535470e+00 5.197928466796875000e+02
1.045454545454545414e+00 5.192219848632812500e+02
1.055555555555555580e+00 5.105498352050781250e+02
1.065656565656565746e+00 4.974456787109375000e+02
1.075757575757575690e+00 4.872164611816406250e+02
1.085858585858585856e+00 4.756763305664062500e+02
1.095959595959596022e+00 4.645740356445312500e+02
1.106060606060605966e+00 4.613957824707031250e+02
1.116161616161616355e+00 4.551268615722656250e+02
1.126262626262626299e+00 4.404931945800781250e+02
1.136363636363636465e+00 4.349958190917968750e+02
1.146464646464646631e+00 4.219866027832031250e+02
1.156565656565656575e+00 3.935539550781250000e+02
1.166666666666666741e+00 3.609641723632812500e+02
1.176767676767676907e+00 3.335588684082031250e+02
1.186868686868686851e+00 3.345505981445312500e+02
1.196969696969697017e+00 3.536789550781250000e+02
1.207070707070707183e+00 3.531387634277343750e+02
1.217171717171717127e+00 3.313613281250000000e+02
1.227272727272727293e+00 3.038681640625000000e+02
1.237373737373737459e+00 2.752279357910156250e+02
1.247474747474747403e+00 2.589842224121093750e+02
1.257575757575757791e+00 2.457330932617187500e+02
1.267676767676767735e+00 2.349830322265625000e+02
1.277777777777777679e+00 2.325899505615234375e+02
1.287878787878788067e+00 2.216613006591796875e+02
1.297979797979798011e+00 1.939757690429687500e+02
1.308080808080808177e+00 1.787002105712890625e+02
1.318181818181818343e+00 1.810323181152343750e+02
1.328282828282828287e+00 1.774706420898437500e+02
1.338383838383838453e+00 1.598234558105468750e+02
1.348484848484848619e+00 1.405767974853515625e+02
1.358585858585858563e+00 1.315203552246093750e+02
1.368686868686868729e+00 1.234838256835937500e+02
1.378787878787878896e+00 1.106969833374023438e+02
1.388888888888888840e+00 9.991798400878906250e+01
1.398989898989899228e+00 9.567019653320312500e+01
1.409090909090909172e+00 8.955014801025390625e+01
1.419191919191919116e+00 8.778356170654296875e+01
1.429292929292929504e+00 8.100308990478515625e+01
1.439393939393939448e+00 6.020958328247070312e+01
1.449494949494949614e+00 4.226984786987304688e+01
1.459595959595959780e+00 3.758929443359375000e+01
1.469696969696969724e+00 3.635664749145507812e+01
1.479797979797979890e+00 3.347885894775390625e+01
1.489898989898990056e+00 3.228098297119140625e+01
1.500000000000000000e+00 2.896261215209960938e+01
