5.000000000000000000e-01 9.387637974532882432e+18
5.101010101010100550e-01 9.105164091508391936e+18
5.202020202020202211e-01 9.292570900660486144e+18
5.303030303030302761e-01 9.831796691689275392e+18
5.404040404040404422e-01 1.011320899623714816e+19
5.505050505050504972e-01 9.860950242499756032e+18
5.606060606060605522e-01 9.324285214052057088e+18
5.707070707070707183e-01 8.977776323581706240e+18
5.808080808080807733e-01 9.102381777334304768e+18
5.909090909090909394e-01 9.311495694797766656e+18
6.010101010101009944e-01 9.328236858842284032e+18
6.111111111111111605e-01 8.858024114154110976e+18
6.212121212121212155e-01 8.151972172621938688e+18
6.313131313131312705e-01 7.752780182506700800e+18
6.414141414141414366e-01 7.713720031929958400e+18
6.515151515151514916e-01 7.854875334703841280e+18
6.616161616161616577e-01 7.742804313507889152e+18
6.717171717171717127e-01 7.353152785786863616e+18
6.818181818181818787e-01 6.720499292722692096e+18
6.919191919191919338e-01 6.133755357920493568e+18
7.020202020202019888e-01 5.955728482464956416e+18
7.121212121212121549e-01 5.934007630258241536e+18
7.222222222222222099e-01 6.028445233723736064e+18
7.323232323232323759e-01 5.849214942791598080e+18
7.424242424242424310e-01 5.455707427791962112e+18
7.525252525252525970e-01 4.909947239159300096e+18
7.626262626262626521e-01 4.481492296826617856e+18
7.727272727272727071e-01 4.343139374314029056e+18
7.828282828282828731e-01 4.389345525837594624e+18
7.929292929292929282e-01 4.424091742542757888e+18
8.030303030303029832e-01 4.377620058961084416e+18
8.131313131313131493e-01 4.107373294993276928e+18
8.232323232323233153e-01 3.795583133437394944e+18
8.333333333333333703e-01 3.365533624366530560e+18
8.434343434343434254e-01 3.091450939207319552e+18
8.535353535353535914e-01 2.981073440796049408e+18
8.636363636363636465e-01 3.015741042419826688e+18
8.737373737373737015e-01 3.085100434923192320e+18
8.838383838383838675e-01 3.073108886232760320e+18
8.939393939393940336e-01 2.997925105759158272e+18
9.040404040404040886e-01 2.821600824059232256e+18
9.141414141414141437e-01 2.550816398905442304e+18
9.242424242424243097e-01 2.280373784428937216e+18
9.343434343434343647e-01 2.053900777386147840e+18
9.444444444444444198e-01 1.898940144052862976e+18
9.545454545454545858e-01 1.852537317386878976e+18
9.646464646464647519e-01 1.885998754754985984e+18
9.747474747474748069e-01 1.940863697786241024e+18
9.848484848484848619e-01 1.939172374024814592e+18
9.949494949494950280e-01 1.931674804235010048e+18
1.005050505050505194e+00 1.876111121564303360e+18
1.015151515151515138e+00 1.789949954437939200e+18
1.025252525252525304e+00 1.661572076290441216e+18
1.035353535353535470e+00 1.534873427276464128e+18
1.045454545454545414e+00 1.363446782683512832e+18
1.055555555555555580e+00 1.248785724409380864e+18
1.065656565656565746e+00 1.113734154278666240e+18
1.075757575757575690e+00 1.020220140580503552e+18
1.085858585858585856e+00 9.551246541696532480e+17
1.095959595959596022e+00 8.985729228624363520e+17
1.106060606060605966e+00 8.613701910223912960e+17
1.116161616161616355e+00 8.345678083889561600e+17
1.126262626262626299e+00 8.116302778466304000e+17
1.136363636363636465e+00 7.907921960380661760e+17
1.146464646464646631e+00 7.680770417224581120e+17
1.156565656565656575e+00 7.470962295607132160e+17
1.166666666666666741e+00 7.219767181930659840e+17
1.176767676767676907e+00 6.856966140476784640e+17
1.186868686868686851e+00 6.564008826398310400e+17
1.196969696969697017e+00 6.253937613833502720e+17
1.207070707070707183e+00 5.832683785467985920e+17
1.217171717171717127e+00 5.447098114307522560e+17
1.227272727272727293e+00 5.032739598237696000e+17
1.237373737373737459e+00 4.619940327095009280e+17
1.247474747474747403e+00 4.191742395605319680e+17
1.257575757575757791e+00 3.759004855482449920e+17
1.267676767676767735e+00 3.359349215057674240e+17
1.277777777777777679e+00 2.999922987106304000e+17
1.287878787878788067e+00 2.764240951705600000e+17
1.297979797979798011e+00 2.594001161195356160e+17
1.308080808080808177e+00 2.567917824806748160e+17
1.318181818181818343e+00 2.615450399670272000e+17
1.328282828282828287e+00 2.728871208828272640e+17
1.338383838383838453e+00 2.818026655354716160e+17
1.348484848484848619e+00 2.806582457296486400e+17
1.358585858585858563e+00 2.729982918163169280e+17
1.368686868686868729e+00 2.462845573078712320e+17
1.378787878787878896e+00 2.079777096351088640e+17
1.388888888888888840e+00 1.617509079087841280e+17
1.398989898989899228e+00 1.175138872212848640e+17
1.409090909090909172e+00 1.002482904900567040e+17
1.419191919191919116e+00 1.131140110541127680e+17
1.429292929292929504e+00 1.317215359572377600e+17
1.439393939393939448e+00 1.330846211380346880e+17
1.449494949494949614e+00 1.166201217068564480e+17
1.459595959595959780e+00 8.193483340775424000e+16
1.469696969696969724e+00 5.208694529930035200e+16
1.479797979797979890e+00 5.650711948191334400e+16
1.489898989898990056e+00 7.180358537707520000e+16
1.500000000000000000e+00 6.943903837690265600e+16
