5.000000000000000000e-01 2.876208906240000000e+11
5.101010101010100550e-01 3.244065423360000000e+11
5.202020202020202211e-01 2.752173506560000000e+11
5.303030303030302761e-01 3.602341232640000000e+11
5.404040404040404422e-01 3.159942758400000000e+11
5.505050505050504972e-01 3.451768340480000000e+11
5.606060606060605522e-01 2.631051509760000000e+11
5.707070707070707183e-01 3.007390679040000000e+11
5.808080808080807733e-01 4.449852784640000000e+11
5.909090909090909394e-01 2.623546163200000000e+11
6.010101010101009944e-01 2.328332533760000000e+11
6.111111111111111605e-01 3.774922424320000000e+11
6.212121212121212155e-01 3.555030466560000000e+11
6.313131313131312705e-01 2.129919672320000000e+11
6.414141414141414366e-01 4.280571985920000000e+11
6.515151515151514916e-01 3.707657912320000000e+11
6.616161616161616577e-01 3.255006330880000000e+11
6.717171717171717127e-01 3.874404106240000000e+11
6.818181818181818787e-01 4.286613094400000000e+11
6.919191919191919338e-01 3.296297943040000000e+11
7.020202020202019888e-01 3.106573516800000000e+11
7.121212121212121549e-01 3.248412753920000000e+11
7.222222222222222099e-01 4.205482803200000000e+11
7.323232323232323759e-01 5.444428431360000000e+11
7.424242424242424310e-01 4.398171095040000000e+11
7.525252525252525970e-01 5.002026024960000000e+11
7.626262626262626521e-01 4.136427847680000000e+11
7.727272727272727071e-01 5.633144913920000000e+11
7.828282828282828731e-01 4.796854108160000000e+11
7.929292929292929282e-01 4.893564600320000000e+11
8.030303030303029832e-01 4.040523776000000000e+11
8.131313131313131493e-01 3.434796154880000000e+11
8.232323232323233153e-01 5.891643146240000000e+11
8.333333333333333703e-01 6.601732915200000000e+11
8.434343434343434254e-01 5.671533281280000000e+11
8.535353535353535914e-01 6.507832279040000000e+11
8.636363636363636465e-01 6.340055531520000000e+11
8.737373737373737015e-01 5.875838484480000000e+11
8.838383838383838675e-01 4.913597644800000000e+11
8.939393939393940336e-01 5.134747238400000000e+11
9.040404040404040886e-01 5.335157309440000000e+11
9.141414141414141437e-01 7.867198996480000000e+11
9.242424242424243097e-01 7.651490529280000000e+11
9.343434343434343647e-01 6.044642181120000000e+11
9.444444444444444198e-01 9.935918202880000000e+11
9.545454545454545858e-01 8.777635594240000000e+11
9.646464646464647519e-01 7.104863272960000000e+11
9.747474747474748069e-01 6.114521251840000000e+11
9.848484848484848619e-01 7.370010787840000000e+11
9.949494949494950280e-01 6.547541852160000000e+11
1.005050505050505194e+00 6.956607733760000000e+11
1.015151515151515138e+00 9.652728627200000000e+11
1.025252525252525304e+00 5.763644129280000000e+11
1.035353535353535470e+00 6.156668108800000000e+11
1.045454545454545414e+00 4.064726220800000000e+11
1.055555555555555580e+00 4.725829140480000000e+11
1.065656565656565746e+00 4.649824747520000000e+11
1.075757575757575690e+00 5.575230095360000000e+11
1.085858585858585856e+00 4.813591019520000000e+11
1.095959595959596022e+00 2.516176240640000000e+11
1.106060606060605966e+00 3.167579340800000000e+11
1.116161616161616355e+00 3.552809451520000000e+11
1.126262626262626299e+00 3.579757527040000000e+11
1.136363636363636465e+00 2.030422425600000000e+11
1.146464646464646631e+00 2.805092188160000000e+11
1.156565656565656575e+00 1.824012697600000000e+11
1.166666666666666741e+00 1.827527720960000000e+11
1.176767676767676907e+00 2.722178826240000000e+11
1.186868686868686851e+00 1.575811153920000000e+11
1.196969696969697017e+00 1.653004369920000000e+11
1.207070707070707183e+00 1.987964764160000000e+11
1.217171717171717127e+00 1.599403950080000000e+11
1.227272727272727293e+00 1.170164203520000000e+11
1.237373737373737459e+00 8.692297728000000000e+10
1.247474747474747403e+00 1.109112995840000000e+11
1.257575757575757791e+00 1.432281743360000000e+11
1.267676767676767735e+00 1.075715031040000000e+11
1.277777777777777679e+00 9.480114995200000000e+10
1.287878787878788067e+00 7.825951129600000000e+10
1.297979797979798011e+00 7.867795865600000000e+10
1.308080808080808177e+00 3.477864038400000000e+10
1.318181818181818343e+00 7.379378995200000000e+10
1.328282828282828287e+00 7.236546560000000000e+10
1.338383838383838453e+00 7.104747929600000000e+10
1.348484848484848619e+00 7.325030809600000000e+10
1.358585858585858563e+00 4.970920345600000000e+10
1.368686868686868729e+00 6.047377817600000000e+10
1.378787878787878896e+00 3.728978329600000000e+10
1.388888888888888840e+00 2.031229132800000000e+10
1.398989898989899228e+00 3.152227328000000000e+10
1.409090909090909172e+00 2.689397760000000000e+10
1.419191919191919116e+00 2.382389248000000000e+10
1.429292929292929504e+00 1.866319462400000000e+10
1.439393939393939448e+00 1.828656742400000000e+10
1.449494949494949614e+00 1.723359232000000000e+10
1.459595959595959780e+00 1.394817433600000000e+10
1.469696969696969724e+00 8.716392448000000000e+09
1.479797979797979890e+00 1.316339814400000000e+10
1.489898989898990056e+00 1.545161830400000000e+10
1.500000000000000000e+00 1.128986112000000000e+10
