5.000000000000000000e-01 1.615771325305104256e-04
5.101010101010100550e-01 1.493426589149748906e-05
5.202020202020202211e-01 1.936283370014280081e-04
5.303030303030302761e-01 3.113360435236245394e-04
5.404040404040404422e-01 3.480996820144355297e-04
5.505050505050504972e-01 2.940343110822141171e-04
5.606060606060605522e-01 1.622681156732141972e-04
5.707070707070707183e-01 1.470978259021649137e-05
5.808080808080807733e-01 1.894338493002578616e-04
5.909090909090909394e-01 3.148179675918072462e-04
6.010101010101009944e-01 3.639308270066976547e-04
6.111111111111111605e-01 3.246921696700155735e-04
6.212121212121212155e-01 2.069703623419627547e-04
6.313131313131312705e-01 3.320262476336210966e-05
6.414141414141414366e-01 1.410220284014940262e-04
6.515151515151514916e-01 2.926842134911566973e-04
6.616161616161616577e-01 3.695628547575324774e-04
6.717171717171717127e-01 3.737042425200343132e-04
6.818181818181818787e-01 2.975420211441814899e-04
6.919191919191919338e-01 1.592202752362936735e-04
7.020202020202019888e-01 1.280201649933587760e-05
7.121212121212121549e-01 1.881459174910560250e-04
7.222222222222222099e-01 3.286482824478298426e-04
7.323232323232323759e-01 4.128389991819858551e-04
7.424242424242424310e-01 4.081562801729887724e-04
7.525252525252525970e-01 3.351369814481586218e-04
7.626262626262626521e-01 2.058636600850149989e-04
7.727272727272727071e-01 3.948852463508956134e-05
7.828282828282828731e-01 1.344850024906918406e-04
7.929292929292929282e-01 2.973485097754746675e-04
8.030303030303029832e-01 3.936690627597272396e-04
8.131313131313131493e-01 4.749972431454807520e-04
8.232323232323233153e-01 4.523491952568292618e-04
8.333333333333333703e-01 3.754667413886636496e-04
8.434343434343434254e-01 2.571317309048026800e-04
8.535353535353535914e-01 8.845991396810859442e-05
8.636363636363636465e-01 8.627574425190687180e-05
8.737373737373737015e-01 2.748947299551218748e-04
8.838383838383838675e-01 4.315908008720725775e-04
8.939393939393940336e-01 5.490382900461554527e-04
9.040404040404040886e-01 6.042089662514626980e-04
9.141414141414141437e-01 6.635512690991163254e-04
9.242424242424243097e-01 6.675681215710937977e-04
9.343434343434343647e-01 6.146761588752269745e-04
9.444444444444444198e-01 5.045701400376856327e-04
9.545454545454545858e-01 1.164792920462787151e-03
9.646464646464647519e-01 1.205332763493061066e-02
9.747474747474748069e-01 8.462098240852355957e-02
9.848484848484848619e-01 1.813555806875228882e-01
9.949494949494950280e-01 1.557837277650833130e-01
1.005050505050505194e+00 4.839256778359413147e-02
1.015151515151515138e+00 4.982522223144769669e-03
1.025252525252525304e+00 2.736576134338974953e-04
1.035353535353535470e+00 1.604861317900940776e-04
1.045454545454545414e+00 2.073561481665819883e-04
1.055555555555555580e+00 2.487298042979091406e-04
1.065656565656565746e+00 2.590737421996891499e-04
1.075757575757575690e+00 2.617756836116313934e-04
1.085858585858585856e+00 2.569951466284692287e-04
1.095959595959596022e+00 2.450562024023383856e-04
1.106060606060605966e+00 2.265000221086665988e-04
1.116161616161616355e+00 2.047472662525251508e-04
1.126262626262626299e+00 1.817836309783160686e-04
1.136363636363636465e+00 1.584729034220799804e-04
1.146464646464646631e+00 1.364743948215618730e-04
1.156565656565656575e+00 1.206547312904149294e-04
1.166666666666666741e+00 1.074094179784879088e-04
1.176767676767676907e+00 1.021815478452481329e-04
1.186868686868686851e+00 1.048558042384684086e-04
1.196969696969697017e+00 1.113025136874057353e-04
1.207070707070707183e+00 1.315691624768078327e-04
1.217171717171717127e+00 1.693302037892863154e-04
1.227272727272727293e+00 2.250139223178848624e-04
1.237373737373737459e+00 3.061391762457787991e-04
1.247474747474747403e+00 4.361562023404985666e-04
1.257575757575757791e+00 2.433108238619752228e-05
1.267676767676767735e+00 1.591783761978149414e-02
1.277777777777777679e+00 1.548502445220947266e-01
1.287878787878788067e+00 5.810696482658386230e-01
1.297979797979798011e+00 7.795606851577758789e-01
1.308080808080808177e+00 3.757499456405639648e-01
1.318181818181818343e+00 6.321266293525695801e-02
1.328282828282828287e+00 3.832280635833740234e-03
1.338383838383838453e+00 4.055599274579435587e-04
1.348484848484848619e+00 3.319188544992357492e-04
1.358585858585858563e+00 3.039550792891532183e-04
1.368686868686868729e+00 2.490356273483484983e-04
1.378787878787878896e+00 1.670141791692003608e-04
1.388888888888888840e+00 9.310287714470177889e-05
1.398989898989899228e+00 2.244607276224996895e-05
1.409090909090909172e+00 3.494982956908643246e-05
1.419191919191919116e+00 7.242143328767269850e-05
1.429292929292929504e+00 8.689951209817081690e-05
1.439393939393939448e+00 8.140499267028644681e-05
1.449494949494949614e+00 5.775668250862509012e-05
1.459595959595959780e+00 2.632726136653218418e-05
1.469696969696969724e+00 5.483751920110080391e-06
1.479797979797979890e+00 2.807245800795499235e-05
1.489898989898990056e+00 3.616272806539200246e-05
1.500000000000000000e+00 2.958836194011382759e-05
