5.000000000000000000e-01 1.899515520000000000e+08
5.101010101010100550e-01 1.856783360000000000e+08
5.202020202020202211e-01 1.866864160000000000e+08
5.303030303030302761e-01 1.830706880000000000e+08
5.404040404040404422e-01 1.764859840000000000e+08
5.505050505050504972e-01 1.646235680000000000e+08
5.606060606060605522e-01 1.488029440000000000e+08
5.707070707070707183e-01 1.382580960000000000e+08
5.808080808080807733e-01 1.306905680000000000e+08
5.909090909090909394e-01 1.232490000000000000e+08
6.010101010101009944e-01 1.147501520000000000e+08
6.111111111111111605e-01 1.029075200000000000e+08
6.212121212121212155e-01 9.197328800000000000e+07
6.313131313131312705e-01 8.574857600000000000e+07
6.414141414141414366e-01 8.332967200000000000e+07
6.515151515151514916e-01 8.028332000000000000e+07
6.616161616161616577e-01 7.432765600000000000e+07
6.717171717171717127e-01 6.806603200000000000e+07
6.818181818181818787e-01 6.127132800000000000e+07
6.919191919191919338e-01 5.684755200000000000e+07
7.020202020202019888e-01 5.468937600000000000e+07
7.121212121212121549e-01 5.461243600000000000e+07
7.222222222222222099e-01 5.291381600000000000e+07
7.323232323232323759e-01 4.952624400000000000e+07
7.424242424242424310e-01 4.478758400000000000e+07
7.525252525252525970e-01 4.038938800000000000e+07
7.626262626262626521e-01 3.705433600000000000e+07
7.727272727272727071e-01 3.609500000000000000e+07
7.828282828282828731e-01 3.696348800000000000e+07
7.929292929292929282e-01 3.674742000000000000e+07
8.030303030303029832e-01 3.562987600000000000e+07
8.131313131313131493e-01 3.291848400000000000e+07
8.232323232323233153e-01 2.970713200000000000e+07
8.333333333333333703e-01 2.666852600000000000e+07
8.434343434343434254e-01 2.454699400000000000e+07
8.535353535353535914e-01 2.412118000000000000e+07
8.636363636363636465e-01 2.468844800000000000e+07
8.737373737373737015e-01 2.512514600000000000e+07
8.838383838383838675e-01 2.479125600000000000e+07
8.939393939393940336e-01 2.392700200000000000e+07
9.040404040404040886e-01 2.199574600000000000e+07
9.141414141414141437e-01 1.971953400000000000e+07
9.242424242424243097e-01 1.758694800000000000e+07
9.343434343434343647e-01 1.586000200000000000e+07
9.444444444444444198e-01 1.501073900000000000e+07
9.545454545454545858e-01 1.501023500000000000e+07
9.646464646464647519e-01 1.537946100000000000e+07
9.747474747474748069e-01 1.580164000000000000e+07
9.848484848484848619e-01 1.574480200000000000e+07
9.949494949494950280e-01 1.552762200000000000e+07
1.005050505050505194e+00 1.496578600000000000e+07
1.015151515151515138e+00 1.400145300000000000e+07
1.025252525252525304e+00 1.295052900000000000e+07
1.035353535353535470e+00 1.182627000000000000e+07
1.045454545454545414e+00 1.054258800000000000e+07
1.055555555555555580e+00 9.505780000000000000e+06
1.065656565656565746e+00 8.571453000000000000e+06
1.075757575757575690e+00 7.888077500000000000e+06
1.085858585858585856e+00 7.444778000000000000e+06
1.095959595959596022e+00 7.071490000000000000e+06
1.106060606060605966e+00 6.849120000000000000e+06
1.116161616161616355e+00 6.713621000000000000e+06
1.126262626262626299e+00 6.487150000000000000e+06
1.136363636363636465e+00 6.395368000000000000e+06
1.146464646464646631e+00 6.264533500000000000e+06
1.156565656565656575e+00 6.068041000000000000e+06
1.166666666666666741e+00 5.877897000000000000e+06
1.176767676767676907e+00 5.621506000000000000e+06
1.186868686868686851e+00 5.327612500000000000e+06
1.196969696969697017e+00 5.059613500000000000e+06
1.207070707070707183e+00 4.782049500000000000e+06
1.217171717171717127e+00 4.437619500000000000e+06
1.227272727272727293e+00 4.124665250000000000e+06
1.237373737373737459e+00 3.758748000000000000e+06
1.247474747474747403e+00 3.380401750000000000e+06
1.257575757575757791e+00 3.062391500000000000e+06
1.267676767676767735e+00 2.708389250000000000e+06
1.277777777777777679e+00 2.417322250000000000e+06
1.287878787878788067e+00 2.177746500000000000e+06
1.297979797979798011e+00 2.011907625000000000e+06
1.308080808080808177e+00 1.973079750000000000e+06
1.318181818181818343e+00 2.018872000000000000e+06
1.328282828282828287e+00 2.115870750000000000e+06
1.338383838383838453e+00 2.201659500000000000e+06
1.348484848484848619e+00 2.223587250000000000e+06
1.358585858585858563e+00 2.172482000000000000e+06
1.368686868686868729e+00 1.979603000000000000e+06
1.378787878787878896e+00 1.682328500000000000e+06
1.388888888888888840e+00 1.317749125000000000e+06
1.398989898989899228e+00 9.596151875000000000e+05
1.409090909090909172e+00 7.827844375000000000e+05
1.419191919191919116e+00 8.708581875000000000e+05
1.429292929292929504e+00 1.030697875000000000e+06
1.439393939393939448e+00 1.068061750000000000e+06
1.449494949494949614e+00 9.447954375000000000e+05
1.459595959595959780e+00 6.769430625000000000e+05
1.469696969696969724e+00 4.171823437500000000e+05
1.479797979797979890e+00 4.365970312500000000e+05
1.489898989898990056e+00 5.700490625000000000e+05
1.500000000000000000e+00 5.534332500000000000e+05
