5.000000000000000000e-01 4.265845595842352775e+23
5.101010101010100550e-01 4.618600665151267469e+23
5.202020202020202211e-01 3.064591820322535826e+23
5.303030303030302761e-01 2.523490990421419240e+23
5.404040404040404422e-01 5.479186312186091757e+23
5.505050505050504972e-01 6.404845731244688005e+23
5.606060606060605522e-01 5.650446676799945651e+23
5.707070707070707183e-01 3.878436588408717779e+23
5.808080808080807733e-01 3.320270538655583814e+23
5.909090909090909394e-01 3.862881515583750275e+23
6.010101010101009944e-01 4.223553552749612111e+23
6.111111111111111605e-01 5.544314127405392163e+23
6.212121212121212155e-01 6.374684584108232509e+23
6.313131313131312705e-01 5.333291661825469254e+23
6.414141414141414366e-01 3.597850442120519620e+23
6.515151515151514916e-01 3.512101905215385376e+23
6.616161616161616577e-01 4.580431757589377041e+23
6.717171717171717127e-01 5.315703123696751424e+23
6.818181818181818787e-01 5.167230973197392240e+23
6.919191919191919338e-01 5.614550465754011470e+23
7.020202020202019888e-01 4.615328529806005161e+23
7.121212121212121549e-01 2.903406368363079921e+23
7.222222222222222099e-01 3.114544666525418798e+23
7.323232323232323759e-01 3.405682566596560935e+23
7.424242424242424310e-01 5.002215119682865180e+23
7.525252525252525970e-01 6.402765428504813025e+23
7.626262626262626521e-01 6.173053024471302558e+23
7.727272727272727071e-01 4.130254460853213588e+23
7.828282828282828731e-01 4.280804392076656425e+23
7.929292929292929282e-01 3.469536403553270775e+23
8.030303030303029832e-01 3.912984241582232138e+23
8.131313131313131493e-01 4.826611123300404990e+23
8.232323232323233153e-01 4.445855553812262069e+23
8.333333333333333703e-01 4.877094313395407112e+23
8.434343434343434254e-01 4.917286598197882556e+23
8.535353535353535914e-01 5.461041489431401123e+23
8.636363636363636465e-01 3.048494874390403104e+23
8.737373737373737015e-01 3.551706200050511328e+23
8.838383838383838675e-01 2.712705225165763259e+23
8.939393939393940336e-01 4.110327293509994807e+23
9.040404040404040886e-01 4.204141236915794325e+23
9.141414141414141437e-01 4.649077064261638900e+23
9.242424242424243097e-01 4.761614452902253612e+23
9.343434343434343647e-01 5.181267792515980602e+23
9.444444444444444198e-01 4.407850937564778117e+23
9.545454545454545858e-01 4.352458103300001775e+23
9.646464646464647519e-01 3.906923477347702019e+23
9.747474747474748069e-01 3.896630410327354203e+23
9.848484848484848619e-01 3.231317960831553105e+23
9.949494949494950280e-01 3.254735237741998925e+23
1.005050505050505194e+00 2.692541889058085169e+23
1.015151515151515138e+00 3.602565170498421245e+23
1.025252525252525304e+00 3.445094467655605619e+23
1.035353535353535470e+00 4.185623876399927604e+23
1.045454545454545414e+00 3.908576478554932086e+23
1.055555555555555580e+00 4.284361154918368548e+23
1.065656565656565746e+00 4.486765171963385086e+23
1.075757575757575690e+00 3.327410725648802093e+23
1.085858585858585856e+00 5.007910191627652815e+23
1.095959595959596022e+00 3.585995166461429526e+23
1.106060606060605966e+00 3.608121891862656057e+23
1.116161616161616355e+00 3.894893462023069950e+23
1.126262626262626299e+00 3.279122409868195256e+23
1.136363636363636465e+00 3.704595120776425306e+23
1.146464646464646631e+00 3.674111155618679892e+23
1.156565656565656575e+00 3.196918386013786687e+23
1.166666666666666741e+00 3.068686853391711270e+23
1.176767676767676907e+00 2.848614134144609708e+23
1.186868686868686851e+00 2.328361187494531527e+23
1.196969696969697017e+00 3.693184800760519417e+23
1.207070707070707183e+00 3.077660545865224626e+23
1.217171717171717127e+00 3.153187713056078792e+23
1.227272727272727293e+00 2.548181885306485437e+23
1.237373737373737459e+00 2.157320418398508218e+23
1.247474747474747403e+00 3.166548632142591390e+23
1.257575757575757791e+00 2.156938513150107200e+23
1.267676767676767735e+00 3.110398832852446615e+23
1.277777777777777679e+00 2.616835478602061657e+23
1.287878787878788067e+00 3.289324684320055283e+23
1.297979797979798011e+00 2.735657550450679349e+23
1.308080808080808177e+00 2.193324895979484385e+23
1.318181818181818343e+00 2.910509986127323951e+23
1.328282828282828287e+00 2.387887965929263795e+23
1.338383838383838453e+00 2.359441068954970604e+23
1.348484848484848619e+00 2.213216394813654392e+23
1.358585858585858563e+00 1.624651948295695054e+23
1.368686868686868729e+00 1.775424717628700182e+23
1.378787878787878896e+00 1.540119563433935939e+23
1.388888888888888840e+00 1.717095176118908087e+23
1.398989898989899228e+00 1.567020284584160290e+23
1.409090909090909172e+00 1.837113043740585194e+23
1.419191919191919116e+00 1.789973686296913117e+23
1.429292929292929504e+00 1.371007415842337771e+23
1.439393939393939448e+00 1.584208542777997431e+23
1.449494949494949614e+00 1.419787614774246014e+23
1.459595959595959780e+00 8.995499803629008925e+22
1.469696969696969724e+00 1.106080555674484469e+23
1.479797979797979890e+00 1.291477899662639445e+23
1.489898989898990056e+00 7.246990308741333228e+22
1.500000000000000000e+00 7.866964390284447711e+22
