5.000000000000000000e-01 5.367843600000000000e+07
5.101010101010100550e-01 4.606965600000000000e+07
5.202020202020202211e-01 3.719277600000000000e+07
5.303030303030302761e-01 3.801316800000000000e+07
5.404040404040404422e-01 4.849975200000000000e+07
5.505050505050504972e-01 5.717123200000000000e+07
5.606060606060605522e-01 5.446767200000000000e+07
5.707070707070707183e-01 4.928232000000000000e+07
5.808080808080807733e-01 4.023031600000000000e+07
5.909090909090909394e-01 3.718736800000000000e+07
6.010101010101009944e-01 4.799226000000000000e+07
6.111111111111111605e-01 5.482044800000000000e+07
6.212121212121212155e-01 5.582686000000000000e+07
6.313131313131312705e-01 4.799940800000000000e+07
6.414141414141414366e-01 4.302131600000000000e+07
6.515151515151514916e-01 3.650791600000000000e+07
6.616161616161616577e-01 4.478204800000000000e+07
6.717171717171717127e-01 5.150438000000000000e+07
6.818181818181818787e-01 5.490300800000000000e+07
6.919191919191919338e-01 5.683240400000000000e+07
7.020202020202019888e-01 4.815847200000000000e+07
7.121212121212121549e-01 3.964105600000000000e+07
7.222222222222222099e-01 3.944843200000000000e+07
7.323232323232323759e-01 4.550367600000000000e+07
7.424242424242424310e-01 5.350220000000000000e+07
7.525252525252525970e-01 6.067593600000000000e+07
7.626262626262626521e-01 5.825604800000000000e+07
7.727272727272727071e-01 5.419023200000000000e+07
7.828282828282828731e-01 4.870372800000000000e+07
7.929292929292929282e-01 4.285442000000000000e+07
8.030303030303029832e-01 4.276457600000000000e+07
8.131313131313131493e-01 4.536521600000000000e+07
8.232323232323233153e-01 5.617654000000000000e+07
8.333333333333333703e-01 5.771999600000000000e+07
8.434343434343434254e-01 5.567544000000000000e+07
8.535353535353535914e-01 5.615686800000000000e+07
8.636363636363636465e-01 5.256472400000000000e+07
8.737373737373737015e-01 4.351483600000000000e+07
8.838383838383838675e-01 4.428584400000000000e+07
8.939393939393940336e-01 4.692112400000000000e+07
9.040404040404040886e-01 4.910345600000000000e+07
9.141414141414141437e-01 5.649665200000000000e+07
9.242424242424243097e-01 5.814272800000000000e+07
9.343434343434343647e-01 5.723106800000000000e+07
9.444444444444444198e-01 5.818426400000000000e+07
9.545454545454545858e-01 5.502807200000000000e+07
9.646464646464647519e-01 5.244230400000000000e+07
9.747474747474748069e-01 5.161034000000000000e+07
9.848484848484848619e-01 4.892756400000000000e+07
9.949494949494950280e-01 5.111318800000000000e+07
1.005050505050505194e+00 4.977867200000000000e+07
1.015151515151515138e+00 5.133200400000000000e+07
1.025252525252525304e+00 5.591952800000000000e+07
1.035353535353535470e+00 5.572134400000000000e+07
1.045454545454545414e+00 6.191589600000000000e+07
1.055555555555555580e+00 6.380997200000000000e+07
1.065656565656565746e+00 6.317876000000000000e+07
1.075757575757575690e+00 6.457160000000000000e+07
1.085858585858585856e+00 6.479606800000000000e+07
1.095959595959596022e+00 6.558963600000000000e+07
1.106060606060605966e+00 6.511236000000000000e+07
1.116161616161616355e+00 6.477303200000000000e+07
1.126262626262626299e+00 6.662442800000000000e+07
1.136363636363636465e+00 6.555092000000000000e+07
1.146464646464646631e+00 6.796378400000000000e+07
1.156565656565656575e+00 6.646585600000000000e+07
1.166666666666666741e+00 7.151580000000000000e+07
1.176767676767676907e+00 7.258692000000000000e+07
1.186868686868686851e+00 7.350920800000000000e+07
1.196969696969697017e+00 7.545884000000000000e+07
1.207070707070707183e+00 7.498675200000000000e+07
1.217171717171717127e+00 8.647979200000000000e+07
1.227272727272727293e+00 8.917996000000000000e+07
1.237373737373737459e+00 9.101985600000000000e+07
1.247474747474747403e+00 1.046927360000000000e+08
1.257575757575757791e+00 1.022738960000000000e+08
1.267676767676767735e+00 1.042718000000000000e+08
1.277777777777777679e+00 1.053707280000000000e+08
1.287878787878788067e+00 1.094007760000000000e+08
1.297979797979798011e+00 1.021749840000000000e+08
1.308080808080808177e+00 9.190595200000000000e+07
1.318181818181818343e+00 7.940310400000000000e+07
1.328282828282828287e+00 7.058570400000000000e+07
1.338383838383838453e+00 5.989998400000000000e+07
1.348484848484848619e+00 5.160644400000000000e+07
1.358585858585858563e+00 4.368030800000000000e+07
1.368686868686868729e+00 3.710785200000000000e+07
1.378787878787878896e+00 3.059136200000000000e+07
1.388888888888888840e+00 2.537160600000000000e+07
1.398989898989899228e+00 2.044608200000000000e+07
1.409090909090909172e+00 1.755890400000000000e+07
1.419191919191919116e+00 1.570247100000000000e+07
1.429292929292929504e+00 1.411858000000000000e+07
1.439393939393939448e+00 1.223953600000000000e+07
1.449494949494949614e+00 1.081035600000000000e+07
1.459595959595959780e+00 7.932421000000000000e+06
1.469696969696969724e+00 6.796433500000000000e+06
1.479797979797979890e+00 6.213860000000000000e+06
1.489898989898990056e+00 5.335312000000000000e+06
1.500000000000000000e+00 4.843276000000000000e+06
