5.000000000000000000e-01 2.665558349609375000e+03
5.101010101010100550e-01 2.138103027343750000e+03
5.202020202020202211e-01 1.471951782226562500e+03
5.303030303030302761e-01 1.513137573242187500e+03
5.404040404040404422e-01 2.162856933593750000e+03
5.505050505050504972e-01 2.709077148437500000e+03
5.606060606060605522e-01 2.642505371093750000e+03
5.707070707070707183e-01 2.163909667968750000e+03
5.808080808080807733e-01 1.548362548828125000e+03
5.909090909090909394e-01 1.503051635742187500e+03
6.010101010101009944e-01 2.064996093750000000e+03
6.111111111111111605e-01 2.545003173828125000e+03
6.212121212121212155e-01 2.680137207031250000e+03
6.313131313131312705e-01 2.358124511718750000e+03
6.414141414141414366e-01 1.759486328125000000e+03
6.515151515151514916e-01 1.453196044921875000e+03
6.616161616161616577e-01 1.800407470703125000e+03
6.717171717171717127e-01 2.312635498046875000e+03
6.818181818181818787e-01 2.629502685546875000e+03
6.919191919191919338e-01 2.514797851562500000e+03
7.020202020202019888e-01 2.157061279296875000e+03
7.121212121212121549e-01 1.683479492187500000e+03
7.222222222222222099e-01 1.459876953125000000e+03
7.323232323232323759e-01 1.771500488281250000e+03
7.424242424242424310e-01 2.225388183593750000e+03
7.525252525252525970e-01 2.542983886718750000e+03
7.626262626262626521e-01 2.531125976562500000e+03
7.727272727272727071e-01 2.281012451171875000e+03
7.828282828282828731e-01 1.838364135742187500e+03
7.929292929292929282e-01 1.515762573242187500e+03
8.030303030303029832e-01 1.552637451171875000e+03
8.131313131313131493e-01 1.871541137695312500e+03
8.232323232323233153e-01 2.198391601562500000e+03
8.333333333333333703e-01 2.430024169921875000e+03
8.434343434343434254e-01 2.452880371093750000e+03
8.535353535353535914e-01 2.263656005859375000e+03
8.636363636363636465e-01 1.929091308593750000e+03
8.737373737373737015e-01 1.649525390625000000e+03
8.838383838383838675e-01 1.481603759765625000e+03
8.939393939393940336e-01 1.550980957031250000e+03
9.040404040404040886e-01 1.820375122070312500e+03
9.141414141414141437e-01 2.034995117187500000e+03
9.242424242424243097e-01 2.225962402343750000e+03
9.343434343434343647e-01 2.263975097656250000e+03
9.444444444444444198e-01 2.239497802734375000e+03
9.545454545454545858e-01 2.105434814453125000e+03
9.646464646464647519e-01 1.945065917968750000e+03
9.747474747474748069e-01 1.717350463867187500e+03
9.848484848484848619e-01 1.540320922851562500e+03
9.949494949494950280e-01 1.461030273437500000e+03
1.005050505050505194e+00 1.483687133789062500e+03
1.015151515151515138e+00 1.597522949218750000e+03
1.025252525252525304e+00 1.713244873046875000e+03
1.035353535353535470e+00 1.829905761718750000e+03
1.045454545454545414e+00 1.960170166015625000e+03
1.055555555555555580e+00 1.988235595703125000e+03
1.065656565656565746e+00 2.049637451171875000e+03
1.075757575757575690e+00 2.059058105468750000e+03
1.085858585858585856e+00 2.031439819335937500e+03
1.095959595959596022e+00 1.955941284179687500e+03
1.106060606060605966e+00 1.902368652343750000e+03
1.116161616161616355e+00 1.897502929687500000e+03
1.126262626262626299e+00 1.805765869140625000e+03
1.136363636363636465e+00 1.748791625976562500e+03
1.146464646464646631e+00 1.716179809570312500e+03
1.156565656565656575e+00 1.642726440429687500e+03
1.166666666666666741e+00 1.620495361328125000e+03
1.176767676767676907e+00 1.598436035156250000e+03
1.186868686868686851e+00 1.574387695312500000e+03
1.196969696969697017e+00 1.568491210937500000e+03
1.207070707070707183e+00 1.540756347656250000e+03
1.217171717171717127e+00 1.559738037109375000e+03
1.227272727272727293e+00 1.525783203125000000e+03
1.237373737373737459e+00 1.541318115234375000e+03
1.247474747474747403e+00 1.543467285156250000e+03
1.257575757575757791e+00 1.583997436523437500e+03
1.267676767676767735e+00 1.601680053710937500e+03
1.277777777777777679e+00 1.581835693359375000e+03
1.287878787878788067e+00 1.574106445312500000e+03
1.297979797979798011e+00 1.571095581054687500e+03
1.308080808080808177e+00 1.550845092773437500e+03
1.318181818181818343e+00 1.515170654296875000e+03
1.328282828282828287e+00 1.479464477539062500e+03
1.338383838383838453e+00 1.423948974609375000e+03
1.348484848484848619e+00 1.383612792968750000e+03
1.358585858585858563e+00 1.372977783203125000e+03
1.368686868686868729e+00 1.334868286132812500e+03
1.378787878787878896e+00 1.419742431640625000e+03
1.388888888888888840e+00 1.493478515625000000e+03
1.398989898989899228e+00 1.611190307617187500e+03
1.409090909090909172e+00 1.687767578125000000e+03
1.419191919191919116e+00 1.722606811523437500e+03
1.429292929292929504e+00 1.805600097656250000e+03
1.439393939393939448e+00 1.973330444335937500e+03
1.449494949494949614e+00 2.334094238281250000e+03
1.459595959595959780e+00 2.851460937500000000e+03
1.469696969696969724e+00 3.673367919921875000e+03
1.479797979797979890e+00 4.458687988281250000e+03
1.489898989898990056e+00 4.463599121093750000e+03
1.500000000000000000e+00 3.532094970703125000e+03
