5.000000000000000000e-01 1.510004488121668443e+22
5.101010101010100550e-01 1.332899644645388897e+22
5.202020202020202211e-01 1.758981152151246891e+22
5.303030303030302761e-01 1.392038550562213881e+22
5.404040404040404422e-01 1.645718999222599444e+22
5.505050505050504972e-01 3.402812242410052623e+22
5.606060606060605522e-01 2.036491272339956590e+22
5.707070707070707183e-01 1.506214709035236170e+22
5.808080808080807733e-01 7.474024196896465093e+21
5.909090909090909394e-01 2.238876059014564256e+22
6.010101010101009944e-01 1.786187847860154794e+22
6.111111111111111605e-01 1.057872358931248552e+22
6.212121212121212155e-01 1.482180799263810781e+22
6.313131313131312705e-01 6.945825144099850682e+21
6.414141414141414366e-01 1.389974663442980667e+22
6.515151515151514916e-01 9.483140789261412860e+21
6.616161616161616577e-01 1.493288364794766688e+22
6.717171717171717127e-01 1.428378996675391888e+22
6.818181818181818787e-01 1.198811833729864119e+22
6.919191919191919338e-01 4.685531822992358638e+21
7.020202020202019888e-01 9.701391982603228152e+21
7.121212121212121549e-01 9.126908310536220312e+21
7.222222222222222099e-01 9.692768715216720495e+21
7.323232323232323759e-01 1.572838034582797497e+22
7.424242424242424310e-01 1.138608839811082171e+22
7.525252525252525970e-01 6.768968223783057883e+21
7.626262626262626521e-01 1.221267457011877518e+22
7.727272727272727071e-01 5.560140722251893834e+21
7.828282828282828731e-01 5.046770334178350203e+21
7.929292929292929282e-01 8.031755041299608109e+21
8.030303030303029832e-01 4.343927035856865460e+21
8.131313131313131493e-01 8.974361258058020028e+21
8.232323232323233153e-01 6.076322482392823497e+21
8.333333333333333703e-01 5.080367187398534103e+21
8.434343434343434254e-01 6.641533242827075486e+21
8.535353535353535914e-01 9.748683156390338888e+21
8.636363636363636465e-01 7.068865174769472897e+21
8.737373737373737015e-01 6.786517625631013863e+21
8.838383838383838675e-01 6.562824958039428170e+21
8.939393939393940336e-01 5.256593603767495033e+21
9.040404040404040886e-01 7.206400603789740474e+21
9.141414141414141437e-01 5.866397318862109409e+21
9.242424242424243097e-01 2.513035050720547570e+21
9.343434343434343647e-01 5.345032478500029727e+21
9.444444444444444198e-01 3.599329176540168585e+21
9.545454545454545858e-01 5.448485228490310812e+21
9.646464646464647519e-01 3.617109387869027303e+21
9.747474747474748069e-01 3.669559153554314232e+21
9.848484848484848619e-01 4.810693330561449066e+21
9.949494949494950280e-01 2.815033775358061052e+21
1.005050505050505194e+00 3.844132467385053479e+21
1.015151515151515138e+00 3.103204478814710137e+21
1.025252525252525304e+00 3.062304194373814845e+21
1.035353535353535470e+00 3.031084397331952435e+21
1.045454545454545414e+00 2.606856289957743428e+21
1.055555555555555580e+00 3.164777974395096269e+21
1.065656565656565746e+00 1.764041678167537091e+21
1.075757575757575690e+00 2.647781344196589257e+21
1.085858585858585856e+00 2.046160388149930361e+21
1.095959595959596022e+00 1.767849612389967200e+21
1.106060606060605966e+00 1.570433337561763021e+21
1.116161616161616355e+00 1.239893894710719152e+21
1.126262626262626299e+00 1.915317589650912051e+21
1.136363636363636465e+00 2.460364045703566066e+21
1.146464646464646631e+00 1.207265878360373330e+21
1.156565656565656575e+00 8.911061476445467443e+20
1.166666666666666741e+00 5.373703167784056259e+20
1.176767676767676907e+00 9.523213959483243889e+20
1.186868686868686851e+00 1.628123604363448943e+21
1.196969696969697017e+00 1.095927958741264105e+21
1.207070707070707183e+00 8.047732686877611786e+20
1.217171717171717127e+00 9.394996478092005868e+20
1.227272727272727293e+00 1.206614263789288161e+21
1.237373737373737459e+00 1.110558113237009695e+21
1.247474747474747403e+00 1.508497583686350275e+21
1.257575757575757791e+00 8.223679880069675745e+20
1.267676767676767735e+00 6.679794558623820022e+20
1.277777777777777679e+00 6.582487251800062689e+20
1.287878787878788067e+00 4.654837187888294134e+20
1.297979797979798011e+00 6.188972567984613622e+20
1.308080808080808177e+00 4.464446106266322862e+20
1.318181818181818343e+00 4.563383505048955781e+20
1.328282828282828287e+00 1.075680337766559777e+21
1.338383838383838453e+00 6.155755705982989107e+20
1.348484848484848619e+00 6.380546548196211425e+20
1.358585858585858563e+00 8.788336275537296097e+20
1.368686868686868729e+00 7.101353298056393523e+20
1.378787878787878896e+00 2.453665750498410496e+20
1.388888888888888840e+00 4.052167244972178801e+20
1.398989898989899228e+00 2.486872584953989693e+20
1.409090909090909172e+00 1.593223134973001728e+20
1.419191919191919116e+00 2.665680619440596582e+20
1.429292929292929504e+00 2.339314957912962499e+20
1.439393939393939448e+00 2.623060030310789939e+20
1.449494949494949614e+00 2.489946291699670057e+20
1.459595959595959780e+00 2.180737585533713121e+20
1.469696969696969724e+00 1.111460768302948680e+20
1.479797979797979890e+00 1.015042746483736576e+20
1.489898989898990056e+00 5.793804834407501005e+19
1.500000000000000000e+00 2.211507902222140703e+20
