5.000000000000000000e-01 2.428118441256579341e+22
5.101010101010100550e-01 1.747758294469830299e+22
5.202020202020202211e-01 3.105796694465229252e+22
5.303030303030302761e-01 3.793055905521147157e+22
5.404040404040404422e-01 4.718742886609462913e+22
5.505050505050504972e-01 4.592931678499128948e+22
5.606060606060605522e-01 2.797973408134642165e+22
5.707070707070707183e-01 4.163959310392461833e+22
5.808080808080807733e-01 3.479057508561491014e+22
5.909090909090909394e-01 4.538486761883921547e+22
6.010101010101009944e-01 6.181541318976977922e+22
6.111111111111111605e-01 2.460919058062644137e+22
6.212121212121212155e-01 3.472090439937948857e+22
6.313131313131312705e-01 2.673364435944834754e+22
6.414141414141414366e-01 2.130139348171480053e+22
6.515151515151514916e-01 5.530448264728658785e+22
6.616161616161616577e-01 3.179785882383336394e+22
6.717171717171717127e-01 2.153415977665563093e+22
6.818181818181818787e-01 2.278577541529648864e+22
6.919191919191919338e-01 2.442695016990508057e+22
7.020202020202019888e-01 1.846845930521282531e+22
7.121212121212121549e-01 2.011608659218753231e+22
7.222222222222222099e-01 1.961112048396861545e+22
7.323232323232323759e-01 2.746896058140801053e+22
7.424242424242424310e-01 1.669756061513763992e+22
7.525252525252525970e-01 1.186367825009486017e+22
7.626262626262626521e-01 1.265633430251020432e+22
7.727272727272727071e-01 2.770981308947978466e+22
7.828282828282828731e-01 1.750382654562689771e+22
7.929292929292929282e-01 2.600603604825092915e+22
8.030303030303029832e-01 2.218146215109759232e+22
8.131313131313131493e-01 1.855975402505906631e+22
8.232323232323233153e-01 1.440314436407849176e+22
8.333333333333333703e-01 1.125949221258543707e+22
8.434343434343434254e-01 1.725172629748576577e+22
8.535353535353535914e-01 1.485498713699285310e+22
8.636363636363636465e-01 7.981233097729812464e+21
8.737373737373737015e-01 1.490647679153257998e+22
8.838383838383838675e-01 1.830409593321231168e+22
8.939393939393940336e-01 9.857827893359662858e+21
9.040404040404040886e-01 7.000122793007243067e+21
9.141414141414141437e-01 1.195439988688851829e+22
9.242424242424243097e-01 7.658166815510436512e+21
9.343434343434343647e-01 7.985466481379540730e+21
9.444444444444444198e-01 1.073407188075891026e+22
9.545454545454545858e-01 5.700912550554380534e+21
9.646464646464647519e-01 8.458376530400787825e+21
9.747474747474748069e-01 1.199527117940681238e+22
9.848484848484848619e-01 9.984127967209547891e+21
9.949494949494950280e-01 1.066733191198100003e+22
1.005050505050505194e+00 9.487081438935362044e+21
1.015151515151515138e+00 1.397634723459184460e+22
1.025252525252525304e+00 6.493839944847273755e+21
1.035353535353535470e+00 5.719269785585496097e+21
1.045454545454545414e+00 6.195427492888030740e+21
1.055555555555555580e+00 4.887380062066360451e+21
1.065656565656565746e+00 6.929868890620077015e+21
1.075757575757575690e+00 4.763644225254309495e+21
1.085858585858585856e+00 3.460090823910801539e+21
1.095959595959596022e+00 4.622836368154803831e+21
1.106060606060605966e+00 6.163725529211062977e+21
1.116161616161616355e+00 2.182170926483867959e+21
1.126262626262626299e+00 3.444236464372597129e+21
1.136363636363636465e+00 3.501302701150915527e+21
1.146464646464646631e+00 7.668673854178580234e+20
1.156565656565656575e+00 3.112298090887301300e+21
1.166666666666666741e+00 1.812201342995288556e+21
1.176767676767676907e+00 2.306685745293965656e+21
1.186868686868686851e+00 4.285534207513309741e+21
1.196969696969697017e+00 3.574381204929373012e+21
1.207070707070707183e+00 3.427079438642175803e+21
1.217171717171717127e+00 1.645733664068886069e+21
1.227272727272727293e+00 1.608439214817142637e+21
1.237373737373737459e+00 2.380759263115095310e+21
1.247474747474747403e+00 1.740639989341301506e+21
1.257575757575757791e+00 2.115759016791314006e+21
1.267676767676767735e+00 1.555921754399956795e+21
1.277777777777777679e+00 1.747180060425173598e+21
1.287878787878788067e+00 1.540289337880888738e+21
1.297979797979798011e+00 8.941810506588781281e+20
1.308080808080808177e+00 1.457897953022982488e+21
1.318181818181818343e+00 1.598460988465401037e+19
1.328282828282828287e+00 1.366122896128984744e+21
1.338383838383838453e+00 1.989569844082252972e+21
1.348484848484848619e+00 6.922129736135417528e+20
1.358585858585858563e+00 1.187160261511419527e+21
1.368686868686868729e+00 1.239600597784986649e+21
1.378787878787878896e+00 1.270150202907300987e+21
1.388888888888888840e+00 8.351717921163260723e+20
1.398989898989899228e+00 5.296865424954139607e+20
1.409090909090909172e+00 3.980105428809600205e+20
1.419191919191919116e+00 5.941997275481940951e+20
1.429292929292929504e+00 6.668455339187031245e+20
1.439393939393939448e+00 7.838665740550888489e+20
1.449494949494949614e+00 5.390698978721566556e+20
1.459595959595959780e+00 5.049617453567778488e+20
1.469696969696969724e+00 2.191400737260814991e+20
1.479797979797979890e+00 2.267274780139218534e+20
1.489898989898990056e+00 2.808961586054226248e+20
1.500000000000000000e+00 4.094971496524289147e+20
