5.000000000000000000e-01 9.858638644218444824e-01
5.101010101010100550e-01 6.004987955093383789e-01
5.202020202020202211e-01 1.198515072464942932e-01
5.303030303030302761e-01 1.490200962871313095e-02
5.404040404040404422e-01 2.138602780178189278e-03
5.505050505050504972e-01 6.659821519860997796e-05
5.606060606060605522e-01 1.745858928188681602e-03
5.707070707070707183e-01 2.824729308485984802e-03
5.808080808080807733e-01 3.152085933834314346e-03
5.909090909090909394e-01 2.772910753265023232e-03
6.010101010101009944e-01 1.946611446328461170e-03
6.111111111111111605e-01 8.693887502886354923e-04
6.212121212121212155e-01 1.929518621182069182e-04
6.313131313131312705e-01 1.036860980093479156e-03
6.414141414141414366e-01 1.538930926471948624e-03
6.515151515151514916e-01 1.688210410065948963e-03
6.616161616161616577e-01 1.538552343845367432e-03
6.717171717171717127e-01 1.050808234140276909e-03
6.818181818181818787e-01 4.090419970452785492e-04
6.919191919191919338e-01 4.847071541007608175e-04
7.020202020202019888e-01 6.516719004139304161e-04
7.121212121212121549e-01 8.389778085984289646e-04
7.222222222222222099e-01 1.000014133751392365e-03
7.323232323232323759e-01 8.991963113658130169e-04
7.424242424242424310e-01 1.293569570407271385e-03
7.525252525252525970e-01 7.929256535135209560e-04
7.626262626262626521e-01 3.492817922960966825e-04
7.727272727272727071e-01 2.402801037533208728e-04
7.828282828282828731e-01 7.105074473656713963e-04
7.929292929292929282e-01 8.738812757655978203e-04
8.030303030303029832e-01 7.088335696607828140e-04
8.131313131313131493e-01 6.142795318737626076e-04
8.232323232323233153e-01 2.671717084012925625e-04
8.333333333333333703e-01 5.082251154817640781e-04
8.434343434343434254e-01 4.406968655530363321e-04
8.535353535353535914e-01 8.255686261691153049e-04
8.636363636363636465e-01 6.877806154079735279e-04
8.737373737373737015e-01 5.722013302147388458e-04
8.838383838383838675e-01 1.843264326453208923e-03
8.939393939393940336e-01 9.349263855256140232e-04
9.040404040404040886e-01 1.461694133467972279e-03
9.141414141414141437e-01 7.886755047366023064e-04
9.242424242424243097e-01 3.758782986551523209e-04
9.343434343434343647e-01 6.271747988648712635e-04
9.444444444444444198e-01 5.404888070188462734e-04
9.545454545454545858e-01 1.982051035156473517e-04
9.646464646464647519e-01 1.576643204316496849e-03
9.747474747474748069e-01 6.846491596661508083e-04
9.848484848484848619e-01 2.491761697456240654e-04
9.949494949494950280e-01 6.674217293038964272e-04
1.005050505050505194e+00 4.344560147728770971e-04
1.015151515151515138e+00 9.373612119816243649e-04
1.025252525252525304e+00 7.394601125270128250e-04
1.035353535353535470e+00 7.406526856357231736e-05
1.045454545454545414e+00 9.476883569732308388e-04
1.055555555555555580e+00 5.490772891789674759e-04
1.065656565656565746e+00 3.032333333976566792e-04
1.075757575757575690e+00 6.373611395247280598e-04
1.085858585858585856e+00 7.728016353212296963e-04
1.095959595959596022e+00 4.008139658253639936e-04
1.106060606060605966e+00 1.690954813966527581e-04
1.116161616161616355e+00 3.471845702733844519e-04
1.126262626262626299e+00 2.708393731154501438e-04
1.136363636363636465e+00 5.500186234712600708e-04
1.146464646464646631e+00 5.344064556993544102e-04
1.156565656565656575e+00 3.602521901484578848e-04
1.166666666666666741e+00 5.887614097446203232e-04
1.176767676767676907e+00 2.441239339532330632e-04
1.186868686868686851e+00 2.635218843352049589e-04
1.196969696969697017e+00 3.113578422926366329e-04
1.207070707070707183e+00 3.247405111324042082e-04
1.217171717171717127e+00 1.055294560501351953e-04
1.227272727272727293e+00 2.319876512046903372e-04
1.237373737373737459e+00 1.026658792397938669e-04
1.247474747474747403e+00 1.866237143985927105e-04
1.257575757575757791e+00 9.945935744326561689e-05
1.267676767676767735e+00 7.418816676363348961e-05
1.277777777777777679e+00 7.724355964455753565e-05
1.287878787878788067e+00 9.362353739561513066e-05
1.297979797979798011e+00 1.110100492951460183e-04
1.308080808080808177e+00 1.237768883584067225e-04
1.318181818181818343e+00 8.677645382704213262e-05
1.328282828282828287e+00 5.671658436767756939e-05
1.338383838383838453e+00 8.774853631621226668e-05
1.348484848484848619e+00 5.242119004833512008e-05
1.358585858585858563e+00 4.204731885693036020e-05
1.368686868686868729e+00 3.786932575167156756e-05
1.378787878787878896e+00 2.996275361510924995e-05
1.388888888888888840e+00 1.940515539899934083e-05
1.398989898989899228e+00 7.570366960862884298e-06
1.409090909090909172e+00 4.120748599234502763e-06
1.419191919191919116e+00 1.380104095005663112e-05
1.429292929292929504e+00 1.982246249099262059e-05
1.439393939393939448e+00 2.108556145685724914e-05
1.449494949494949614e+00 1.755921221047174186e-05
1.459595959595959780e+00 1.028088809107430279e-05
1.469696969696969724e+00 1.279599246117868461e-06
1.479797979797979890e+00 6.609614956687437370e-06
1.489898989898990056e+00 1.106283798435470089e-05
1.500000000000000000e+00 1.078788773156702518e-05
