5.000000000000000000e-01 5.206475097656250000e+03
5.101010101010100550e-01 4.678788085937500000e+03
5.202020202020202211e-01 4.411144531250000000e+03
5.303030303030302761e-01 4.243053710937500000e+03
5.404040404040404422e-01 5.373112792968750000e+03
5.505050505050504972e-01 5.456835449218750000e+03
5.606060606060605522e-01 5.828704589843750000e+03
5.707070707070707183e-01 5.442319824218750000e+03
5.808080808080807733e-01 4.256888671875000000e+03
5.909090909090909394e-01 4.400029785156250000e+03
6.010101010101009944e-01 5.430736328125000000e+03
6.111111111111111605e-01 6.598544433593750000e+03
6.212121212121212155e-01 5.473451171875000000e+03
6.313131313131312705e-01 5.383269531250000000e+03
6.414141414141414366e-01 5.475291992187500000e+03
6.515151515151514916e-01 4.620431640625000000e+03
6.616161616161616577e-01 5.391462402343750000e+03
6.717171717171717127e-01 5.359431152343750000e+03
6.818181818181818787e-01 6.363164550781250000e+03
6.919191919191919338e-01 6.945645507812500000e+03
7.020202020202019888e-01 5.588294433593750000e+03
7.121212121212121549e-01 5.238009765625000000e+03
7.222222222222222099e-01 5.400955078125000000e+03
7.323232323232323759e-01 5.780088867187500000e+03
7.424242424242424310e-01 6.504374511718750000e+03
7.525252525252525970e-01 6.657062011718750000e+03
7.626262626262626521e-01 6.453916992187500000e+03
7.727272727272727071e-01 7.046840820312500000e+03
7.828282828282828731e-01 7.132846679687500000e+03
7.929292929292929282e-01 6.383839843750000000e+03
8.030303030303029832e-01 5.920843750000000000e+03
8.131313131313131493e-01 6.954115722656250000e+03
8.232323232323233153e-01 7.738400390625000000e+03
8.333333333333333703e-01 8.279795898437500000e+03
8.434343434343434254e-01 9.039593750000000000e+03
8.535353535353535914e-01 7.753578613281250000e+03
8.636363636363636465e-01 7.656806640625000000e+03
8.737373737373737015e-01 7.138914550781250000e+03
8.838383838383838675e-01 7.688633789062500000e+03
8.939393939393940336e-01 8.391861328125000000e+03
9.040404040404040886e-01 7.794453125000000000e+03
9.141414141414141437e-01 1.108106835937500000e+04
9.242424242424243097e-01 9.408888671875000000e+03
9.343434343434343647e-01 1.067061425781250000e+04
9.444444444444444198e-01 1.105255175781250000e+04
9.545454545454545858e-01 1.260371386718750000e+04
9.646464646464647519e-01 1.231485156250000000e+04
9.747474747474748069e-01 1.397631640625000000e+04
9.848484848484848619e-01 1.334562988281250000e+04
9.949494949494950280e-01 1.626173730468750000e+04
1.005050505050505194e+00 1.757762500000000000e+04
1.015151515151515138e+00 1.675758007812500000e+04
1.025252525252525304e+00 2.354241796875000000e+04
1.035353535353535470e+00 2.528926562500000000e+04
1.045454545454545414e+00 2.848031445312500000e+04
1.055555555555555580e+00 3.239554882812500000e+04
1.065656565656565746e+00 3.341828125000000000e+04
1.075757575757575690e+00 3.420058593750000000e+04
1.085858585858585856e+00 2.641554687500000000e+04
1.095959595959596022e+00 2.540960937500000000e+04
1.106060606060605966e+00 1.847365234375000000e+04
1.116161616161616355e+00 1.604857519531250000e+04
1.126262626262626299e+00 1.370232324218750000e+04
1.136363636363636465e+00 1.103470312500000000e+04
1.146464646464646631e+00 9.640647460937500000e+03
1.156565656565656575e+00 7.856111328125000000e+03
1.166666666666666741e+00 7.212379394531250000e+03
1.176767676767676907e+00 6.590851074218750000e+03
1.186868686868686851e+00 5.166923828125000000e+03
1.196969696969697017e+00 5.108611328125000000e+03
1.207070707070707183e+00 4.370464843750000000e+03
1.217171717171717127e+00 3.725657226562500000e+03
1.227272727272727293e+00 3.297712890625000000e+03
1.237373737373737459e+00 3.218892578125000000e+03
1.247474747474747403e+00 2.636327392578125000e+03
1.257575757575757791e+00 2.563050048828125000e+03
1.267676767676767735e+00 2.187803710937500000e+03
1.277777777777777679e+00 2.030109619140625000e+03
1.287878787878788067e+00 1.609243408203125000e+03
1.297979797979798011e+00 1.589185180664062500e+03
1.308080808080808177e+00 1.356746948242187500e+03
1.318181818181818343e+00 1.266610717773437500e+03
1.328282828282828287e+00 1.342150390625000000e+03
1.338383838383838453e+00 1.146969116210937500e+03
1.348484848484848619e+00 1.054062500000000000e+03
1.358585858585858563e+00 1.049546875000000000e+03
1.368686868686868729e+00 8.238041992187500000e+02
1.378787878787878896e+00 7.636581420898437500e+02
1.388888888888888840e+00 5.973721313476562500e+02
1.398989898989899228e+00 5.453750610351562500e+02
1.409090909090909172e+00 4.824002990722656250e+02
1.419191919191919116e+00 4.275912780761718750e+02
1.429292929292929504e+00 4.295888061523437500e+02
1.439393939393939448e+00 4.140952758789062500e+02
1.449494949494949614e+00 3.716096191406250000e+02
1.459595959595959780e+00 2.530352630615234375e+02
1.469696969696969724e+00 2.366346130371093750e+02
1.479797979797979890e+00 1.887479705810546875e+02
1.489898989898990056e+00 2.037631530761718750e+02
1.500000000000000000e+00 1.845403289794921875e+02
