5.000000000000000000e-01 4.108840000000000000e+08
5.101010101010100550e-01 3.418864320000000000e+08
5.202020202020202211e-01 2.575025760000000000e+08
5.303030303030302761e-01 2.881636800000000000e+08
5.404040404040404422e-01 3.689674880000000000e+08
5.505050505050504972e-01 4.288064640000000000e+08
5.606060606060605522e-01 4.050418240000000000e+08
5.707070707070707183e-01 3.496935360000000000e+08
5.808080808080807733e-01 2.760336320000000000e+08
5.909090909090909394e-01 2.825142720000000000e+08
6.010101010101009944e-01 3.413444160000000000e+08
6.111111111111111605e-01 4.227945280000000000e+08
6.212121212121212155e-01 4.227832640000000000e+08
6.313131313131312705e-01 3.708474880000000000e+08
6.414141414141414366e-01 3.115693440000000000e+08
6.515151515151514916e-01 2.790679360000000000e+08
6.616161616161616577e-01 3.347204160000000000e+08
6.717171717171717127e-01 3.987924160000000000e+08
6.818181818181818787e-01 4.363677120000000000e+08
6.919191919191919338e-01 4.183894720000000000e+08
7.020202020202019888e-01 3.803833920000000000e+08
7.121212121212121549e-01 3.092039040000000000e+08
7.222222222222222099e-01 2.983405760000000000e+08
7.323232323232323759e-01 3.398768640000000000e+08
7.424242424242424310e-01 3.939548480000000000e+08
7.525252525252525970e-01 4.136878080000000000e+08
7.626262626262626521e-01 4.546236160000000000e+08
7.727272727272727071e-01 4.021110400000000000e+08
7.828282828282828731e-01 3.510991040000000000e+08
7.929292929292929282e-01 3.085643200000000000e+08
8.030303030303029832e-01 3.154029440000000000e+08
8.131313131313131493e-01 3.667865280000000000e+08
8.232323232323233153e-01 4.083195520000000000e+08
8.333333333333333703e-01 4.380451840000000000e+08
8.434343434343434254e-01 4.310688000000000000e+08
8.535353535353535914e-01 4.232624320000000000e+08
8.636363636363636465e-01 3.725494720000000000e+08
8.737373737373737015e-01 3.348096960000000000e+08
8.838383838383838675e-01 3.372728000000000000e+08
8.939393939393940336e-01 3.475886080000000000e+08
9.040404040404040886e-01 3.808943360000000000e+08
9.141414141414141437e-01 4.115128960000000000e+08
9.242424242424243097e-01 4.415365440000000000e+08
9.343434343434343647e-01 4.385031040000000000e+08
9.444444444444444198e-01 4.307321920000000000e+08
9.545454545454545858e-01 4.274023040000000000e+08
9.646464646464647519e-01 4.045223040000000000e+08
9.747474747474748069e-01 3.775033600000000000e+08
9.848484848484848619e-01 3.756275200000000000e+08
9.949494949494950280e-01 3.676228800000000000e+08
1.005050505050505194e+00 3.877776960000000000e+08
1.015151515151515138e+00 3.868669440000000000e+08
1.025252525252525304e+00 4.171864640000000000e+08
1.035353535353535470e+00 4.356696960000000000e+08
1.045454545454545414e+00 4.407954560000000000e+08
1.055555555555555580e+00 4.630712000000000000e+08
1.065656565656565746e+00 4.776577920000000000e+08
1.075757575757575690e+00 4.824256640000000000e+08
1.085858585858585856e+00 4.779116160000000000e+08
1.095959595959596022e+00 4.702517440000000000e+08
1.106060606060605966e+00 4.921301760000000000e+08
1.116161616161616355e+00 4.882513920000000000e+08
1.126262626262626299e+00 4.886512320000000000e+08
1.136363636363636465e+00 4.908120000000000000e+08
1.146464646464646631e+00 4.863689600000000000e+08
1.156565656565656575e+00 5.045472320000000000e+08
1.166666666666666741e+00 5.264153280000000000e+08
1.176767676767676907e+00 5.509575680000000000e+08
1.186868686868686851e+00 5.562400640000000000e+08
1.196969696969697017e+00 5.630091520000000000e+08
1.207070707070707183e+00 6.286566400000000000e+08
1.217171717171717127e+00 6.227349120000000000e+08
1.227272727272727293e+00 6.709511040000000000e+08
1.237373737373737459e+00 6.844321920000000000e+08
1.247474747474747403e+00 7.238395520000000000e+08
1.257575757575757791e+00 7.054950400000000000e+08
1.267676767676767735e+00 7.431969920000000000e+08
1.277777777777777679e+00 7.439839360000000000e+08
1.287878787878788067e+00 7.115774720000000000e+08
1.297979797979798011e+00 6.240996480000000000e+08
1.308080808080808177e+00 5.777996160000000000e+08
1.318181818181818343e+00 5.185363520000000000e+08
1.328282828282828287e+00 4.706786560000000000e+08
1.338383838383838453e+00 3.858577280000000000e+08
1.348484848484848619e+00 3.378273280000000000e+08
1.358585858585858563e+00 2.945888000000000000e+08
1.368686868686868729e+00 2.355493280000000000e+08
1.378787878787878896e+00 2.115036320000000000e+08
1.388888888888888840e+00 1.618794880000000000e+08
1.398989898989899228e+00 1.396555040000000000e+08
1.409090909090909172e+00 1.228168320000000000e+08
1.419191919191919116e+00 1.119674560000000000e+08
1.429292929292929504e+00 9.921104800000000000e+07
1.439393939393939448e+00 8.599738400000000000e+07
1.449494949494949614e+00 7.379871200000000000e+07
1.459595959595959780e+00 5.868389200000000000e+07
1.469696969696969724e+00 4.691963200000000000e+07
1.479797979797979890e+00 4.031115600000000000e+07
1.489898989898990056e+00 3.959951600000000000e+07
1.500000000000000000e+00 3.390170400000000000e+07
