5.000000000000000000e-01 3.452750587022135462e+23
5.101010101010100550e-01 3.033537159020010023e+23
5.202020202020202211e-01 2.717311506864637802e+23
5.303030303030302761e-01 3.002571849134091251e+23
5.404040404040404422e-01 3.531097367867693749e+23
5.505050505050504972e-01 3.807655854937141926e+23
5.606060606060605522e-01 3.727445664709762823e+23
5.707070707070707183e-01 3.190735844445332470e+23
5.808080808080807733e-01 2.942953197266960625e+23
5.909090909090909394e-01 3.098649481856592275e+23
6.010101010101009944e-01 3.614808476301405580e+23
6.111111111111111605e-01 3.987010809377246455e+23
6.212121212121212155e-01 3.922730391463832081e+23
6.313131313131312705e-01 3.463601379820336841e+23
6.414141414141414366e-01 3.231237616614200815e+23
6.515151515151514916e-01 3.168310080028848538e+23
6.616161616161616577e-01 3.653896838763219968e+23
6.717171717171717127e-01 4.011618477741198845e+23
6.818181818181818787e-01 4.169356514257895183e+23
6.919191919191919338e-01 3.955422921878839985e+23
7.020202020202019888e-01 3.680887451762006635e+23
7.121212121212121549e-01 3.384900796188052328e+23
7.222222222222222099e-01 3.632405661341407961e+23
7.323232323232323759e-01 3.867655691476733190e+23
7.424242424242424310e-01 4.248806136580203956e+23
7.525252525252525970e-01 4.338438577803982516e+23
7.626262626262626521e-01 4.201632551779363864e+23
7.727272727272727071e-01 4.005309835383178254e+23
7.828282828282828731e-01 3.783114119271734240e+23
7.929292929292929282e-01 3.792080966273813992e+23
8.030303030303029832e-01 4.001824769847533869e+23
8.131313131313131493e-01 4.372167656709226014e+23
8.232323232323233153e-01 4.614829530967292510e+23
8.333333333333333703e-01 4.645394560918330592e+23
8.434343434343434254e-01 4.467830237690068573e+23
8.535353535353535914e-01 4.308874788122101442e+23
8.636363636363636465e-01 4.061084214608385425e+23
8.737373737373737015e-01 4.060237537878439772e+23
8.838383838383838675e-01 4.333122168515864193e+23
8.939393939393940336e-01 4.494919209304717011e+23
9.040404040404040886e-01 4.769036024800190000e+23
9.141414141414141437e-01 4.803908297434845225e+23
9.242424242424243097e-01 4.778976369897722159e+23
9.343434343434343647e-01 4.753122465444883805e+23
9.444444444444444198e-01 4.551157999723498627e+23
9.545454545454545858e-01 4.366854490012839397e+23
9.646464646464647519e-01 4.308989719984591937e+23
9.747474747474748069e-01 4.215100116105052595e+23
9.848484848484848619e-01 4.179609589313551949e+23
9.949494949494950280e-01 4.305514021936172483e+23
1.005050505050505194e+00 4.388545627258106654e+23
1.015151515151515138e+00 4.369003968042990788e+23
1.025252525252525304e+00 4.283296503966458163e+23
1.035353535353535470e+00 4.183197697208670570e+23
1.045454545454545414e+00 4.102318091932679117e+23
1.055555555555555580e+00 3.878946035598565929e+23
1.065656565656565746e+00 3.601247597391437732e+23
1.075757575757575690e+00 3.368993361728239357e+23
1.085858585858585856e+00 3.135951536562206430e+23
1.095959595959596022e+00 2.968195873178372255e+23
1.106060606060605966e+00 2.740984227945948077e+23
1.116161616161616355e+00 2.567302367884449614e+23
1.126262626262626299e+00 2.385168332186287300e+23
1.136363636363636465e+00 2.337743086238269744e+23
1.146464646464646631e+00 2.104162450412818210e+23
1.156565656565656575e+00 2.066190440226636421e+23
1.166666666666666741e+00 1.931880309115506498e+23
1.176767676767676907e+00 1.811779395116700680e+23
1.186868686868686851e+00 1.686206427426654614e+23
1.196969696969697017e+00 1.584959563051857735e+23
1.207070707070707183e+00 1.502198083635573246e+23
1.217171717171717127e+00 1.376762926094124717e+23
1.227272727272727293e+00 1.250169082440546307e+23
1.237373737373737459e+00 1.172080087637658708e+23
1.247474747474747403e+00 1.063248981346384819e+23
1.257575757575757791e+00 9.814571269298731981e+22
1.267676767676767735e+00 8.940768458077500762e+22
1.277777777777777679e+00 8.207577034422031168e+22
1.287878787878788067e+00 7.457990256323119284e+22
1.297979797979798011e+00 7.088639242243359218e+22
1.308080808080808177e+00 6.831426507805236291e+22
1.318181818181818343e+00 6.489795149431941628e+22
1.328282828282828287e+00 6.256440234019813904e+22
1.338383838383838453e+00 6.067873166541923025e+22
1.348484848484848619e+00 5.975443539589584650e+22
1.358585858585858563e+00 5.323880759900130771e+22
1.368686868686868729e+00 4.673602406824402957e+22
1.378787878787878896e+00 4.077208272210274917e+22
1.388888888888888840e+00 3.207197491875289655e+22
1.398989898989899228e+00 2.638302336585885863e+22
1.409090909090909172e+00 2.380318811071538476e+22
1.419191919191919116e+00 2.483250381994942110e+22
1.429292929292929504e+00 2.567950706086805871e+22
1.439393939393939448e+00 2.400027013400874503e+22
1.449494949494949614e+00 2.078995119723172489e+22
1.459595959595959780e+00 1.514266582219021196e+22
1.469696969696969724e+00 1.175972728939580123e+22
1.479797979797979890e+00 1.197171735335566469e+22
1.489898989898990056e+00 1.281631679797319329e+22
1.500000000000000000e+00 1.155697973777120887e+22
