5.000000000000000000e-01 8.448615234375000000e+03
5.101010101010100550e-01 7.078416503906250000e+03
5.202020202020202211e-01 5.587987792968750000e+03
5.303030303030302761e-01 5.737826171875000000e+03
5.404040404040404422e-01 6.980443847656250000e+03
5.505050505050504972e-01 8.105634765625000000e+03
5.606060606060605522e-01 8.191818847656250000e+03
5.707070707070707183e-01 7.087650390625000000e+03
5.808080808080807733e-01 5.918776367187500000e+03
5.909090909090909394e-01 5.542064453125000000e+03
6.010101010101009944e-01 6.839599609375000000e+03
6.111111111111111605e-01 7.900069335937500000e+03
6.212121212121212155e-01 8.637267578125000000e+03
6.313131313131312705e-01 7.355162597656250000e+03
6.414141414141414366e-01 5.882650390625000000e+03
6.515151515151514916e-01 5.423876464843750000e+03
6.616161616161616577e-01 6.645081054687500000e+03
6.717171717171717127e-01 7.864858398437500000e+03
6.818181818181818787e-01 8.736910156250000000e+03
6.919191919191919338e-01 8.127631347656250000e+03
7.020202020202019888e-01 7.496902832031250000e+03
7.121212121212121549e-01 6.124972167968750000e+03
7.222222222222222099e-01 5.964470214843750000e+03
7.323232323232323759e-01 6.284572753906250000e+03
7.424242424242424310e-01 7.809453125000000000e+03
7.525252525252525970e-01 8.139937500000000000e+03
7.626262626262626521e-01 8.583686523437500000e+03
7.727272727272727071e-01 8.204810546875000000e+03
7.828282828282828731e-01 7.157190917968750000e+03
7.929292929292929282e-01 6.172599609375000000e+03
8.030303030303029832e-01 6.256713867187500000e+03
8.131313131313131493e-01 7.245510742187500000e+03
8.232323232323233153e-01 8.403802734375000000e+03
8.333333333333333703e-01 8.762717773437500000e+03
8.434343434343434254e-01 8.989088867187500000e+03
8.535353535353535914e-01 8.424673828125000000e+03
8.636363636363636465e-01 7.763061035156250000e+03
8.737373737373737015e-01 6.949212402343750000e+03
8.838383838383838675e-01 6.489965332031250000e+03
8.939393939393940336e-01 7.047965332031250000e+03
9.040404040404040886e-01 7.821004394531250000e+03
9.141414141414141437e-01 8.054091308593750000e+03
9.242424242424243097e-01 8.605743164062500000e+03
9.343434343434343647e-01 8.933275390625000000e+03
9.444444444444444198e-01 8.923475585937500000e+03
9.545454545454545858e-01 8.623537109375000000e+03
9.646464646464647519e-01 7.932467285156250000e+03
9.747474747474748069e-01 7.720473144531250000e+03
9.848484848484848619e-01 7.494180664062500000e+03
9.949494949494950280e-01 7.390856445312500000e+03
1.005050505050505194e+00 7.634571777343750000e+03
1.015151515151515138e+00 8.158691406250000000e+03
1.025252525252525304e+00 8.642248046875000000e+03
1.035353535353535470e+00 8.896334960937500000e+03
1.045454545454545414e+00 9.149985351562500000e+03
1.055555555555555580e+00 9.383566406250000000e+03
1.065656565656565746e+00 9.772335937500000000e+03
1.075757575757575690e+00 9.678429687500000000e+03
1.085858585858585856e+00 1.002028222656250000e+04
1.095959595959596022e+00 1.033575781250000000e+04
1.106060606060605966e+00 9.807005859375000000e+03
1.116161616161616355e+00 1.020994042968750000e+04
1.126262626262626299e+00 1.065208203125000000e+04
1.136363636363636465e+00 1.079352539062500000e+04
1.146464646464646631e+00 1.072789160156250000e+04
1.156565656565656575e+00 1.135988085937500000e+04
1.166666666666666741e+00 1.124124609375000000e+04
1.176767676767676907e+00 1.256797070312500000e+04
1.186868686868686851e+00 1.304752050781250000e+04
1.196969696969697017e+00 1.418650195312500000e+04
1.207070707070707183e+00 1.482728417968750000e+04
1.217171717171717127e+00 1.566444238281250000e+04
1.227272727272727293e+00 1.802901757812500000e+04
1.237373737373737459e+00 2.069008203125000000e+04
1.247474747474747403e+00 2.363117382812500000e+04
1.257575757575757791e+00 2.862149023437500000e+04
1.267676767676767735e+00 3.032305078125000000e+04
1.277777777777777679e+00 3.167501367187500000e+04
1.287878787878788067e+00 3.179025781250000000e+04
1.297979797979798011e+00 2.626310351562500000e+04
1.308080808080808177e+00 2.033193164062500000e+04
1.318181818181818343e+00 1.622612500000000000e+04
1.328282828282828287e+00 1.263984667968750000e+04
1.338383838383838453e+00 9.612937500000000000e+03
1.348484848484848619e+00 8.322360351562500000e+03
1.358585858585858563e+00 6.237232910156250000e+03
1.368686868686868729e+00 5.595846679687500000e+03
1.378787878787878896e+00 4.445425292968750000e+03
1.388888888888888840e+00 3.663922363281250000e+03
1.398989898989899228e+00 3.085252197265625000e+03
1.409090909090909172e+00 2.656729736328125000e+03
1.419191919191919116e+00 2.154194091796875000e+03
1.429292929292929504e+00 2.015310424804687500e+03
1.439393939393939448e+00 1.805292602539062500e+03
1.449494949494949614e+00 1.416110473632812500e+03
1.459595959595959780e+00 1.187249755859375000e+03
1.469696969696969724e+00 9.726311035156250000e+02
1.479797979797979890e+00 8.593905639648437500e+02
1.489898989898990056e+00 7.838046264648437500e+02
1.500000000000000000e+00 6.589268798828125000e+02
