5.000000000000000000e-01 2.879651020800000000e+10
5.101010101010100550e-01 1.726435532800000000e+10
5.202020202020202211e-01 1.587747225600000000e+10
5.303030303030302761e-01 1.455727411200000000e+10
5.404040404040404422e-01 2.366957977600000000e+10
5.505050505050504972e-01 2.715233894400000000e+10
5.606060606060605522e-01 2.645411840000000000e+10
5.707070707070707183e-01 1.940322918400000000e+10
5.808080808080807733e-01 1.502893772800000000e+10
5.909090909090909394e-01 1.557411942400000000e+10
6.010101010101009944e-01 1.630249574400000000e+10
6.111111111111111605e-01 2.505033113600000000e+10
6.212121212121212155e-01 2.646022758400000000e+10
6.313131313131312705e-01 2.504222924800000000e+10
6.414141414141414366e-01 1.675644416000000000e+10
6.515151515151514916e-01 1.481558118400000000e+10
6.616161616161616577e-01 1.953104896000000000e+10
6.717171717171717127e-01 2.208529817600000000e+10
6.818181818181818787e-01 2.908554444800000000e+10
6.919191919191919338e-01 2.160392601600000000e+10
7.020202020202019888e-01 1.829798502400000000e+10
7.121212121212121549e-01 1.689535795200000000e+10
7.222222222222222099e-01 1.511965286400000000e+10
7.323232323232323759e-01 2.153402777600000000e+10
7.424242424242424310e-01 2.273845657600000000e+10
7.525252525252525970e-01 2.789546803200000000e+10
7.626262626262626521e-01 2.216356864000000000e+10
7.727272727272727071e-01 2.498692300800000000e+10
7.828282828282828731e-01 1.677796249600000000e+10
7.929292929292929282e-01 1.524992819200000000e+10
8.030303030303029832e-01 1.342964531200000000e+10
8.131313131313131493e-01 1.764343603200000000e+10
8.232323232323233153e-01 2.587738931200000000e+10
8.333333333333333703e-01 2.410451148800000000e+10
8.434343434343434254e-01 2.331499724800000000e+10
8.535353535353535914e-01 2.446063616000000000e+10
8.636363636363636465e-01 1.934681907200000000e+10
8.737373737373737015e-01 1.360000819200000000e+10
8.838383838383838675e-01 1.392194662400000000e+10
8.939393939393940336e-01 1.634351923200000000e+10
9.040404040404040886e-01 1.946386841600000000e+10
9.141414141414141437e-01 2.332258918400000000e+10
9.242424242424243097e-01 2.494363443200000000e+10
9.343434343434343647e-01 2.496934502400000000e+10
9.444444444444444198e-01 2.461630873600000000e+10
9.545454545454545858e-01 1.749101158400000000e+10
9.646464646464647519e-01 1.845457305600000000e+10
9.747474747474748069e-01 1.668352614400000000e+10
9.848484848484848619e-01 1.382426112000000000e+10
9.949494949494950280e-01 1.435685478400000000e+10
1.005050505050505194e+00 1.254834790400000000e+10
1.015151515151515138e+00 1.495251456000000000e+10
1.025252525252525304e+00 1.742440652800000000e+10
1.035353535353535470e+00 2.041386803200000000e+10
1.045454545454545414e+00 1.824207257600000000e+10
1.055555555555555580e+00 1.943925760000000000e+10
1.065656565656565746e+00 1.902596710400000000e+10
1.075757575757575690e+00 2.190158848000000000e+10
1.085858585858585856e+00 2.052762624000000000e+10
1.095959595959596022e+00 1.809022566400000000e+10
1.106060606060605966e+00 1.815180697600000000e+10
1.116161616161616355e+00 2.145691033600000000e+10
1.126262626262626299e+00 1.800545689600000000e+10
1.136363636363636465e+00 1.624924262400000000e+10
1.146464646464646631e+00 1.791472025600000000e+10
1.156565656565656575e+00 1.062709043200000000e+10
1.166666666666666741e+00 1.479188070400000000e+10
1.176767676767676907e+00 1.430483660800000000e+10
1.186868686868686851e+00 1.643972198400000000e+10
1.196969696969697017e+00 1.426193100800000000e+10
1.207070707070707183e+00 1.226892390400000000e+10
1.217171717171717127e+00 1.269591040000000000e+10
1.227272727272727293e+00 1.406233702400000000e+10
1.237373737373737459e+00 1.237778944000000000e+10
1.247474747474747403e+00 1.220172697600000000e+10
1.257575757575757791e+00 1.623827968000000000e+10
1.267676767676767735e+00 1.573395353600000000e+10
1.277777777777777679e+00 1.437395046400000000e+10
1.287878787878788067e+00 1.506710323200000000e+10
1.297979797979798011e+00 1.324766003200000000e+10
1.308080808080808177e+00 1.364440473600000000e+10
1.318181818181818343e+00 1.172506112000000000e+10
1.328282828282828287e+00 1.212895846400000000e+10
1.338383838383838453e+00 1.120146739200000000e+10
1.348484848484848619e+00 1.164354969600000000e+10
1.358585858585858563e+00 1.087509708800000000e+10
1.368686868686868729e+00 9.919697920000000000e+09
1.378787878787878896e+00 1.049223372800000000e+10
1.388888888888888840e+00 8.493376512000000000e+09
1.398989898989899228e+00 1.170462617600000000e+10
1.409090909090909172e+00 9.374301184000000000e+09
1.419191919191919116e+00 9.232632832000000000e+09
1.429292929292929504e+00 8.253689856000000000e+09
1.439393939393939448e+00 7.713744384000000000e+09
1.449494949494949614e+00 8.461633024000000000e+09
1.459595959595959780e+00 7.331439616000000000e+09
1.469696969696969724e+00 8.105938432000000000e+09
1.479797979797979890e+00 6.905566208000000000e+09
1.489898989898990056e+00 8.037488640000000000e+09
1.500000000000000000e+00 7.869870080000000000e+09
