5.000000000000000000e-01 2.504541459185664000e+17
5.101010101010100550e-01 1.774174883157114880e+17
5.202020202020202211e-01 1.821471750215434240e+17
5.303030303030302761e-01 2.056397012378583040e+17
5.404040404040404422e-01 1.919794031341076480e+17
5.505050505050504972e-01 2.023103113094758400e+17
5.606060606060605522e-01 2.242834498951577600e+17
5.707070707070707183e-01 2.438613711192064000e+17
5.808080808080807733e-01 2.378547047369277440e+17
5.909090909090909394e-01 1.939343519881625600e+17
6.010101010101009944e-01 1.768056616344616960e+17
6.111111111111111605e-01 1.703215151479521280e+17
6.212121212121212155e-01 1.815625268933427200e+17
6.313131313131312705e-01 2.049878970010173440e+17
6.414141414141414366e-01 1.567019505140367360e+17
6.515151515151514916e-01 2.037719745796505600e+17
6.616161616161616577e-01 2.689776698513162240e+17
6.717171717171717127e-01 2.289254161889361920e+17
6.818181818181818787e-01 1.818731045684510720e+17
6.919191919191919338e-01 1.219590667034951680e+17
7.020202020202019888e-01 1.182936041741352960e+17
7.121212121212121549e-01 1.681956437753856000e+17
7.222222222222222099e-01 1.367482196515880960e+17
7.323232323232323759e-01 1.348042229641379840e+17
7.424242424242424310e-01 1.406761562223411200e+17
7.525252525252525970e-01 7.614756254488985600e+16
7.626262626262626521e-01 1.161146126460518400e+17
7.727272727272727071e-01 1.284788442386923520e+17
7.828282828282828731e-01 1.201640194818703360e+17
7.929292929292929282e-01 9.002712731903590400e+16
8.030303030303029832e-01 9.060129572703436800e+16
8.131313131313131493e-01 5.923235783560396800e+16
8.232323232323233153e-01 1.061883075698360320e+17
8.333333333333333703e-01 6.643397860891033600e+16
8.434343434343434254e-01 7.795859563479040000e+16
8.535353535353535914e-01 7.712164394775347200e+16
8.636363636363636465e-01 8.636287597045350400e+16
8.737373737373737015e-01 5.221120299814092800e+16
8.838383838383838675e-01 5.374440324359782400e+16
8.939393939393940336e-01 7.509359475032064000e+16
9.040404040404040886e-01 6.392702337810432000e+16
9.141414141414141437e-01 4.487148184639897600e+16
9.242424242424243097e-01 8.445082524975104000e+16
9.343434343434343647e-01 4.977148548035379200e+16
9.444444444444444198e-01 4.480996073485107200e+16
9.545454545454545858e-01 5.052537679485337600e+16
9.646464646464647519e-01 5.892259190931456000e+16
9.747474747474748069e-01 4.310019008888832000e+16
9.848484848484848619e-01 3.189750448416358400e+16
9.949494949494950280e-01 3.265772658045747200e+16
1.005050505050505194e+00 5.208336759154278400e+16
1.015151515151515138e+00 4.247577056352665600e+16
1.025252525252525304e+00 2.971870193464115200e+16
1.035353535353535470e+00 3.944104975138816000e+16
1.045454545454545414e+00 1.681944197097062400e+16
1.055555555555555580e+00 4.093993750311731200e+16
1.065656565656565746e+00 2.895389281327513600e+16
1.075757575757575690e+00 2.277616862101504000e+16
1.085858585858585856e+00 2.032902080980582400e+16
1.095959595959596022e+00 2.798222947699916800e+16
1.106060606060605966e+00 1.606966630888243200e+16
1.116161616161616355e+00 1.479188239980953600e+16
1.126262626262626299e+00 1.589680353889484800e+16
1.136363636363636465e+00 2.084674475760025600e+16
1.146464646464646631e+00 9.358642469928960000e+15
1.156565656565656575e+00 1.392593968352460800e+16
1.166666666666666741e+00 2.214867604655308800e+16
1.176767676767676907e+00 1.366243270249676800e+16
1.186868686868686851e+00 1.514671756541952000e+16
1.196969696969697017e+00 9.843565752483840000e+15
1.207070707070707183e+00 1.603201447808204800e+16
1.217171717171717127e+00 1.366342913490944000e+16
1.227272727272727293e+00 7.007030837510144000e+15
1.237373737373737459e+00 9.911069753475072000e+15
1.247474747474747403e+00 1.206446435021619200e+16
1.257575757575757791e+00 8.503061899116544000e+15
1.267676767676767735e+00 7.679562586521600000e+15
1.277777777777777679e+00 7.250816402456576000e+15
1.287878787878788067e+00 6.943886765195264000e+15
1.297979797979798011e+00 5.255324130869248000e+15
1.308080808080808177e+00 5.905058193473536000e+15
1.318181818181818343e+00 6.439174420824064000e+15
1.328282828282828287e+00 7.192404847230976000e+15
1.338383838383838453e+00 4.816983526735872000e+15
1.348484848484848619e+00 5.419302224134144000e+15
1.358585858585858563e+00 7.451328561283072000e+15
1.368686868686868729e+00 7.690112636813312000e+15
1.378787878787878896e+00 4.454329373163520000e+15
1.388888888888888840e+00 4.685034615209984000e+15
1.398989898989899228e+00 2.758958947237888000e+15
1.409090909090909172e+00 1.461780576468992000e+15
1.419191919191919116e+00 1.881222250758144000e+15
1.429292929292929504e+00 3.034470093422592000e+15
1.439393939393939448e+00 3.976513724612608000e+15
1.449494949494949614e+00 2.052561917968384000e+15
1.459595959595959780e+00 2.184125356179456000e+15
1.469696969696969724e+00 7.821527361781760000e+14
1.479797979797979890e+00 1.803140282187776000e+15
1.489898989898990056e+00 1.609456987144192000e+15
1.500000000000000000e+00 1.254522903068672000e+15
