5.000000000000000000e-01 4.983550881300480000e+14
5.101010101010100550e-01 4.645482596925440000e+14
5.202020202020202211e-01 3.852219585658880000e+14
5.303030303030302761e-01 4.179810498641920000e+14
5.404040404040404422e-01 4.895012143759360000e+14
5.505050505050504972e-01 5.279436547031040000e+14
5.606060606060605522e-01 5.317446672056320000e+14
5.707070707070707183e-01 4.749704340439040000e+14
5.808080808080807733e-01 4.004199352238080000e+14
5.909090909090909394e-01 4.438214186106880000e+14
6.010101010101009944e-01 5.097057471692800000e+14
6.111111111111111605e-01 5.710778434846720000e+14
6.212121212121212155e-01 5.549719845601280000e+14
6.313131313131312705e-01 5.329735982776320000e+14
6.414141414141414366e-01 4.760286737203200000e+14
6.515151515151514916e-01 4.605362904760320000e+14
6.616161616161616577e-01 5.314036199587840000e+14
6.717171717171717127e-01 5.860819761889280000e+14
6.818181818181818787e-01 5.963892937195520000e+14
6.919191919191919338e-01 6.179786179215360000e+14
7.020202020202019888e-01 5.579537320509440000e+14
7.121212121212121549e-01 5.206018107637760000e+14
7.222222222222222099e-01 5.283083578245120000e+14
7.323232323232323759e-01 5.862898123407360000e+14
7.424242424242424310e-01 6.423832931860480000e+14
7.525252525252525970e-01 6.673126255493120000e+14
7.626262626262626521e-01 6.685070291107840000e+14
7.727272727272727071e-01 6.295080549744640000e+14
7.828282828282828731e-01 5.956916299694080000e+14
7.929292929292929282e-01 5.886764719800320000e+14
8.030303030303029832e-01 6.350479588065280000e+14
8.131313131313131493e-01 6.682744968970240000e+14
8.232323232323233153e-01 7.252263672217600000e+14
8.333333333333333703e-01 7.604195976806400000e+14
8.434343434343434254e-01 7.085367953981440000e+14
8.535353535353535914e-01 7.349694334238720000e+14
8.636363636363636465e-01 7.293687960698880000e+14
8.737373737373737015e-01 7.214370652160000000e+14
8.838383838383838675e-01 7.362436965335040000e+14
8.939393939393940336e-01 7.733787890810880000e+14
9.040404040404040886e-01 7.942172993126400000e+14
9.141414141414141437e-01 8.958572977192960000e+14
9.242424242424243097e-01 8.955672532090880000e+14
9.343434343434343647e-01 8.867219693895680000e+14
9.444444444444444198e-01 9.033205415936000000e+14
9.545454545454545858e-01 8.760283732377600000e+14
9.646464646464647519e-01 8.810185883648000000e+14
9.747474747474748069e-01 8.849306324828160000e+14
9.848484848484848619e-01 8.567538350817280000e+14
9.949494949494950280e-01 9.260956794224640000e+14
1.005050505050505194e+00 8.999981159546880000e+14
1.015151515151515138e+00 9.186445822525440000e+14
1.025252525252525304e+00 9.062191076474880000e+14
1.035353535353535470e+00 8.832068070932480000e+14
1.045454545454545414e+00 8.379312751247360000e+14
1.055555555555555580e+00 8.193127932231680000e+14
1.065656565656565746e+00 7.394302267228160000e+14
1.075757575757575690e+00 6.940045051166720000e+14
1.085858585858585856e+00 6.595252458618880000e+14
1.095959595959596022e+00 5.904378783334400000e+14
1.106060606060605966e+00 5.535397136302080000e+14
1.116161616161616355e+00 4.979224372838400000e+14
1.126262626262626299e+00 4.646654317690880000e+14
1.136363636363636465e+00 4.284476838379520000e+14
1.146464646464646631e+00 4.068653725122560000e+14
1.156565656565656575e+00 3.779256815452160000e+14
1.166666666666666741e+00 3.376228828446720000e+14
1.176767676767676907e+00 3.242745271418880000e+14
1.186868686868686851e+00 2.899793810554880000e+14
1.196969696969697017e+00 2.644418578350080000e+14
1.207070707070707183e+00 2.453115701821440000e+14
1.217171717171717127e+00 2.203887473786880000e+14
1.227272727272727293e+00 2.024153662095360000e+14
1.237373737373737459e+00 1.821116800696320000e+14
1.247474747474747403e+00 1.671618216591360000e+14
1.257575757575757791e+00 1.526758029393920000e+14
1.267676767676767735e+00 1.402424682086400000e+14
1.277777777777777679e+00 1.230281637888000000e+14
1.287878787878788067e+00 1.118507966136320000e+14
1.297979797979798011e+00 1.039189399306240000e+14
1.308080808080808177e+00 1.006487501537280000e+14
1.318181818181818343e+00 9.316406499737600000e+13
1.328282828282828287e+00 9.214979840409600000e+13
1.338383838383838453e+00 8.263730148147200000e+13
1.348484848484848619e+00 7.938559180800000000e+13
1.358585858585858563e+00 7.342489023283200000e+13
1.368686868686868729e+00 6.557221362073600000e+13
1.378787878787878896e+00 5.720278197862400000e+13
1.388888888888888840e+00 4.818712553062400000e+13
1.398989898989899228e+00 3.959463660748800000e+13
1.409090909090909172e+00 3.367580467200000000e+13
1.419191919191919116e+00 3.346541628620800000e+13
1.429292929292929504e+00 3.510778409779200000e+13
1.439393939393939448e+00 3.396152275763200000e+13
1.449494949494949614e+00 2.901725832806400000e+13
1.459595959595959780e+00 2.277082398720000000e+13
1.469696969696969724e+00 1.614638638694400000e+13
1.479797979797979890e+00 1.659968054886400000e+13
1.489898989898990056e+00 1.825284345036800000e+13
1.500000000000000000e+00 1.634379130470400000e+13
