5.000000000000000000e-01 2.447478138861938278e+19
5.101010101010100550e-01 2.370365650066472960e+19
5.202020202020202211e-01 2.406756406313300787e+19
5.303030303030302761e-01 2.586691484198843187e+19
5.404040404040404422e-01 2.759205078499223142e+19
5.505050505050504972e-01 2.790713563314074419e+19
5.606060606060605522e-01 2.692029535990946202e+19
5.707070707070707183e-01 2.589053235175306035e+19
5.808080808080807733e-01 2.674780837379047424e+19
5.909090909090909394e-01 2.817256873520214835e+19
6.010101010101009944e-01 2.947033550360569446e+19
6.111111111111111605e-01 2.925069046377139405e+19
6.212121212121212155e-01 2.791258481276800205e+19
6.313131313131312705e-01 2.694214485497662669e+19
6.414141414141414366e-01 2.691101108372452147e+19
6.515151515151514916e-01 2.773876961660266086e+19
6.616161616161616577e-01 2.841363226154552525e+19
6.717171717171717127e-01 2.793271467164932506e+19
6.818181818181818787e-01 2.639676949541368627e+19
6.919191919191919338e-01 2.467332020324689510e+19
7.020202020202019888e-01 2.366074036280937677e+19
7.121212121212121549e-01 2.358814400807383859e+19
7.222222222222222099e-01 2.376039349968122675e+19
7.323232323232323759e-01 2.370805234815257805e+19
7.424242424242424310e-01 2.258187756340301005e+19
7.525252525252525970e-01 2.070919595604469350e+19
7.626262626262626521e-01 1.893156712890761216e+19
7.727272727272727071e-01 1.801344083485419110e+19
7.828282828282828731e-01 1.775757238444281037e+19
7.929292929292929282e-01 1.795844106420958003e+19
8.030303030303029832e-01 1.784281092387451699e+19
8.131313131313131493e-01 1.693962149528443290e+19
8.232323232323233153e-01 1.572556164661510144e+19
8.333333333333333703e-01 1.419954725940153549e+19
8.434343434343434254e-01 1.290689981713691443e+19
8.535353535353535914e-01 1.220506505245307699e+19
8.636363636363636465e-01 1.206931384932971315e+19
8.737373737373737015e-01 1.218349593285099520e+19
8.838383838383838675e-01 1.218128811350242099e+19
8.939393939393940336e-01 1.179075477745591910e+19
9.040404040404040886e-01 1.124823375007868518e+19
9.141414141414141437e-01 1.023706018501309235e+19
9.242424242424243097e-01 9.236725605574115328e+18
9.343434343434343647e-01 8.347534059517247488e+18
9.444444444444444198e-01 7.703644107373019136e+18
9.545454545454545858e-01 7.424948146301566976e+18
9.646464646464647519e-01 7.381693358864859136e+18
9.747474747474748069e-01 7.398742386165153792e+18
9.848484848484848619e-01 7.499282828920619008e+18
9.949494949494950280e-01 7.385423452062089216e+18
1.005050505050505194e+00 7.133487404987449344e+18
1.015151515151515138e+00 6.792470575097839616e+18
1.025252525252525304e+00 6.359035944602959872e+18
1.035353535353535470e+00 5.831119180421660672e+18
1.045454545454545414e+00 5.283916432533356544e+18
1.055555555555555580e+00 4.799492500056178688e+18
1.065656565656565746e+00 4.354420088737103872e+18
1.075757575757575690e+00 3.970565461195620352e+18
1.085858585858585856e+00 3.672261909266038784e+18
1.095959595959596022e+00 3.470298115918004224e+18
1.106060606060605966e+00 3.293908688154132480e+18
1.116161616161616355e+00 3.171733979732639744e+18
1.126262626262626299e+00 3.094883064753422336e+18
1.136363636363636465e+00 2.962738809524977664e+18
1.146464646464646631e+00 2.869250084594253824e+18
1.156565656565656575e+00 2.760314595682811904e+18
1.166666666666666741e+00 2.634183844424581120e+18
1.176767676767676907e+00 2.538844641424310272e+18
1.186868686868686851e+00 2.397009290708647936e+18
1.196969696969697017e+00 2.261924666509623296e+18
1.207070707070707183e+00 2.127380864592510976e+18
1.217171717171717127e+00 1.983461389586399232e+18
1.227272727272727293e+00 1.836770458083524608e+18
1.237373737373737459e+00 1.676706578968870912e+18
1.247474747474747403e+00 1.529800005747998720e+18
1.257575757575757791e+00 1.379638053475188736e+18
1.267676767676767735e+00 1.237281946564820992e+18
1.277777777777777679e+00 1.120825179644100608e+18
1.287878787878788067e+00 1.022958680447909888e+18
1.297979797979798011e+00 9.620890982589399040e+17
1.308080808080808177e+00 9.464326711547002880e+17
1.318181818181818343e+00 9.540015717613568000e+17
1.328282828282828287e+00 9.806215729035345920e+17
1.338383838383838453e+00 9.985201790947164160e+17
1.348484848484848619e+00 9.977373955352166400e+17
1.358585858585858563e+00 9.541528920491294720e+17
1.368686868686868729e+00 8.636962078709514240e+17
1.378787878787878896e+00 7.287987068070789120e+17
1.388888888888888840e+00 5.723506060401049600e+17
1.398989898989899228e+00 4.258399944441856000e+17
1.409090909090909172e+00 3.669667474141347840e+17
1.419191919191919116e+00 4.022325520828989440e+17
1.429292929292929504e+00 4.583693895493222400e+17
1.439393939393939448e+00 4.673500974457815040e+17
1.449494949494949614e+00 4.056432371522600960e+17
1.459595959595959780e+00 2.881819117407436800e+17
1.469696969696969724e+00 1.879170856265973760e+17
1.479797979797979890e+00 2.008778538169139200e+17
1.489898989898990056e+00 2.495482170567557120e+17
1.500000000000000000e+00 2.374594131268730880e+17
