5.000000000000000000e-01 6.021276473999023438e+00
5.101010101010100550e-01 4.806037425994873047e+00
5.202020202020202211e-01 2.244670629501342773e+00
5.303030303030302761e-01 9.601594209671020508e-01
5.404040404040404422e-01 3.943402051925659180e+00
5.505050505050504972e-01 5.913581371307373047e+00
5.606060606060605522e-01 6.359321117401123047e+00
5.707070707070707183e-01 5.169685363769531250e+00
5.808080808080807733e-01 2.653037309646606445e+00
5.909090909090909394e-01 5.587315559387207031e-01
6.010101010101009944e-01 3.675797939300537109e+00
6.111111111111111605e-01 5.947964668273925781e+00
6.212121212121212155e-01 6.842180252075195312e+00
6.313131313131312705e-01 6.157137870788574219e+00
6.414141414141414366e-01 4.056516647338867188e+00
6.515151515151514916e-01 1.015883564949035645e+00
6.616161616161616577e-01 2.296146154403686523e+00
6.717171717171717127e-01 5.170455932617187500e+00
6.818181818181818787e-01 7.008893966674804688e+00
6.919191919191919338e-01 7.441643714904785156e+00
7.020202020202019888e-01 6.390493392944335938e+00
7.121212121212121549e-01 4.067598342895507812e+00
7.222222222222222099e-01 9.198165535926818848e-01
7.323232323232323759e-01 2.468488693237304688e+00
7.424242424242424310e-01 5.489366531372070312e+00
7.525252525252525970e-01 7.619550704956054688e+00
7.626262626262626521e-01 8.507999420166015625e+00
7.727272727272727071e-01 7.937468051910400391e+00
7.828282828282828731e-01 6.616806030273437500e+00
7.929292929292929282e-01 2.436977148056030273e+00
8.030303030303029832e-01 7.457982897758483887e-01
8.131313131313131493e-01 3.798197984695434570e+00
8.232323232323233153e-01 6.732354640960693359e+00
8.333333333333333703e-01 9.176706314086914062e+00
8.434343434343434254e-01 1.053556919097900391e+01
8.535353535353535914e-01 1.067961025238037109e+01
8.636363636363636465e-01 9.592153549194335938e+00
8.737373737373737015e-01 7.386377334594726562e+00
8.838383838383838675e-01 4.271800041198730469e+00
8.939393939393940336e-01 5.201026201248168945e-01
9.040404040404040886e-01 3.573030948638916016e+00
9.141414141414141437e-01 7.723101139068603516e+00
9.242424242424243097e-01 1.168754005432128906e+01
9.343434343434343647e-01 1.529046535491943359e+01
9.444444444444444198e-01 1.843674468994140625e+01
9.545454545454545858e-01 2.114068603515625000e+01
9.646464646464647519e-01 2.354586219787597656e+01
9.747474747474748069e-01 2.383674812316894531e+01
9.848484848484848619e-01 1.066060943603515625e+02
9.949494949494950280e-01 1.059842895507812500e+03
1.005050505050505194e+00 5.526669921875000000e+03
1.015151515151515138e+00 9.928217773437500000e+03
1.025252525252525304e+00 6.549605468750000000e+03
1.035353535353535470e+00 1.505913696289062500e+03
1.045454545454545414e+00 1.566924591064453125e+02
1.055555555555555580e+00 1.629092407226562500e+01
1.065656565656565746e+00 1.833321380615234375e+01
1.075757575757575690e+00 1.405822658538818359e+01
1.085858585858585856e+00 1.184083366394042969e+01
1.095959595959596022e+00 9.741993904113769531e+00
1.106060606060605966e+00 8.061131477355957031e+00
1.116161616161616355e+00 6.687878608703613281e+00
1.126262626262626299e+00 5.570055007934570312e+00
1.136363636363636465e+00 4.665732860565185547e+00
1.146464646464646631e+00 3.939653873443603516e+00
1.156565656565656575e+00 3.362162828445434570e+00
1.166666666666666741e+00 2.908053636550903320e+00
1.176767676767676907e+00 2.555752277374267578e+00
1.186868686868686851e+00 2.286166667938232422e+00
1.196969696969697017e+00 2.083152294158935547e+00
1.207070707070707183e+00 1.932464838027954102e+00
1.217171717171717127e+00 1.821583509445190430e+00
1.227272727272727293e+00 1.739417672157287598e+00
1.237373737373737459e+00 1.675951719284057617e+00
1.247474747474747403e+00 1.622210741043090820e+00
1.257575757575757791e+00 1.569959998130798340e+00
1.267676767676767735e+00 1.511403799057006836e+00
1.277777777777777679e+00 1.439784884452819824e+00
1.287878787878788067e+00 1.349339008331298828e+00
1.297979797979798011e+00 1.235444664955139160e+00
1.308080808080808177e+00 1.095409035682678223e+00
1.318181818181818343e+00 9.287603497505187988e-01
1.328282828282828287e+00 7.379175424575805664e-01
1.338383838383838453e+00 5.287082791328430176e-01
1.348484848484848619e+00 3.105824589729309082e-01
1.358585858585858563e+00 9.636721014976501465e-02
1.368686868686868729e+00 9.851864725351333618e-02
1.378787878787878896e+00 2.576147615909576416e-01
1.388888888888888840e+00 3.656396269798278809e-01
1.398989898989899228e+00 4.117500782012939453e-01
1.409090909090909172e+00 3.921133577823638916e-01
1.419191919191919116e+00 3.127717375755310059e-01
1.429292929292929504e+00 1.903532594442367554e-01
1.439393939393939448e+00 5.073781311511993408e-02
1.449494949494949614e+00 7.559196650981903076e-02
1.459595959595959780e+00 1.603279113769531250e-01
1.469696969696969724e+00 1.855740845203399658e-01
1.479797979797979890e+00 1.505392193794250488e-01
1.489898989898990056e+00 7.336426526308059692e-02
1.500000000000000000e+00 1.379750669002532959e-02
