5.000000000000000000e-01 8.074751853942871094e+00
5.101010101010100550e-01 6.992338180541992188e+00
5.202020202020202211e-01 1.759468436241149902e+00
5.303030303030302761e-01 9.795671463012695312e+00
5.404040404040404422e-01 1.203815937042236328e+01
5.505050505050504972e-01 1.711175537109375000e+01
5.606060606060605522e-01 9.820698738098144531e+00
5.707070707070707183e-01 1.591024112701416016e+01
5.808080808080807733e-01 1.546211814880371094e+01
5.909090909090909394e-01 1.301986885070800781e+01
6.010101010101009944e-01 2.681105041503906250e+01
6.111111111111111605e-01 2.812712860107421875e+01
6.212121212121212155e-01 3.028093719482421875e+01
6.313131313131312705e-01 3.726398468017578125e+01
6.414141414141414366e-01 4.005897521972656250e+01
6.515151515151514916e-01 4.466396331787109375e+01
6.616161616161616577e-01 3.827854156494140625e+01
6.717171717171717127e-01 5.072804641723632812e+01
6.818181818181818787e-01 3.408066940307617188e+01
6.919191919191919338e-01 2.575645256042480469e+01
7.020202020202019888e-01 1.844507217407226562e+01
7.121212121212121549e-01 1.929707908630371094e+01
7.222222222222222099e-01 2.123558235168457031e+01
7.323232323232323759e-01 1.779626655578613281e+01
7.424242424242424310e-01 1.308649158477783203e+01
7.525252525252525970e-01 7.802083969116210938e+00
7.626262626262626521e-01 1.150102043151855469e+01
7.727272727272727071e-01 1.466039085388183594e+01
7.828282828282828731e-01 1.481442832946777344e+01
7.929292929292929282e-01 1.744318008422851562e+01
8.030303030303029832e-01 1.394317626953125000e+01
8.131313131313131493e-01 9.588126182556152344e+00
8.232323232323233153e-01 6.887437343597412109e+00
8.333333333333333703e-01 3.492554903030395508e+00
8.434343434343434254e-01 7.879744052886962891e+00
8.535353535353535914e-01 1.040497970581054688e+01
8.636363636363636465e-01 1.200931835174560547e+01
8.737373737373737015e-01 1.561796951293945312e+01
8.838383838383838675e-01 1.657282257080078125e+01
8.939393939393940336e-01 1.473932552337646484e+01
9.040404040404040886e-01 1.166839408874511719e+01
9.141414141414141437e-01 7.179999828338623047e+00
9.242424242424243097e-01 3.836622953414916992e+00
9.343434343434343647e-01 2.994091033935546875e+00
9.444444444444444198e-01 8.320377349853515625e+00
9.545454545454545858e-01 1.383633422851562500e+01
9.646464646464647519e-01 1.830790519714355469e+01
9.747474747474748069e-01 1.704833793640136719e+01
9.848484848484848619e-01 2.194879913330078125e+02
9.949494949494950280e-01 1.929668334960937500e+03
1.005050505050505194e+00 7.324369628906250000e+03
1.015151515151515138e+00 9.739823242187500000e+03
1.025252525252525304e+00 4.746809570312500000e+03
1.035353535353535470e+00 8.000608520507812500e+02
1.045454545454545414e+00 7.102103424072265625e+01
1.055555555555555580e+00 1.478990364074707031e+01
1.065656565656565746e+00 1.401286983489990234e+01
1.075757575757575690e+00 1.218199062347412109e+01
1.085858585858585856e+00 1.059016323089599609e+01
1.095959595959596022e+00 9.574324607849121094e+00
1.106060606060605966e+00 8.278928756713867188e+00
1.116161616161616355e+00 7.843248844146728516e+00
1.126262626262626299e+00 6.799069404602050781e+00
1.136363636363636465e+00 6.007459640502929688e+00
1.146464646464646631e+00 5.341135501861572266e+00
1.156565656565656575e+00 4.956407070159912109e+00
1.166666666666666741e+00 4.223667144775390625e+00
1.176767676767676907e+00 3.807387590408325195e+00
1.186868686868686851e+00 3.495993375778198242e+00
1.196969696969697017e+00 2.988434553146362305e+00
1.207070707070707183e+00 2.727226972579956055e+00
1.217171717171717127e+00 2.525847196578979492e+00
1.227272727272727293e+00 2.351556062698364258e+00
1.237373737373737459e+00 2.124145030975341797e+00
1.247474747474747403e+00 2.013622760772705078e+00
1.257575757575757791e+00 1.661994099617004395e+00
1.267676767676767735e+00 1.533842086791992188e+00
1.277777777777777679e+00 1.299568533897399902e+00
1.287878787878788067e+00 1.178713321685791016e+00
1.297979797979798011e+00 8.944630026817321777e-01
1.308080808080808177e+00 6.265599131584167480e-01
1.318181818181818343e+00 3.512381017208099365e-01
1.328282828282828287e+00 2.575580775737762451e-01
1.338383838383838453e+00 6.759993731975555420e-02
1.348484848484848619e+00 1.558995991945266724e-01
1.358585858585858563e+00 3.084999620914459229e-01
1.368686868686868729e+00 4.910020828247070312e-01
1.378787878787878896e+00 4.639431238174438477e-01
1.388888888888888840e+00 4.713388681411743164e-01
1.398989898989899228e+00 3.966993689537048340e-01
1.409090909090909172e+00 2.728722989559173584e-01
1.419191919191919116e+00 1.468009501695632935e-01
1.429292929292929504e+00 4.537595435976982117e-02
1.439393939393939448e+00 1.254794895648956299e-01
1.449494949494949614e+00 2.332034558057785034e-01
1.459595959595959780e+00 2.063176184892654419e-01
1.469696969696969724e+00 1.640841364860534668e-01
1.479797979797979890e+00 6.408664584159851074e-02
1.489898989898990056e+00 2.905846759676933289e-02
1.500000000000000000e+00 1.016939952969551086e-01
