5.000000000000000000e-01 3.593801309263757312e+18
5.101010101010100550e-01 3.120769966517780480e+18
5.202020202020202211e-01 1.548465177702170624e+18
5.303030303030302761e-01 1.876748425991553024e+18
5.404040404040404422e-01 2.403104708295131136e+18
5.505050505050504972e-01 3.849036990733352960e+18
5.606060606060605522e-01 3.159789984920109056e+18
5.707070707070707183e-01 2.858372616060665856e+18
5.808080808080807733e-01 1.515547173956091904e+18
5.909090909090909394e-01 1.596700203056889856e+18
6.010101010101009944e-01 2.424193891071688704e+18
6.111111111111111605e-01 3.789311244234653696e+18
6.212121212121212155e-01 3.225577613900644352e+18
6.313131313131312705e-01 2.652207039027085312e+18
6.414141414141414366e-01 2.127136498133237760e+18
6.515151515151514916e-01 1.681298414404370432e+18
6.616161616161616577e-01 2.567347006473240576e+18
6.717171717171717127e-01 2.812026826560372736e+18
6.818181818181818787e-01 3.165112445832265728e+18
6.919191919191919338e-01 3.646482759641202688e+18
7.020202020202019888e-01 2.412579749747490816e+18
7.121212121212121549e-01 1.849134466337865728e+18
7.222222222222222099e-01 1.745862974137958400e+18
7.323232323232323759e-01 1.863446396879765504e+18
7.424242424242424310e-01 3.001663720171503616e+18
7.525252525252525970e-01 2.546611041807106048e+18
7.626262626262626521e-01 3.372542186359881728e+18
7.727272727272727071e-01 2.725858924925288448e+18
7.828282828282828731e-01 2.331182354187419648e+18
7.929292929292929282e-01 1.503725912129011712e+18
8.030303030303029832e-01 1.608618634224074752e+18
8.131313131313131493e-01 2.008153397089271808e+18
8.232323232323233153e-01 2.437740698959609856e+18
8.333333333333333703e-01 2.979107514005585920e+18
8.434343434343434254e-01 2.528032868710481920e+18
8.535353535353535914e-01 2.558838985497509888e+18
8.636363636363636465e-01 2.180939175493107712e+18
8.737373737373737015e-01 1.332130492501196800e+18
8.838383838383838675e-01 1.684139552450543616e+18
8.939393939393940336e-01 1.958294393060327424e+18
9.040404040404040886e-01 1.984032173560168448e+18
9.141414141414141437e-01 2.537897961912795136e+18
9.242424242424243097e-01 2.179689717967093760e+18
9.343434343434343647e-01 2.846058360707481600e+18
9.444444444444444198e-01 2.777335310558691328e+18
9.545454545454545858e-01 2.670188177309827072e+18
9.646464646464647519e-01 1.803204017354964992e+18
9.747474747474748069e-01 1.606567907599319040e+18
9.848484848484848619e-01 1.636668000482361344e+18
9.949494949494950280e-01 1.576265504576765952e+18
1.005050505050505194e+00 1.758615247435857920e+18
1.015151515151515138e+00 1.725511426224685056e+18
1.025252525252525304e+00 1.967657559204560896e+18
1.035353535353535470e+00 2.093794495215697920e+18
1.045454545454545414e+00 2.118866658863874048e+18
1.055555555555555580e+00 2.059773268990099456e+18
1.065656565656565746e+00 2.332372300646580224e+18
1.075757575757575690e+00 2.310928250492157952e+18
1.085858585858585856e+00 2.306052191300878336e+18
1.095959595959596022e+00 2.246944370336989184e+18
1.106060606060605966e+00 2.004577510397837312e+18
1.116161616161616355e+00 2.065012441896452096e+18
1.126262626262626299e+00 1.656615340433473536e+18
1.136363636363636465e+00 1.710372388060790784e+18
1.146464646464646631e+00 1.581603633529618432e+18
1.156565656565656575e+00 1.792460276923105280e+18
1.166666666666666741e+00 1.273199967787286528e+18
1.176767676767676907e+00 1.412226066293981184e+18
1.186868686868686851e+00 1.575820477245423616e+18
1.196969696969697017e+00 1.570419813568741376e+18
1.207070707070707183e+00 1.150195746562113536e+18
1.217171717171717127e+00 1.488388961872117760e+18
1.227272727272727293e+00 1.685483980293406720e+18
1.237373737373737459e+00 1.381648098169716736e+18
1.247474747474747403e+00 1.476821687231053824e+18
1.257575757575757791e+00 1.397400251505049600e+18
1.267676767676767735e+00 1.189501019512373248e+18
1.277777777777777679e+00 1.460966454680616960e+18
1.287878787878788067e+00 1.642408000935165952e+18
1.297979797979798011e+00 1.375712659525074944e+18
1.308080808080808177e+00 1.186697539739451392e+18
1.318181818181818343e+00 1.463373835389632512e+18
1.328282828282828287e+00 1.097119159193436160e+18
1.338383838383838453e+00 1.019997970512216064e+18
1.348484848484848619e+00 9.060548246115450880e+17
1.358585858585858563e+00 1.063968402579652608e+18
1.368686868686868729e+00 7.937869221147443200e+17
1.378787878787878896e+00 7.404628071908638720e+17
1.388888888888888840e+00 7.535847912736030720e+17
1.398989898989899228e+00 1.033760213959704576e+18
1.409090909090909172e+00 1.008394137109528576e+18
1.419191919191919116e+00 8.135577904495984640e+17
1.429292929292929504e+00 9.320447368715304960e+17
1.439393939393939448e+00 6.857280875680235520e+17
1.449494949494949614e+00 6.495949743833743360e+17
1.459595959595959780e+00 5.847757402690027520e+17
1.469696969696969724e+00 4.929300636672983040e+17
1.479797979797979890e+00 6.169885447448166400e+17
1.489898989898990056e+00 4.715587874387394560e+17
1.500000000000000000e+00 4.867296770801008640e+17
