5.000000000000000000e-01 1.659728607607521280e+18
5.101010101010100550e-01 1.381748566044704768e+18
5.202020202020202211e-01 1.085365448611987456e+18
5.303030303030302761e-01 1.158061858905653248e+18
5.404040404040404422e-01 1.514678010014334976e+18
5.505050505050504972e-01 1.704174853331877888e+18
5.606060606060605522e-01 1.645873799024869376e+18
5.707070707070707183e-01 1.374804737798438912e+18
5.808080808080807733e-01 1.123829595166998528e+18
5.909090909090909394e-01 1.191469557642952704e+18
6.010101010101009944e-01 1.436297536921927680e+18
6.111111111111111605e-01 1.660813550706229248e+18
6.212121212121212155e-01 1.707601481319841792e+18
6.313131313131312705e-01 1.481164345843908608e+18
6.414141414141414366e-01 1.218773317578653696e+18
6.515151515151514916e-01 1.160212228771676160e+18
6.616161616161616577e-01 1.337899217695277056e+18
6.717171717171717127e-01 1.629934316395954176e+18
6.818181818181818787e-01 1.747508943044739072e+18
6.919191919191919338e-01 1.664230145650589696e+18
7.020202020202019888e-01 1.475439188798078976e+18
7.121212121212121549e-01 1.249119975944224768e+18
7.222222222222222099e-01 1.219204188697788416e+18
7.323232323232323759e-01 1.426919389931765760e+18
7.424242424242424310e-01 1.594062062344994816e+18
7.525252525252525970e-01 1.734224368680042496e+18
7.626262626262626521e-01 1.703942856378417152e+18
7.727272727272727071e-01 1.516883905217560576e+18
7.828282828282828731e-01 1.329489328132325376e+18
7.929292929292929282e-01 1.277545100301303808e+18
8.030303030303029832e-01 1.342784347857485824e+18
8.131313131313131493e-01 1.515928154735116288e+18
8.232323232323233153e-01 1.702403540099530752e+18
8.333333333333333703e-01 1.755582931805405184e+18
8.434343434343434254e-01 1.723801410765586432e+18
8.535353535353535914e-01 1.611337726479564800e+18
8.636363636363636465e-01 1.499562061594624000e+18
8.737373737373737015e-01 1.360606056954200064e+18
8.838383838383838675e-01 1.362794909727195136e+18
8.939393939393940336e-01 1.444134031170994176e+18
9.040404040404040886e-01 1.606157652323205120e+18
9.141414141414141437e-01 1.661543626427072512e+18
9.242424242424243097e-01 1.736576086612901888e+18
9.343434343434343647e-01 1.753948782648623104e+18
9.444444444444444198e-01 1.730829626529284096e+18
9.545454545454545858e-01 1.575473031571046400e+18
9.646464646464647519e-01 1.563917026924167168e+18
9.747474747474748069e-01 1.473453058481455104e+18
9.848484848484848619e-01 1.434444859829125120e+18
9.949494949494950280e-01 1.442683637895004160e+18
1.005050505050505194e+00 1.550352901728108544e+18
1.015151515151515138e+00 1.573261501370728448e+18
1.025252525252525304e+00 1.716628471783882752e+18
1.035353535353535470e+00 1.754769842956664832e+18
1.045454545454545414e+00 1.825822208488898560e+18
1.055555555555555580e+00 1.821763086437056512e+18
1.065656565656565746e+00 1.817507151803842560e+18
1.075757575757575690e+00 1.817449977199198208e+18
1.085858585858585856e+00 1.836569934650408960e+18
1.095959595959596022e+00 1.823096931480502272e+18
1.106060606060605966e+00 1.774800883230441472e+18
1.116161616161616355e+00 1.761349595415183360e+18
1.126262626262626299e+00 1.702280119919312896e+18
1.136363636363636465e+00 1.611712934822543360e+18
1.146464646464646631e+00 1.698789582817984512e+18
1.156565656565656575e+00 1.668326788536729600e+18
1.166666666666666741e+00 1.674595791521447936e+18
1.176767676767676907e+00 1.639656060769796096e+18
1.186868686868686851e+00 1.610644621837205504e+18
1.196969696969697017e+00 1.541213623639080960e+18
1.207070707070707183e+00 1.633464161037975552e+18
1.217171717171717127e+00 1.576701598376132608e+18
1.227272727272727293e+00 1.521615241190834176e+18
1.237373737373737459e+00 1.509934441974202368e+18
1.247474747474747403e+00 1.433450626439708672e+18
1.257575757575757791e+00 1.417095116098633728e+18
1.267676767676767735e+00 1.351401357923319808e+18
1.277777777777777679e+00 1.215076622047117312e+18
1.287878787878788067e+00 1.218647286058319872e+18
1.297979797979798011e+00 1.117988027327578112e+18
1.308080808080808177e+00 1.067221513888858112e+18
1.318181818181818343e+00 9.934277909906718720e+17
1.328282828282828287e+00 9.283762850449326080e+17
1.338383838383838453e+00 8.366295988494663680e+17
1.348484848484848619e+00 7.722116864792330240e+17
1.358585858585858563e+00 6.909186758043238400e+17
1.368686868686868729e+00 5.883086772874772480e+17
1.378787878787878896e+00 5.089242813594337280e+17
1.388888888888888840e+00 4.493933202175426560e+17
1.398989898989899228e+00 3.835105491214663680e+17
1.409090909090909172e+00 3.443867299495280640e+17
1.419191919191919116e+00 3.194408726995927040e+17
1.429292929292929504e+00 3.018495112888975360e+17
1.439393939393939448e+00 2.735197008460513280e+17
1.449494949494949614e+00 2.291674118262620160e+17
1.459595959595959780e+00 1.749882891728322560e+17
1.469696969696969724e+00 1.519751500262277120e+17
1.479797979797979890e+00 1.395174084056186880e+17
1.489898989898990056e+00 1.344746014040391680e+17
1.500000000000000000e+00 1.195427181027655680e+17
