5.000000000000000000e-01 2.374668676043832744e+24
5.101010101010100550e-01 2.278559265922360994e+24
5.202020202020202211e-01 2.328060094837844045e+24
5.303030303030302761e-01 2.477285895713245918e+24
5.404040404040404422e-01 2.517012111997484044e+24
5.505050505050504972e-01 2.450819429653491139e+24
5.606060606060605522e-01 2.293690928324761633e+24
5.707070707070707183e-01 2.201844157236197548e+24
5.808080808080807733e-01 2.254614815653933693e+24
5.909090909090909394e-01 2.337703130302375713e+24
6.010101010101009944e-01 2.391725717358926818e+24
6.111111111111111605e-01 2.258618623809057121e+24
6.212121212121212155e-01 2.074377155686864546e+24
6.313131313131312705e-01 1.978525567636860503e+24
6.414141414141414366e-01 1.991743380341613776e+24
6.515151515151514916e-01 2.031704648497603623e+24
6.616161616161616577e-01 2.064723743928791417e+24
6.717171717171717127e-01 1.969256366970197605e+24
6.818181818181818787e-01 1.802127424510508308e+24
6.919191919191919338e-01 1.659227848046072281e+24
7.020202020202019888e-01 1.586594225601405149e+24
7.121212121212121549e-01 1.636144918371962446e+24
7.222222222222222099e-01 1.672698294675522529e+24
7.323232323232323759e-01 1.650678214513472131e+24
7.424242424242424310e-01 1.548280482275498486e+24
7.525252525252525970e-01 1.394811065572014961e+24
7.626262626262626521e-01 1.262164564163235699e+24
7.727272727272727071e-01 1.213374367240154694e+24
7.828282828282828731e-01 1.236802596904894279e+24
7.929292929292929282e-01 1.273992385878997342e+24
8.030303030303029832e-01 1.271315158030112168e+24
8.131313131313131493e-01 1.211441350222493239e+24
8.232323232323233153e-01 1.117479184345757703e+24
8.333333333333333703e-01 1.002511293058243682e+24
8.434343434343434254e-01 9.000451061059340049e+23
8.535353535353535914e-01 8.669320475721207529e+23
8.636363636363636465e-01 8.767349788378225831e+23
8.737373737373737015e-01 8.954349332969814135e+23
8.838383838383838675e-01 9.259335261463165262e+23
8.939393939393940336e-01 9.062499134709459415e+23
9.040404040404040886e-01 8.552523042121070517e+23
9.141414141414141437e-01 7.771363958978462865e+23
9.242424242424243097e-01 6.948121079189884161e+23
9.343434343434343647e-01 6.173439253175345852e+23
9.444444444444444198e-01 5.743464383791626065e+23
9.545454545454545858e-01 5.617742256881921488e+23
9.646464646464647519e-01 5.650646636623400901e+23
9.747474747474748069e-01 5.822130019490802182e+23
9.848484848484848619e-01 5.979572619871943016e+23
9.949494949494950280e-01 5.971553330231462016e+23
1.005050505050505194e+00 5.846732643823171918e+23
1.015151515151515138e+00 5.522675231915802404e+23
1.025252525252525304e+00 5.185264827257264464e+23
1.035353535353535470e+00 4.799413705006729470e+23
1.045454545454545414e+00 4.331559239301181536e+23
1.055555555555555580e+00 3.886585581718467049e+23
1.065656565656565746e+00 3.496230139264621179e+23
1.075757575757575690e+00 3.181369438084312408e+23
1.085858585858585856e+00 2.914961163855031855e+23
1.095959595959596022e+00 2.775229599512473329e+23
1.106060606060605966e+00 2.619991781364907995e+23
1.116161616161616355e+00 2.562765621763821672e+23
1.126262626262626299e+00 2.464047798795770968e+23
1.136363636363636465e+00 2.442229299753041674e+23
1.146464646464646631e+00 2.377223982443605745e+23
1.156565656565656575e+00 2.299725679767844060e+23
1.166666666666666741e+00 2.228753993672067698e+23
1.176767676767676907e+00 2.121426008792424985e+23
1.186868686868686851e+00 2.026569752288866840e+23
1.196969696969697017e+00 1.928598626139034165e+23
1.207070707070707183e+00 1.802405422708306634e+23
1.217171717171717127e+00 1.682146882722542849e+23
1.227272727272727293e+00 1.570370242130983560e+23
1.237373737373737459e+00 1.430450517395993495e+23
1.247474747474747403e+00 1.293875165744288760e+23
1.257575757575757791e+00 1.157368539022897699e+23
1.267676767676767735e+00 1.044380880491538484e+23
1.277777777777777679e+00 9.370215505584892726e+22
1.287878787878788067e+00 8.589693952005535642e+22
1.297979797979798011e+00 8.142002822407665798e+22
1.308080808080808177e+00 8.111157668559805271e+22
1.318181818181818343e+00 8.301287034748430975e+22
1.328282828282828287e+00 8.737013901576228359e+22
1.338383838383838453e+00 8.920703120297714254e+22
1.348484848484848619e+00 9.003061347403363988e+22
1.358585858585858563e+00 8.580303946782468158e+22
1.368686868686868729e+00 7.811276480172086054e+22
1.378787878787878896e+00 6.574765914681428987e+22
1.388888888888888840e+00 5.002309785347032508e+22
1.398989898989899228e+00 3.687832002387411940e+22
1.409090909090909172e+00 3.161688617640710793e+22
1.419191919191919116e+00 3.574835787016760721e+22
1.429292929292929504e+00 4.146601086348687730e+22
1.439393939393939448e+00 4.201342339819376109e+22
1.449494949494949614e+00 3.645717716371963589e+22
1.459595959595959780e+00 2.570794504071508971e+22
1.469696969696969724e+00 1.627926740764737510e+22
1.479797979797979890e+00 1.794902087959135335e+22
1.489898989898990056e+00 2.267195594191395409e+22
1.500000000000000000e+00 2.199774230789864030e+22
