5.000000000000000000e-01 1.256457088000000000e+09
5.101010101010100550e-01 9.865666560000000000e+08
5.202020202020202211e-01 7.010259840000000000e+08
5.303030303030302761e-01 7.234890880000000000e+08
5.404040404040404422e-01 1.019205696000000000e+09
5.505050505050504972e-01 1.261792640000000000e+09
5.606060606060605522e-01 1.192953856000000000e+09
5.707070707070707183e-01 1.008896512000000000e+09
5.808080808080807733e-01 6.970115200000000000e+08
5.909090909090909394e-01 6.911025280000000000e+08
6.010101010101009944e-01 9.415357440000000000e+08
6.111111111111111605e-01 1.211327616000000000e+09
6.212121212121212155e-01 1.201253632000000000e+09
6.313131313131312705e-01 1.082749184000000000e+09
6.414141414141414366e-01 8.095511680000000000e+08
6.515151515151514916e-01 6.637098240000000000e+08
6.616161616161616577e-01 8.117550080000000000e+08
6.717171717171717127e-01 1.104559872000000000e+09
6.818181818181818787e-01 1.196185472000000000e+09
6.919191919191919338e-01 1.176206848000000000e+09
7.020202020202019888e-01 1.046781760000000000e+09
7.121212121212121549e-01 7.568999680000000000e+08
7.222222222222222099e-01 6.328209920000000000e+08
7.323232323232323759e-01 8.366270080000000000e+08
7.424242424242424310e-01 1.066232896000000000e+09
7.525252525252525970e-01 1.206457984000000000e+09
7.626262626262626521e-01 1.178803328000000000e+09
7.727272727272727071e-01 1.044106688000000000e+09
7.828282828282828731e-01 8.488252800000000000e+08
7.929292929292929282e-01 7.202858880000000000e+08
8.030303030303029832e-01 7.613701120000000000e+08
8.131313131313131493e-01 8.861535360000000000e+08
8.232323232323233153e-01 1.059568128000000000e+09
8.333333333333333703e-01 1.112087552000000000e+09
8.434343434343434254e-01 1.124139136000000000e+09
8.535353535353535914e-01 1.000335040000000000e+09
8.636363636363636465e-01 8.965875840000000000e+08
8.737373737373737015e-01 7.810048000000000000e+08
8.838383838383838675e-01 6.989894400000000000e+08
8.939393939393940336e-01 7.499278080000000000e+08
9.040404040404040886e-01 8.344014080000000000e+08
9.141414141414141437e-01 9.490712960000000000e+08
9.242424242424243097e-01 1.056158272000000000e+09
9.343434343434343647e-01 1.078755712000000000e+09
9.444444444444444198e-01 1.049627968000000000e+09
9.545454545454545858e-01 9.583336960000000000e+08
9.646464646464647519e-01 8.612294400000000000e+08
9.747474747474748069e-01 7.588804480000000000e+08
9.848484848484848619e-01 6.810410240000000000e+08
9.949494949494950280e-01 6.629806080000000000e+08
1.005050505050505194e+00 6.780142720000000000e+08
1.015151515151515138e+00 7.231130240000000000e+08
1.025252525252525304e+00 7.790241920000000000e+08
1.035353535353535470e+00 8.425612800000000000e+08
1.045454545454545414e+00 8.834886400000000000e+08
1.055555555555555580e+00 9.192095360000000000e+08
1.065656565656565746e+00 9.726961280000000000e+08
1.075757575757575690e+00 9.578825600000000000e+08
1.085858585858585856e+00 9.065056000000000000e+08
1.095959595959596022e+00 9.189404160000000000e+08
1.106060606060605966e+00 8.832147840000000000e+08
1.116161616161616355e+00 8.521011200000000000e+08
1.126262626262626299e+00 8.472207360000000000e+08
1.136363636363636465e+00 8.030640640000000000e+08
1.146464646464646631e+00 7.910122240000000000e+08
1.156565656565656575e+00 7.384929280000000000e+08
1.166666666666666741e+00 7.578468480000000000e+08
1.176767676767676907e+00 6.917962240000000000e+08
1.186868686868686851e+00 7.069493120000000000e+08
1.196969696969697017e+00 6.982657920000000000e+08
1.207070707070707183e+00 7.120554240000000000e+08
1.217171717171717127e+00 6.973237760000000000e+08
1.227272727272727293e+00 6.950842880000000000e+08
1.237373737373737459e+00 6.804135680000000000e+08
1.247474747474747403e+00 7.200915840000000000e+08
1.257575757575757791e+00 7.079798400000000000e+08
1.267676767676767735e+00 7.208693120000000000e+08
1.277777777777777679e+00 7.124748800000000000e+08
1.287878787878788067e+00 7.029707520000000000e+08
1.297979797979798011e+00 7.210901120000000000e+08
1.308080808080808177e+00 7.231067520000000000e+08
1.318181818181818343e+00 6.607664000000000000e+08
1.328282828282828287e+00 6.630485120000000000e+08
1.338383838383838453e+00 6.476243840000000000e+08
1.348484848484848619e+00 6.046194560000000000e+08
1.358585858585858563e+00 5.765273600000000000e+08
1.368686868686868729e+00 5.595946880000000000e+08
1.378787878787878896e+00 5.710153600000000000e+08
1.388888888888888840e+00 6.130710400000000000e+08
1.398989898989899228e+00 6.372985600000000000e+08
1.409090909090909172e+00 6.926106240000000000e+08
1.419191919191919116e+00 6.986492800000000000e+08
1.429292929292929504e+00 6.713068800000000000e+08
1.439393939393939448e+00 6.504346240000000000e+08
1.449494949494949614e+00 6.413665280000000000e+08
1.459595959595959780e+00 6.575098240000000000e+08
1.469696969696969724e+00 7.043658880000000000e+08
1.479797979797979890e+00 6.417796480000000000e+08
1.489898989898990056e+00 6.206653440000000000e+08
1.500000000000000000e+00 5.452923520000000000e+08
