5.000000000000000000e-01 5.306503168000000000e+09
5.101010101010100550e-01 4.607660544000000000e+09
5.202020202020202211e-01 4.814605312000000000e+09
5.303030303030302761e-01 4.647921152000000000e+09
5.404040404040404422e-01 5.447833088000000000e+09
5.505050505050504972e-01 6.499813376000000000e+09
5.606060606060605522e-01 5.256495104000000000e+09
5.707070707070707183e-01 5.567127040000000000e+09
5.808080808080807733e-01 6.107006976000000000e+09
5.909090909090909394e-01 3.719244288000000000e+09
6.010101010101009944e-01 5.264922112000000000e+09
6.111111111111111605e-01 5.300071424000000000e+09
6.212121212121212155e-01 5.353994752000000000e+09
6.313131313131312705e-01 6.551655424000000000e+09
6.414141414141414366e-01 5.948742656000000000e+09
6.515151515151514916e-01 5.813705728000000000e+09
6.616161616161616577e-01 5.654913536000000000e+09
6.717171717171717127e-01 6.020184064000000000e+09
6.818181818181818787e-01 5.576253440000000000e+09
6.919191919191919338e-01 7.012101632000000000e+09
7.020202020202019888e-01 6.611506688000000000e+09
7.121212121212121549e-01 7.169399808000000000e+09
7.222222222222222099e-01 6.279615488000000000e+09
7.323232323232323759e-01 7.927072768000000000e+09
7.424242424242424310e-01 8.013347328000000000e+09
7.525252525252525970e-01 1.007758131200000000e+10
7.626262626262626521e-01 8.899763200000000000e+09
7.727272727272727071e-01 8.255749120000000000e+09
7.828282828282828731e-01 9.235695616000000000e+09
7.929292929292929282e-01 7.909877760000000000e+09
8.030303030303029832e-01 9.766372352000000000e+09
8.131313131313131493e-01 1.022920089600000000e+10
8.232323232323233153e-01 1.093689446400000000e+10
8.333333333333333703e-01 1.470582579200000000e+10
8.434343434343434254e-01 1.146224332800000000e+10
8.535353535353535914e-01 1.303063961600000000e+10
8.636363636363636465e-01 1.175190118400000000e+10
8.737373737373737015e-01 1.210053939200000000e+10
8.838383838383838675e-01 1.193863577600000000e+10
8.939393939393940336e-01 1.799353958400000000e+10
9.040404040404040886e-01 1.612658176000000000e+10
9.141414141414141437e-01 1.251450675200000000e+10
9.242424242424243097e-01 9.996100608000000000e+09
9.343434343434343647e-01 9.433782272000000000e+09
9.444444444444444198e-01 1.049004032000000000e+10
9.545454545454545858e-01 7.889104896000000000e+09
9.646464646464647519e-01 7.886863872000000000e+09
9.747474747474748069e-01 8.461549568000000000e+09
9.848484848484848619e-01 7.734064128000000000e+09
9.949494949494950280e-01 8.050976256000000000e+09
1.005050505050505194e+00 6.324041728000000000e+09
1.015151515151515138e+00 6.829634560000000000e+09
1.025252525252525304e+00 6.602233856000000000e+09
1.035353535353535470e+00 5.255745536000000000e+09
1.045454545454545414e+00 4.828367872000000000e+09
1.055555555555555580e+00 4.501473280000000000e+09
1.065656565656565746e+00 4.077257728000000000e+09
1.075757575757575690e+00 3.741335040000000000e+09
1.085858585858585856e+00 3.348101120000000000e+09
1.095959595959596022e+00 3.013804800000000000e+09
1.106060606060605966e+00 3.166498560000000000e+09
1.116161616161616355e+00 2.725057280000000000e+09
1.126262626262626299e+00 2.417491200000000000e+09
1.136363636363636465e+00 2.060844544000000000e+09
1.146464646464646631e+00 1.985451776000000000e+09
1.156565656565656575e+00 2.160460800000000000e+09
1.166666666666666741e+00 2.022179328000000000e+09
1.176767676767676907e+00 1.428696832000000000e+09
1.186868686868686851e+00 1.609527552000000000e+09
1.196969696969697017e+00 1.555684352000000000e+09
1.207070707070707183e+00 1.349606144000000000e+09
1.217171717171717127e+00 1.318472960000000000e+09
1.227272727272727293e+00 1.168008192000000000e+09
1.237373737373737459e+00 9.037637760000000000e+08
1.247474747474747403e+00 9.186762240000000000e+08
1.257575757575757791e+00 8.071489920000000000e+08
1.267676767676767735e+00 6.589838720000000000e+08
1.277777777777777679e+00 7.603110400000000000e+08
1.287878787878788067e+00 6.914683520000000000e+08
1.297979797979798011e+00 5.902081920000000000e+08
1.308080808080808177e+00 5.848785280000000000e+08
1.318181818181818343e+00 5.226612800000000000e+08
1.328282828282828287e+00 5.105657600000000000e+08
1.338383838383838453e+00 5.396692480000000000e+08
1.348484848484848619e+00 4.918115200000000000e+08
1.358585858585858563e+00 5.526047360000000000e+08
1.368686868686868729e+00 4.398237440000000000e+08
1.378787878787878896e+00 3.902069760000000000e+08
1.388888888888888840e+00 3.057518080000000000e+08
1.398989898989899228e+00 2.238722720000000000e+08
1.409090909090909172e+00 2.109117120000000000e+08
1.419191919191919116e+00 1.988755840000000000e+08
1.429292929292929504e+00 2.246726080000000000e+08
1.439393939393939448e+00 1.972747360000000000e+08
1.449494949494949614e+00 1.899995520000000000e+08
1.459595959595959780e+00 1.385305440000000000e+08
1.469696969696969724e+00 9.527086400000000000e+07
1.479797979797979890e+00 1.013688320000000000e+08
1.489898989898990056e+00 1.182908160000000000e+08
1.500000000000000000e+00 1.047976320000000000e+08
