5.000000000000000000e-01 9.499020874500274658e-03
5.101010101010100550e-01 7.419315166771411896e-03
5.202020202020202211e-01 2.314754761755466461e-02
5.303030303030302761e-01 3.327332437038421631e-02
5.404040404040404422e-01 3.536611050367355347e-02
5.505050505050504972e-01 2.800196222960948944e-02
5.606060606060605522e-01 1.318126916885375977e-02
5.707070707070707183e-01 5.789797287434339523e-03
5.808080808080807733e-01 2.466272562742233276e-02
5.909090909090909394e-01 3.849653154611587524e-02
6.010101010101009944e-01 4.421792924404144287e-02
6.111111111111111605e-01 4.023884609341621399e-02
6.212121212121212155e-01 2.684797160327434540e-02
6.313131313131312705e-01 6.466600112617015839e-03
6.414141414141414366e-01 1.720678620040416718e-02
6.515151515151514916e-01 3.847908228635787964e-02
6.616161616161616577e-01 8.834947645664215088e-02
6.717171717171717127e-01 3.082935214042663574e-01
6.818181818181818787e-01 1.771778583526611328e+00
6.919191919191919338e-01 3.544926404953002930e+00
7.020202020202019888e-01 5.433911323547363281e+00
7.121212121212121549e-01 8.373802185058593750e+00
7.222222222222222099e-01 1.208602237701416016e+01
7.323232323232323759e-01 1.614054298400878906e+01
7.424242424242424310e-01 1.956271362304687500e+01
7.525252525252525970e-01 2.550204277038574219e+01
7.626262626262626521e-01 3.651344299316406250e+01
7.727272727272727071e-01 5.107374191284179688e+01
7.828282828282828731e-01 6.940160369873046875e+01
7.929292929292929282e-01 9.394022369384765625e+01
8.030303030303029832e-01 1.208479537963867188e+02
8.131313131313131493e-01 1.422418365478515625e+02
8.232323232323233153e-01 1.643807678222656250e+02
8.333333333333333703e-01 1.948978271484375000e+02
8.434343434343434254e-01 2.275363616943359375e+02
8.535353535353535914e-01 2.642843933105468750e+02
8.636363636363636465e-01 3.097573852539062500e+02
8.737373737373737015e-01 3.539779968261718750e+02
8.838383838383838675e-01 4.043851318359375000e+02
8.939393939393940336e-01 4.602452392578125000e+02
9.040404040404040886e-01 5.064566650390625000e+02
9.141414141414141437e-01 5.719509887695312500e+02
9.242424242424243097e-01 6.555967407226562500e+02
9.343434343434343647e-01 7.111093750000000000e+02
9.444444444444444198e-01 7.439227905273437500e+02
9.545454545454545858e-01 7.957552490234375000e+02
9.646464646464647519e-01 8.616079711914062500e+02
9.747474747474748069e-01 9.089194946289062500e+02
9.848484848484848619e-01 9.480796508789062500e+02
9.949494949494950280e-01 9.950020141601562500e+02
1.005050505050505194e+00 1.035434448242187500e+03
1.015151515151515138e+00 1.052091430664062500e+03
1.025252525252525304e+00 1.033995117187500000e+03
1.035353535353535470e+00 9.923046264648437500e+02
1.045454545454545414e+00 9.625910644531250000e+02
1.055555555555555580e+00 9.251237182617187500e+02
1.065656565656565746e+00 8.708964233398437500e+02
1.075757575757575690e+00 8.363110351562500000e+02
1.085858585858585856e+00 7.967254638671875000e+02
1.095959595959596022e+00 7.229976196289062500e+02
1.106060606060605966e+00 6.346091918945312500e+02
1.116161616161616355e+00 5.669250488281250000e+02
1.126262626262626299e+00 5.233875122070312500e+02
1.136363636363636465e+00 4.911535034179687500e+02
1.146464646464646631e+00 4.443279724121093750e+02
1.156565656565656575e+00 3.808288879394531250e+02
1.166666666666666741e+00 3.239541931152343750e+02
1.176767676767676907e+00 2.761706237792968750e+02
1.186868686868686851e+00 2.408072509765625000e+02
1.196969696969697017e+00 2.063325958251953125e+02
1.207070707070707183e+00 1.707476959228515625e+02
1.217171717171717127e+00 1.433571166992187500e+02
1.227272727272727293e+00 1.183562545776367188e+02
1.237373737373737459e+00 8.621700286865234375e+01
1.247474747474747403e+00 6.027435302734375000e+01
1.257575757575757791e+00 5.103879165649414062e+01
1.267676767676767735e+00 4.388809204101562500e+01
1.277777777777777679e+00 3.217237854003906250e+01
1.287878787878788067e+00 2.645154762268066406e+01
1.297979797979798011e+00 2.271923446655273438e+01
1.308080808080808177e+00 1.694330596923828125e+01
1.318181818181818343e+00 1.158002567291259766e+01
1.328282828282828287e+00 8.482045173645019531e+00
1.338383838383838453e+00 6.600945472717285156e+00
1.348484848484848619e+00 4.579236507415771484e+00
1.358585858585858563e+00 3.140887498855590820e+00
1.368686868686868729e+00 2.105037689208984375e+00
1.378787878787878896e+00 1.500843882560729980e+00
1.388888888888888840e+00 1.099501609802246094e+00
1.398989898989899228e+00 8.773523569107055664e-01
1.409090909090909172e+00 1.037612318992614746e+00
1.419191919191919116e+00 6.788695454597473145e-01
1.429292929292929504e+00 1.666090488433837891e-01
1.439393939393939448e+00 1.327016483992338181e-02
1.449494949494949614e+00 2.273831516504287720e-03
1.459595959595959780e+00 1.630590995773673058e-03
1.469696969696969724e+00 1.002847100608050823e-03
1.479797979797979890e+00 1.633882056921720505e-04
1.489898989898990056e+00 5.639601731672883034e-04
1.500000000000000000e+00 9.317937656305730343e-04
