5.000000000000000000e-01 3.284448186643538510e+23
5.101010101010100550e-01 2.839712859553104470e+23
5.202020202020202211e-01 2.529961041790084789e+23
5.303030303030302761e-01 2.827396235148186542e+23
5.404040404040404422e-01 3.297175359190487532e+23
5.505050505050504972e-01 3.578433802831059558e+23
5.606060606060605522e-01 3.415791526464141845e+23
5.707070707070707183e-01 3.006092583178784410e+23
5.808080808080807733e-01 2.698273530231847052e+23
5.909090909090909394e-01 2.869670083698432630e+23
6.010101010101009944e-01 3.378519015372083241e+23
6.111111111111111605e-01 3.671122927193927021e+23
6.212121212121212155e-01 3.580115987363874986e+23
6.313131313131312705e-01 3.297425399041799141e+23
6.414141414141414366e-01 2.971361183140473335e+23
6.515151515151514916e-01 2.999712783946651366e+23
6.616161616161616577e-01 3.373552085415048868e+23
6.717171717171717127e-01 3.624581647780769746e+23
6.818181818181818787e-01 3.858238124223946199e+23
6.919191919191919338e-01 3.674050266951717843e+23
7.020202020202019888e-01 3.382783023499277626e+23
7.121212121212121549e-01 3.172769003947915519e+23
7.222222222222222099e-01 3.326675377901645039e+23
7.323232323232323759e-01 3.648800565424887515e+23
7.424242424242424310e-01 3.895189258446595644e+23
7.525252525252525970e-01 4.032375388279764366e+23
7.626262626262626521e-01 3.818750202403191500e+23
7.727272727272727071e-01 3.746180999447594276e+23
7.828282828282828731e-01 3.461543414934613619e+23
7.929292929292929282e-01 3.529156856860252349e+23
8.030303030303029832e-01 3.646131191853752475e+23
8.131313131313131493e-01 4.105665527463711059e+23
8.232323232323233153e-01 4.306075710881698131e+23
8.333333333333333703e-01 4.166997348629093422e+23
8.434343434343434254e-01 4.089973905498041682e+23
8.535353535353535914e-01 3.979273264929453753e+23
8.636363636363636465e-01 3.813629789770856341e+23
8.737373737373737015e-01 3.762790995449277044e+23
8.838383838383838675e-01 3.846699541690652798e+23
8.939393939393940336e-01 4.107404637495816450e+23
9.040404040404040886e-01 4.412724192649563184e+23
9.141414141414141437e-01 4.512531886727437547e+23
9.242424242424243097e-01 4.410634522422463273e+23
9.343434343434343647e-01 4.408946933570095001e+23
9.444444444444444198e-01 4.145039237997915642e+23
9.545454545454545858e-01 4.084743244746828494e+23
9.646464646464647519e-01 3.952579889506073539e+23
9.747474747474748069e-01 3.805104655820229087e+23
9.848484848484848619e-01 3.811508053914409553e+23
9.949494949494950280e-01 3.958148140085354420e+23
1.005050505050505194e+00 4.013691935009640221e+23
1.015151515151515138e+00 3.963010226243063607e+23
1.025252525252525304e+00 4.002924729020522839e+23
1.035353535353535470e+00 3.840101227804599737e+23
1.045454545454545414e+00 3.722293546736050976e+23
1.055555555555555580e+00 3.541249202003727226e+23
1.065656565656565746e+00 3.337263160481607980e+23
1.075757575757575690e+00 3.031482436726018508e+23
1.085858585858585856e+00 2.896415340589520152e+23
1.095959595959596022e+00 2.704107313045157697e+23
1.106060606060605966e+00 2.501079637523742893e+23
1.116161616161616355e+00 2.347261534122709835e+23
1.126262626262626299e+00 2.234646683568504350e+23
1.136363636363636465e+00 2.108453660281761914e+23
1.146464646464646631e+00 1.940954521932702763e+23
1.156565656565656575e+00 1.890422512817739944e+23
1.166666666666666741e+00 1.780038205086978519e+23
1.176767676767676907e+00 1.695025916648926803e+23
1.186868686868686851e+00 1.558576936002766085e+23
1.196969696969697017e+00 1.434981949269061140e+23
1.207070707070707183e+00 1.397817434496066881e+23
1.217171717171717127e+00 1.269110772113303876e+23
1.227272727272727293e+00 1.156289026192216991e+23
1.237373737373737459e+00 1.079310709129431503e+23
1.247474747474747403e+00 9.564633199338700616e+22
1.257575757575757791e+00 8.835087889941550177e+22
1.267676767676767735e+00 8.400446390623949082e+22
1.277777777777777679e+00 7.524275586718646456e+22
1.287878787878788067e+00 6.863441696836287673e+22
1.297979797979798011e+00 6.544676014491078492e+22
1.308080808080808177e+00 6.296118297816836184e+22
1.318181818181818343e+00 5.905450845980806087e+22
1.328282828282828287e+00 5.773458447381906116e+22
1.338383838383838453e+00 5.640538307259767823e+22
1.348484848484848619e+00 5.407553137377047216e+22
1.358585858585858563e+00 4.802176122946165984e+22
1.368686868686868729e+00 4.363553441557969371e+22
1.378787878787878896e+00 3.766717503820396285e+22
1.388888888888888840e+00 2.962763721379830510e+22
1.398989898989899228e+00 2.438786342873913203e+22
1.409090909090909172e+00 2.245716126128614565e+22
1.419191919191919116e+00 2.265021031111319565e+22
1.429292929292929504e+00 2.358835289769092999e+22
1.439393939393939448e+00 2.254158573990083297e+22
1.449494949494949614e+00 1.914690519697796052e+22
1.459595959595959780e+00 1.413711898588953025e+22
1.469696969696969724e+00 1.080325280053485529e+22
1.479797979797979890e+00 1.095557129533196652e+22
1.489898989898990056e+00 1.198244042406843384e+22
1.500000000000000000e+00 1.070146131585712049e+22
