5.000000000000000000e-01 8.972147460146411352e+33
5.101010101010100550e-01 6.876373775788128602e+33
5.202020202020202211e-01 4.913051010053106544e+33
5.303030303030302761e-01 5.887982641382052424e+33
5.404040404040404422e-01 8.362786950058673979e+33
5.505050505050504972e-01 9.480079210025360020e+33
5.606060606060605522e-01 8.863996685524303032e+33
5.707070707070707183e-01 6.948666379232296596e+33
5.808080808080807733e-01 5.069396337829643824e+33
5.909090909090909394e-01 5.798710452359046154e+33
6.010101010101009944e-01 7.910811946865483427e+33
6.111111111111111605e-01 9.295292519331250949e+33
6.212121212121212155e-01 9.173123311704274983e+33
6.313131313131312705e-01 7.480645733344383419e+33
6.414141414141414366e-01 5.542160377587563588e+33
6.515151515151514916e-01 5.218708928243000859e+33
6.616161616161616577e-01 6.750540265644867910e+33
6.717171717171717127e-01 8.585069606602697933e+33
6.818181818181818787e-01 9.252844174354174902e+33
6.919191919191919338e-01 8.523599693951982375e+33
7.020202020202019888e-01 6.889656253439641090e+33
7.121212121212121549e-01 5.394483415451112362e+33
7.222222222222222099e-01 5.338839248625273804e+33
7.323232323232323759e-01 6.897685532534446066e+33
7.424242424242424310e-01 8.441672203182056266e+33
7.525252525252525970e-01 8.979548484671278998e+33
7.626262626262626521e-01 8.588898555144207614e+33
7.727272727272727071e-01 7.259820132226598358e+33
7.828282828282828731e-01 5.754433669943945600e+33
7.929292929292929282e-01 5.178078188728605572e+33
8.030303030303029832e-01 5.801639418491995364e+33
8.131313131313131493e-01 7.259488983266089519e+33
8.232323232323233153e-01 8.184344083095882839e+33
8.333333333333333703e-01 8.591045762142348106e+33
8.434343434343434254e-01 8.216526810297184870e+33
8.535353535353535914e-01 7.234520351643723041e+33
8.636363636363636465e-01 6.078760961866302736e+33
8.737373737373737015e-01 5.279114831429950633e+33
8.838383838383838675e-01 5.156880631950912184e+33
8.939393939393940336e-01 5.945418107444736928e+33
9.040404040404040886e-01 6.889271254087423336e+33
9.141414141414141437e-01 7.585622429705764024e+33
9.242424242424243097e-01 7.831375191454599503e+33
9.343434343434343647e-01 7.797325031704035476e+33
9.444444444444444198e-01 7.479626289722031909e+33
9.545454545454545858e-01 6.705869818297274606e+33
9.646464646464647519e-01 5.897145254582823166e+33
9.747474747474748069e-01 5.202054301924474996e+33
9.848484848484848619e-01 4.871909620272506037e+33
9.949494949494950280e-01 5.007080912132096352e+33
1.005050505050505194e+00 5.363078733564501192e+33
1.015151515151515138e+00 5.821882214014389902e+33
1.025252525252525304e+00 6.301610594948319394e+33
1.035353535353535470e+00 6.647119659912869029e+33
1.045454545454545414e+00 6.848386427379964725e+33
1.055555555555555580e+00 6.934294514346212974e+33
1.065656565656565746e+00 6.849361924130921604e+33
1.075757575757575690e+00 6.704284636076969676e+33
1.085858585858585856e+00 6.365656041850768185e+33
1.095959595959596022e+00 6.082630762429108835e+33
1.106060606060605966e+00 5.850396924879289351e+33
1.116161616161616355e+00 5.543485592399618588e+33
1.126262626262626299e+00 5.325281329315020319e+33
1.136363636363636465e+00 5.067807132304211217e+33
1.146464646464646631e+00 4.833341288863560193e+33
1.156565656565656575e+00 4.656536835542763254e+33
1.166666666666666741e+00 4.495821888912558403e+33
1.176767676767676907e+00 4.344168353884912714e+33
1.186868686868686851e+00 4.295276531003356262e+33
1.196969696969697017e+00 4.198879378084242986e+33
1.207070707070707183e+00 4.122270696693106513e+33
1.217171717171717127e+00 4.092279432846349426e+33
1.227272727272727293e+00 3.981362790691467746e+33
1.237373737373737459e+00 3.950220861578194898e+33
1.247474747474747403e+00 3.929582853698258502e+33
1.257575757575757791e+00 3.917147746003636857e+33
1.267676767676767735e+00 3.917629304678918870e+33
1.277777777777777679e+00 3.912634526105412182e+33
1.287878787878788067e+00 3.957045625014775200e+33
1.297979797979798011e+00 3.931444406032333893e+33
1.308080808080808177e+00 3.874315639614382343e+33
1.318181818181818343e+00 3.778782878327700083e+33
1.328282828282828287e+00 3.629663406560471567e+33
1.338383838383838453e+00 3.450691010745876106e+33
1.348484848484848619e+00 3.143522186738033984e+33
1.358585858585858563e+00 2.837273461664390720e+33
1.368686868686868729e+00 2.512847753508910397e+33
1.378787878787878896e+00 2.285694421880318114e+33
1.388888888888888840e+00 2.142592421901550921e+33
1.398989898989899228e+00 2.143474454179541755e+33
1.409090909090909172e+00 2.187180391494026837e+33
1.419191919191919116e+00 2.158783284932859499e+33
1.429292929292929504e+00 1.992751076348914118e+33
1.439393939393939448e+00 1.748271381187978742e+33
1.449494949494949614e+00 1.453875622505483174e+33
1.459595959595959780e+00 1.249164905849095550e+33
1.469696969696969724e+00 1.220127629545112759e+33
1.479797979797979890e+00 1.238568061741560239e+33
1.489898989898990056e+00 1.158600539538832708e+33
1.500000000000000000e+00 9.342154739518399019e+32
