5.000000000000000000e-01 3.933609070550926137e+25
5.101010101010100550e-01 5.674033548463719139e+25
5.202020202020202211e-01 3.457184780774928626e+25
5.303030303030302761e-01 3.119204227609324986e+25
5.404040404040404422e-01 4.577213665439643179e+25
5.505050505050504972e-01 5.187306060369652079e+25
5.606060606060605522e-01 5.859738765728160566e+25
5.707070707070707183e-01 3.953194901071187254e+25
5.808080808080807733e-01 3.103798890464768296e+25
5.909090909090909394e-01 4.004380926526916517e+25
6.010101010101009944e-01 4.003087348598747635e+25
6.111111111111111605e-01 5.955402196988612772e+25
6.212121212121212155e-01 4.480815592596455490e+25
6.313131313131312705e-01 5.606830676297389714e+25
6.414141414141414366e-01 4.197791348790946424e+25
6.515151515151514916e-01 3.981993035581858920e+25
6.616161616161616577e-01 4.700258060097304316e+25
6.717171717171717127e-01 4.105563623614222622e+25
6.818181818181818787e-01 7.189065100406086456e+25
6.919191919191919338e-01 7.271688528280833380e+25
7.020202020202019888e-01 6.143622166638902654e+25
7.121212121212121549e-01 3.638376771517436090e+25
7.222222222222222099e-01 3.978061573251149572e+25
7.323232323232323759e-01 5.979867652484971908e+25
7.424242424242424310e-01 6.166786665509463424e+25
7.525252525252525970e-01 4.373511343488288871e+25
7.626262626262626521e-01 7.576159879083640856e+25
7.727272727272727071e-01 7.732740915635907800e+25
7.828282828282828731e-01 5.601369517714368001e+25
7.929292929292929282e-01 5.061433779845491268e+25
8.030303030303029832e-01 4.140297920367814022e+25
8.131313131313131493e-01 6.568809932997269121e+25
8.232323232323233153e-01 8.759509288040071738e+25
8.333333333333333703e-01 6.818886447212725557e+25
8.434343434343434254e-01 4.722946632970763379e+25
8.535353535353535914e-01 5.698826433667386619e+25
8.636363636363636465e-01 7.397674717449649348e+25
8.737373737373737015e-01 4.506801520973090135e+25
8.838383838383838675e-01 4.263258843508541623e+25
8.939393939393940336e-01 3.573327326137411334e+25
9.040404040404040886e-01 7.386617739051867842e+25
9.141414141414141437e-01 7.367485698435819981e+25
9.242424242424243097e-01 5.198061434501828433e+25
9.343434343434343647e-01 6.050972011022890903e+25
9.444444444444444198e-01 5.281234575349971902e+25
9.545454545454545858e-01 5.645008519000940845e+25
9.646464646464647519e-01 6.368894727604247384e+25
9.747474747474748069e-01 5.787775250085008549e+25
9.848484848484848619e-01 3.971792908446301224e+25
9.949494949494950280e-01 4.725038032580120200e+25
1.005050505050505194e+00 5.312042482627474224e+25
1.015151515151515138e+00 4.798969354647335183e+25
1.025252525252525304e+00 8.349233408422290229e+25
1.035353535353535470e+00 6.042670053852517919e+25
1.045454545454545414e+00 6.505881171432818200e+25
1.055555555555555580e+00 6.951266739046091098e+25
1.065656565656565746e+00 6.595865311361577078e+25
1.075757575757575690e+00 6.648725378841995484e+25
1.085858585858585856e+00 4.673906886188010222e+25
1.095959595959596022e+00 5.329963955663684897e+25
1.106060606060605966e+00 4.843135010477212434e+25
1.116161616161616355e+00 5.854845305694007265e+25
1.126262626262626299e+00 3.554347701744272498e+25
1.136363636363636465e+00 5.038027167458963061e+25
1.146464646464646631e+00 3.118099959392212548e+25
1.156565656565656575e+00 5.025835714300648418e+25
1.166666666666666741e+00 3.733165365940192621e+25
1.176767676767676907e+00 4.148804175228803339e+25
1.186868686868686851e+00 3.582591281011228271e+25
1.196969696969697017e+00 4.000473444963502992e+25
1.207070707070707183e+00 2.655987345421501671e+25
1.217171717171717127e+00 2.306254141022236754e+25
1.227272727272727293e+00 1.827360523967672298e+25
1.237373737373737459e+00 2.375306068697654640e+25
1.247474747474747403e+00 3.082845003287140695e+25
1.257575757575757791e+00 2.701242512073232393e+25
1.267676767676767735e+00 1.971414607203784007e+25
1.277777777777777679e+00 1.767761630292826872e+25
1.287878787878788067e+00 1.577482312251008240e+25
1.297979797979798011e+00 1.790890849765346672e+25
1.308080808080808177e+00 1.711332233126296128e+25
1.318181818181818343e+00 1.542058107269060102e+25
1.328282828282828287e+00 1.470813899352632297e+25
1.338383838383838453e+00 1.512845843353933656e+25
1.348484848484848619e+00 1.106555843961878939e+25
1.358585858585858563e+00 1.143382693246331767e+25
1.368686868686868729e+00 1.213370793183490413e+25
1.378787878787878896e+00 1.108101450530954878e+25
1.388888888888888840e+00 8.933095225032386911e+24
1.398989898989899228e+00 7.524385978952712561e+24
1.409090909090909172e+00 5.385437580902896564e+24
1.419191919191919116e+00 6.062567403763323806e+24
1.429292929292929504e+00 4.261134182113776895e+24
1.439393939393939448e+00 5.439791488776834061e+24
1.449494949494949614e+00 3.381338340796411209e+24
1.459595959595959780e+00 5.203393581168484640e+24
1.469696969696969724e+00 2.584303528535367275e+24
1.479797979797979890e+00 3.185945815881661211e+24
1.489898989898990056e+00 2.992852792907849569e+24
1.500000000000000000e+00 2.330644656620796444e+24
