5.000000000000000000e-01 2.086466381414400000e+13
5.101010101010100550e-01 2.063317598208000000e+13
5.202020202020202211e-01 2.108942398259200000e+13
5.303030303030302761e-01 2.276475902361600000e+13
5.404040404040404422e-01 2.431978464870400000e+13
5.505050505050504972e-01 2.480762834124800000e+13
5.606060606060605522e-01 2.420837974016000000e+13
5.707070707070707183e-01 2.419053717094400000e+13
5.808080808080807733e-01 2.527360922419200000e+13
5.909090909090909394e-01 2.572132810752000000e+13
6.010101010101009944e-01 2.626489522585600000e+13
6.111111111111111605e-01 2.538809694617600000e+13
6.212121212121212155e-01 2.456549746278400000e+13
6.313131313131312705e-01 2.360828179251200000e+13
6.414141414141414366e-01 2.314679300915200000e+13
6.515151515151514916e-01 2.329868343705600000e+13
6.616161616161616577e-01 2.283657809100800000e+13
6.717171717171717127e-01 2.114783805440000000e+13
6.818181818181818787e-01 2.030230411673600000e+13
6.919191919191919338e-01 1.874120513945600000e+13
7.020202020202019888e-01 1.775486422220800000e+13
7.121212121212121549e-01 1.720580675993600000e+13
7.222222222222222099e-01 1.688271637708800000e+13
7.323232323232323759e-01 1.606508609536000000e+13
7.424242424242424310e-01 1.490527191040000000e+13
7.525252525252525970e-01 1.346077877862400000e+13
7.626262626262626521e-01 1.246678325657600000e+13
7.727272727272727071e-01 1.151342424883200000e+13
7.828282828282828731e-01 1.125748886732800000e+13
7.929292929292929282e-01 1.136288124108800000e+13
8.030303030303029832e-01 1.097039924428800000e+13
8.131313131313131493e-01 1.028532889190400000e+13
8.232323232323233153e-01 9.195210407936000000e+12
8.333333333333333703e-01 8.325688721408000000e+12
8.434343434343434254e-01 7.702962503680000000e+12
8.535353535353535914e-01 7.360113803264000000e+12
8.636363636363636465e-01 7.395393667072000000e+12
8.737373737373737015e-01 7.240798437376000000e+12
8.838383838383838675e-01 7.288957435904000000e+12
8.939393939393940336e-01 6.880095633408000000e+12
9.040404040404040886e-01 6.406097338368000000e+12
9.141414141414141437e-01 5.885613572096000000e+12
9.242424242424243097e-01 5.268313210880000000e+12
9.343434343434343647e-01 4.729484607488000000e+12
9.444444444444444198e-01 4.481353252864000000e+12
9.545454545454545858e-01 4.348798304256000000e+12
9.646464646464647519e-01 4.368540893184000000e+12
9.747474747474748069e-01 4.333994508288000000e+12
9.848484848484848619e-01 4.392106590208000000e+12
9.949494949494950280e-01 4.378804879360000000e+12
1.005050505050505194e+00 4.110501281792000000e+12
1.015151515151515138e+00 3.866125926400000000e+12
1.025252525252525304e+00 3.623975387136000000e+12
1.035353535353535470e+00 3.350027829248000000e+12
1.045454545454545414e+00 3.061255766016000000e+12
1.055555555555555580e+00 2.670094712832000000e+12
1.065656565656565746e+00 2.444284395520000000e+12
1.075757575757575690e+00 2.245840601088000000e+12
1.085858585858585856e+00 2.065552375808000000e+12
1.095959595959596022e+00 1.995159371776000000e+12
1.106060606060605966e+00 1.915478474752000000e+12
1.116161616161616355e+00 1.876604092416000000e+12
1.126262626262626299e+00 1.803027742720000000e+12
1.136363636363636465e+00 1.724118728704000000e+12
1.146464646464646631e+00 1.683119407104000000e+12
1.156565656565656575e+00 1.619690913792000000e+12
1.166666666666666741e+00 1.575302725632000000e+12
1.176767676767676907e+00 1.456918233088000000e+12
1.186868686868686851e+00 1.412326883328000000e+12
1.196969696969697017e+00 1.353529163776000000e+12
1.207070707070707183e+00 1.257168830464000000e+12
1.217171717171717127e+00 1.156440653824000000e+12
1.227272727272727293e+00 1.078928867328000000e+12
1.237373737373737459e+00 9.960985722880000000e+11
1.247474747474747403e+00 8.859750891520000000e+11
1.257575757575757791e+00 8.067954769920000000e+11
1.267676767676767735e+00 7.319367843840000000e+11
1.277777777777777679e+00 6.420507525120000000e+11
1.287878787878788067e+00 6.015217172480000000e+11
1.297979797979798011e+00 5.392273899520000000e+11
1.308080808080808177e+00 5.331917864960000000e+11
1.318181818181818343e+00 5.423205253120000000e+11
1.328282828282828287e+00 5.670066585600000000e+11
1.338383838383838453e+00 5.796052336640000000e+11
1.348484848484848619e+00 5.900616990720000000e+11
1.358585858585858563e+00 5.513788129280000000e+11
1.368686868686868729e+00 5.165369917440000000e+11
1.378787878787878896e+00 4.265261137920000000e+11
1.388888888888888840e+00 3.347919339520000000e+11
1.398989898989899228e+00 2.511324446720000000e+11
1.409090909090909172e+00 2.109476208640000000e+11
1.419191919191919116e+00 2.317888061440000000e+11
1.429292929292929504e+00 2.702602567680000000e+11
1.439393939393939448e+00 2.715742863360000000e+11
1.449494949494949614e+00 2.385484840960000000e+11
1.459595959595959780e+00 1.715360235520000000e+11
1.469696969696969724e+00 1.114962821120000000e+11
1.479797979797979890e+00 1.155198484480000000e+11
1.489898989898990056e+00 1.431130439680000000e+11
1.500000000000000000e+00 1.412305879040000000e+11
