5.000000000000000000e-01 1.985085120870508134e+19
5.101010101010100550e-01 1.719094896267309875e+19
5.202020202020202211e-01 1.563950726955558502e+19
5.303030303030302761e-01 1.702408927706506854e+19
5.404040404040404422e-01 2.026348912651639194e+19
5.505050505050504972e-01 2.136989469219854746e+19
5.606060606060605522e-01 2.070138722446422835e+19
5.707070707070707183e-01 1.879773677259797299e+19
5.808080808080807733e-01 1.688656236266284646e+19
5.909090909090909394e-01 1.786580501054619648e+19
6.010101010101009944e-01 2.121645124747264000e+19
6.111111111111111605e-01 2.264281909488412262e+19
6.212121212121212155e-01 2.239303204328597094e+19
6.313131313131312705e-01 2.025502288698251674e+19
6.414141414141414366e-01 1.866931821252024730e+19
6.515151515151514916e-01 1.913586738446467072e+19
6.616161616161616577e-01 2.111706199339145626e+19
6.717171717171717127e-01 2.335062090917190042e+19
6.818181818181818787e-01 2.415395049270411264e+19
6.919191919191919338e-01 2.348580806283021517e+19
7.020202020202019888e-01 2.184695739432776499e+19
7.121212121212121549e-01 2.055747214750462771e+19
7.222222222222222099e-01 2.149974921446214861e+19
7.323232323232323759e-01 2.344995518767169536e+19
7.424242424242424310e-01 2.510734142319519334e+19
7.525252525252525970e-01 2.625759991063956685e+19
7.626262626262626521e-01 2.599464950583368090e+19
7.727272727272727071e-01 2.378849701688718131e+19
7.828282828282828731e-01 2.355255941375249613e+19
7.929292929292929282e-01 2.339830013139877888e+19
8.030303030303029832e-01 2.527510930540776653e+19
8.131313131313131493e-01 2.681964826452610253e+19
8.232323232323233153e-01 2.866434070388775322e+19
8.333333333333333703e-01 2.869034195486140006e+19
8.434343434343434254e-01 2.788828560579415245e+19
8.535353535353535914e-01 2.698570530664585626e+19
8.636363636363636465e-01 2.662786484933964595e+19
8.737373737373737015e-01 2.619634611785616589e+19
8.838383838383838675e-01 2.795606609960003174e+19
8.939393939393940336e-01 2.902527518691452518e+19
9.040404040404040886e-01 3.007557267423127142e+19
9.141414141414141437e-01 3.102591575849015706e+19
9.242424242424243097e-01 3.084376626418627379e+19
9.343434343434343647e-01 3.094571078329040896e+19
9.444444444444444198e-01 2.993908809685218099e+19
9.545454545454545858e-01 2.854187929780931789e+19
9.646464646464647519e-01 2.790388547676903834e+19
9.747474747474748069e-01 2.785996878333240934e+19
9.848484848484848619e-01 2.784221606859033805e+19
9.949494949494950280e-01 2.819740230482709709e+19
1.005050505050505194e+00 2.829967008034979840e+19
1.015151515151515138e+00 2.862310022175313101e+19
1.025252525252525304e+00 2.809027028986311475e+19
1.035353535353535470e+00 2.683748894019839590e+19
1.045454545454545414e+00 2.483765980820406272e+19
1.055555555555555580e+00 2.345972544799611290e+19
1.065656565656565746e+00 2.202683529760866304e+19
1.075757575757575690e+00 2.062668420544987136e+19
1.085858585858585856e+00 1.884663425370842726e+19
1.095959595959596022e+00 1.728235796135988429e+19
1.106060606060605966e+00 1.611020819740649062e+19
1.116161616161616355e+00 1.508845293243518157e+19
1.126262626262626299e+00 1.406543982616169677e+19
1.136363636363636465e+00 1.324060049665530266e+19
1.146464646464646631e+00 1.246995059772384870e+19
1.156565656565656575e+00 1.139379699496832205e+19
1.166666666666666741e+00 1.075003403641710182e+19
1.176767676767676907e+00 1.010832496558656717e+19
1.186868686868686851e+00 9.402324151345086464e+18
1.196969696969697017e+00 8.708247540706836480e+18
1.207070707070707183e+00 8.077803516258680832e+18
1.217171717171717127e+00 7.468837901703315456e+18
1.227272727272727293e+00 6.821762664373420032e+18
1.237373737373737459e+00 6.212257739364630528e+18
1.247474747474747403e+00 5.752010418314805248e+18
1.257575757575757791e+00 5.148552257502969856e+18
1.267676767676767735e+00 4.758122825305292800e+18
1.277777777777777679e+00 4.340591530994565120e+18
1.287878787878788067e+00 4.009829296301408256e+18
1.297979797979798011e+00 3.740936031147393024e+18
1.308080808080808177e+00 3.585033803543871488e+18
1.318181818181818343e+00 3.379146952707932160e+18
1.328282828282828287e+00 3.284849536974979072e+18
1.338383838383838453e+00 3.150060956281733120e+18
1.348484848484848619e+00 2.910482595269574656e+18
1.358585858585858563e+00 2.792547328806879232e+18
1.368686868686868729e+00 2.472487740298493952e+18
1.378787878787878896e+00 2.106055149377028096e+18
1.388888888888888840e+00 1.723243683492397056e+18
1.398989898989899228e+00 1.421913038612594688e+18
1.409090909090909172e+00 1.256509243838693376e+18
1.419191919191919116e+00 1.262343389974626304e+18
1.429292929292929504e+00 1.293383840177324032e+18
1.439393939393939448e+00 1.268578857854697472e+18
1.449494949494949614e+00 1.071899660987138048e+18
1.459595959595959780e+00 8.082605495854039040e+17
1.469696969696969724e+00 6.158218254687928320e+17
1.479797979797979890e+00 6.077305881194659840e+17
1.489898989898990056e+00 6.598793251132538880e+17
1.500000000000000000e+00 6.098568374491545600e+17
