5.000000000000000000e-01 3.094706538272371450e+30
5.101010101010100550e-01 2.328947536686253424e+30
5.202020202020202211e-01 1.757991819358287706e+30
5.303030303030302761e-01 2.043073150353436966e+30
5.404040404040404422e-01 2.735850509135239444e+30
5.505050505050504972e-01 3.154980557323807824e+30
5.606060606060605522e-01 3.035646885206737971e+30
5.707070707070707183e-01 2.412432024779925967e+30
5.808080808080807733e-01 1.777261794691489991e+30
5.909090909090909394e-01 2.004623869123503493e+30
6.010101010101009944e-01 2.700852711120305737e+30
6.111111111111111605e-01 3.151074518000632957e+30
6.212121212121212155e-01 3.049791619527684036e+30
6.313131313131312705e-01 2.631547713964893179e+30
6.414141414141414366e-01 1.984322377834715025e+30
6.515151515151514916e-01 1.850255980101184042e+30
6.616161616161616577e-01 2.363902720066045715e+30
6.717171717171717127e-01 2.951776145313698554e+30
6.818181818181818787e-01 3.175758365385524456e+30
6.919191919191919338e-01 2.899418776992008579e+30
7.020202020202019888e-01 2.434896586591459910e+30
7.121212121212121549e-01 1.903898587684851819e+30
7.222222222222222099e-01 1.952402202725065260e+30
7.323232323232323759e-01 2.415383012705605277e+30
7.424242424242424310e-01 2.815633568600706896e+30
7.525252525252525970e-01 3.061848538958155636e+30
7.626262626262626521e-01 2.928512785766854244e+30
7.727272727272727071e-01 2.540742273339089345e+30
7.828282828282828731e-01 2.058731308684813095e+30
7.929292929292929282e-01 1.873261536216995531e+30
8.030303030303029832e-01 2.074745646785793184e+30
8.131313131313131493e-01 2.472484054827735605e+30
8.232323232323233153e-01 2.787268844326543756e+30
8.333333333333333703e-01 2.972269553576350844e+30
8.434343434343434254e-01 2.841189958195905254e+30
8.535353535353535914e-01 2.567686207543750393e+30
8.636363636363636465e-01 2.152664089290232523e+30
8.737373737373737015e-01 1.905918702729427864e+30
8.838383838383838675e-01 1.888227282285187381e+30
8.939393939393940336e-01 2.112562206464885851e+30
9.040404040404040886e-01 2.421596589186969567e+30
9.141414141414141437e-01 2.674130614803543974e+30
9.242424242424243097e-01 2.755711044731323476e+30
9.343434343434343647e-01 2.750358525664979705e+30
9.444444444444444198e-01 2.621252199453600093e+30
9.545454545454545858e-01 2.347828993484177057e+30
9.646464646464647519e-01 2.112709997646333740e+30
9.747474747474748069e-01 1.923330861309337368e+30
9.848484848484848619e-01 1.846158779382782611e+30
9.949494949494950280e-01 1.818210832284931614e+30
1.005050505050505194e+00 1.989574404942303330e+30
1.015151515151515138e+00 2.121135001683228090e+30
1.025252525252525304e+00 2.261244064010375346e+30
1.035353535353535470e+00 2.375457330818467437e+30
1.045454545454545414e+00 2.430532968845560906e+30
1.055555555555555580e+00 2.448274106364133041e+30
1.065656565656565746e+00 2.415674061596677499e+30
1.075757575757575690e+00 2.350849041297301853e+30
1.085858585858585856e+00 2.358285446245206341e+30
1.095959595959596022e+00 2.208183100861669657e+30
1.106060606060605966e+00 2.144971392068569734e+30
1.116161616161616355e+00 2.018768301212994654e+30
1.126262626262626299e+00 1.952052823163196632e+30
1.136363636363636465e+00 1.866022639524870583e+30
1.146464646464646631e+00 1.822187593768553937e+30
1.156565656565656575e+00 1.770026675892551339e+30
1.166666666666666741e+00 1.708458955098399860e+30
1.176767676767676907e+00 1.649383737112838843e+30
1.186868686868686851e+00 1.641489149279300410e+30
1.196969696969697017e+00 1.600575926113264871e+30
1.207070707070707183e+00 1.586419253649850111e+30
1.217171717171717127e+00 1.570315152806763636e+30
1.227272727272727293e+00 1.554392693068074259e+30
1.237373737373737459e+00 1.520486857299707465e+30
1.247474747474747403e+00 1.512819698635984035e+30
1.257575757575757791e+00 1.520513907014921343e+30
1.267676767676767735e+00 1.460893312368986676e+30
1.277777777777777679e+00 1.497041403301283703e+30
1.287878787878788067e+00 1.476319659174451699e+30
1.297979797979798011e+00 1.478534864623168056e+30
1.308080808080808177e+00 1.460485753252049094e+30
1.318181818181818343e+00 1.395516115201502048e+30
1.328282828282828287e+00 1.370596829513240601e+30
1.338383838383838453e+00 1.276442966598559148e+30
1.348484848484848619e+00 1.190120902932659892e+30
1.358585858585858563e+00 1.083255789487640420e+30
1.368686868686868729e+00 9.728149001417920536e+29
1.378787878787878896e+00 9.035049161673735856e+29
1.388888888888888840e+00 8.095781046331885051e+29
1.398989898989899228e+00 7.900457168392661193e+29
1.409090909090909172e+00 7.770858809372698427e+29
1.419191919191919116e+00 7.750310092753798768e+29
1.429292929292929504e+00 7.293488759824195286e+29
1.439393939393939448e+00 6.385895256534885025e+29
1.449494949494949614e+00 5.306941807365661892e+29
1.459595959595959780e+00 4.568942462680989884e+29
1.469696969696969724e+00 4.118570371209711820e+29
1.479797979797979890e+00 4.121510705476605776e+29
1.489898989898990056e+00 3.863534624725172390e+29
1.500000000000000000e+00 3.175475627859462084e+29
