5.000000000000000000e-01 2.584352833659961751e+32
5.101010101010100550e-01 2.149510727182349724e+32
5.202020202020202211e-01 1.298878218003596534e+32
5.303030303030302761e-01 1.701309700255799337e+32
5.404040404040404422e-01 2.708287846696099629e+32
5.505050505050504972e-01 3.442829240412636932e+32
5.606060606060605522e-01 2.547720833900589381e+32
5.707070707070707183e-01 1.674065928269357469e+32
5.808080808080807733e-01 1.844850201807857148e+32
5.909090909090909394e-01 1.782533654227149074e+32
6.010101010101009944e-01 2.182733942986671117e+32
6.111111111111111605e-01 3.345896987911542550e+32
6.212121212121212155e-01 2.763202286554405683e+32
6.313131313131312705e-01 2.512183443935328880e+32
6.414141414141414366e-01 1.800029035260480849e+32
6.515151515151514916e-01 1.666930751367926359e+32
6.616161616161616577e-01 2.265819062435833968e+32
6.717171717171717127e-01 3.256556402701365762e+32
6.818181818181818787e-01 3.119407153458381003e+32
6.919191919191919338e-01 3.409741811156374654e+32
7.020202020202019888e-01 2.619944190073809849e+32
7.121212121212121549e-01 1.862461059435478513e+32
7.222222222222222099e-01 1.888618925893709736e+32
7.323232323232323759e-01 2.450853573251557481e+32
7.424242424242424310e-01 2.905887255482438614e+32
7.525252525252525970e-01 2.688858958063909001e+32
7.626262626262626521e-01 3.357069009909830830e+32
7.727272727272727071e-01 2.669064683691998047e+32
7.828282828282828731e-01 1.790749320669118955e+32
7.929292929292929282e-01 1.435880268438785016e+32
8.030303030303029832e-01 1.989742185712178546e+32
8.131313131313131493e-01 3.196533139043433855e+32
8.232323232323233153e-01 3.641492310492105652e+32
8.333333333333333703e-01 3.516017802960237721e+32
8.434343434343434254e-01 2.307479613320409781e+32
8.535353535353535914e-01 2.625042181898091956e+32
8.636363636363636465e-01 1.900600638048943111e+32
8.737373737373737015e-01 1.238871299022745816e+32
8.838383838383838675e-01 2.066312839132733221e+32
8.939393939393940336e-01 2.089661355414311185e+32
9.040404040404040886e-01 1.753851937513824781e+32
9.141414141414141437e-01 2.851414798903783668e+32
9.242424242424243097e-01 2.431026029241090732e+32
9.343434343434343647e-01 2.600740838642526526e+32
9.444444444444444198e-01 2.240137416036465339e+32
9.545454545454545858e-01 2.049780536764339244e+32
9.646464646464647519e-01 1.983289229829272363e+32
9.747474747474748069e-01 2.076387736771204833e+32
9.848484848484848619e-01 1.345740051334482328e+32
9.949494949494950280e-01 1.560558625782887537e+32
1.005050505050505194e+00 1.666144659442980142e+32
1.015151515151515138e+00 2.038884149852923099e+32
1.025252525252525304e+00 2.588815994357847824e+32
1.035353535353535470e+00 1.594687858953460917e+32
1.045454545454545414e+00 2.216833388225049194e+32
1.055555555555555580e+00 2.551638914124927609e+32
1.065656565656565746e+00 1.900655571638186399e+32
1.075757575757575690e+00 2.182804737682667750e+32
1.085858585858585856e+00 1.991968930357843124e+32
1.095959595959596022e+00 2.203219722927401639e+32
1.106060606060605966e+00 2.085119276038920669e+32
1.116161616161616355e+00 1.621914028979969197e+32
1.126262626262626299e+00 1.962803643316672979e+32
1.136363636363636465e+00 1.701103119011743589e+32
1.146464646464646631e+00 1.567516719230261496e+32
1.156565656565656575e+00 1.764453926809648371e+32
1.166666666666666741e+00 1.593954766336446606e+32
1.176767676767676907e+00 1.668555547669488420e+32
1.186868686868686851e+00 1.304518872449787255e+32
1.196969696969697017e+00 1.446550344436769302e+32
1.207070707070707183e+00 1.327067079838780335e+32
1.217171717171717127e+00 1.310229838021646764e+32
1.227272727272727293e+00 1.441415020983177495e+32
1.237373737373737459e+00 1.095805760246698200e+32
1.247474747474747403e+00 1.176221764914283088e+32
1.257575757575757791e+00 1.361966156971284311e+32
1.267676767676767735e+00 1.582034274184718517e+32
1.277777777777777679e+00 1.386486460871298343e+32
1.287878787878788067e+00 1.332958707285123053e+32
1.297979797979798011e+00 1.282949024548091903e+32
1.308080808080808177e+00 1.491372478124801293e+32
1.318181818181818343e+00 1.423714702844904648e+32
1.328282828282828287e+00 1.392451494293408061e+32
1.338383838383838453e+00 9.677336096277079231e+31
1.348484848484848619e+00 1.046926181365842806e+32
1.358585858585858563e+00 1.116174226025893318e+32
1.368686868686868729e+00 8.558878547877163370e+31
1.378787878787878896e+00 7.053566187911549711e+31
1.388888888888888840e+00 9.092997449233397607e+31
1.398989898989899228e+00 6.145386778723763219e+31
1.409090909090909172e+00 7.625085869134365653e+31
1.419191919191919116e+00 6.576893990792419115e+31
1.429292929292929504e+00 5.420047244775804627e+31
1.439393939393939448e+00 5.726522996446964961e+31
1.449494949494949614e+00 3.643757305550702837e+31
1.459595959595959780e+00 4.538048816707920391e+31
1.469696969696969724e+00 3.537889737245738376e+31
1.479797979797979890e+00 3.573893482435173417e+31
1.489898989898990056e+00 4.020337456575495902e+31
1.500000000000000000e+00 2.822548503396320614e+31
