5.000000000000000000e-01 2.157533843984849306e+19
5.101010101010100550e-01 1.645995295059738624e+19
5.202020202020202211e-01 1.257823709989699584e+19
5.303030303030302761e-01 1.459302398807559373e+19
5.404040404040404422e-01 1.890647187551525274e+19
5.505050505050504972e-01 2.156300851645461299e+19
5.606060606060605522e-01 2.028182018437467341e+19
5.707070707070707183e-01 1.707756292557032653e+19
5.808080808080807733e-01 1.349057666425343181e+19
5.909090909090909394e-01 1.379604188517053235e+19
6.010101010101009944e-01 1.803946847410690458e+19
6.111111111111111605e-01 2.200382911630907802e+19
6.212121212121212155e-01 2.101470845596178842e+19
6.313131313131312705e-01 1.880423268729487360e+19
6.414141414141414366e-01 1.515587168691552256e+19
6.515151515151514916e-01 1.399884350637893222e+19
6.616161616161616577e-01 1.665801127864356045e+19
6.717171717171717127e-01 2.135111723261938893e+19
6.818181818181818787e-01 2.226164040376673894e+19
6.919191919191919338e-01 2.170311928318210867e+19
7.020202020202019888e-01 1.831269051653947392e+19
7.121212121212121549e-01 1.517140338816948634e+19
7.222222222222222099e-01 1.421216415533026509e+19
7.323232323232323759e-01 1.792988894625949286e+19
7.424242424242424310e-01 1.984238716819446170e+19
7.525252525252525970e-01 2.171518312476206694e+19
7.626262626262626521e-01 2.061334712940494848e+19
7.727272727272727071e-01 1.908582861028458496e+19
7.828282828282828731e-01 1.636867479379430605e+19
7.929292929292929282e-01 1.535326590993852006e+19
8.030303030303029832e-01 1.618364897707216077e+19
8.131313131313131493e-01 1.848830561323948442e+19
8.232323232323233153e-01 2.055304331466794598e+19
8.333333333333333703e-01 2.181940583195895398e+19
8.434343434343434254e-01 2.103766625874975130e+19
8.535353535353535914e-01 1.994089461395016909e+19
8.636363636363636465e-01 1.795788361181429760e+19
8.737373737373737015e-01 1.584912036529805722e+19
8.838383838383838675e-01 1.559683082523508736e+19
8.939393939393940336e-01 1.639170846288458547e+19
9.040404040404040886e-01 1.897465698960015360e+19
9.141414141414141437e-01 1.983696657586952602e+19
9.242424242424243097e-01 2.138090959968560742e+19
9.343434343434343647e-01 2.092007788820561920e+19
9.444444444444444198e-01 2.147144998418644992e+19
9.545454545454545858e-01 1.937954774848215450e+19
9.646464646464647519e-01 1.679148869172068352e+19
9.747474747474748069e-01 1.595599399502951219e+19
9.848484848484848619e-01 1.613985982698435379e+19
9.949494949494950280e-01 1.671199839907898982e+19
1.005050505050505194e+00 1.650903514966130688e+19
1.015151515151515138e+00 1.762093277592420352e+19
1.025252525252525304e+00 1.877175971088013722e+19
1.035353535353535470e+00 2.063941874912277299e+19
1.045454545454545414e+00 2.070275501692918170e+19
1.055555555555555580e+00 2.090695411741648486e+19
1.065656565656565746e+00 2.044480958905293210e+19
1.075757575757575690e+00 2.064661175419168358e+19
1.085858585858585856e+00 1.969067435477067366e+19
1.095959595959596022e+00 1.966170662142528717e+19
1.106060606060605966e+00 1.939138069262027981e+19
1.116161616161616355e+00 1.898221063448297472e+19
1.126262626262626299e+00 1.874845666144105267e+19
1.136363636363636465e+00 1.753192511063248077e+19
1.146464646464646631e+00 1.867067940791543398e+19
1.156565656565656575e+00 1.690199400835868262e+19
1.166666666666666741e+00 1.767925966875446477e+19
1.176767676767676907e+00 1.706714945094366003e+19
1.186868686868686851e+00 1.716518080816454042e+19
1.196969696969697017e+00 1.830569652307519078e+19
1.207070707070707183e+00 1.697396254195476070e+19
1.217171717171717127e+00 1.770875516768118374e+19
1.227272727272727293e+00 1.685478207857360896e+19
1.237373737373737459e+00 1.699108083848760525e+19
1.247474747474747403e+00 1.638322133262978253e+19
1.257575757575757791e+00 1.667973652889678643e+19
1.267676767676767735e+00 1.678267720553568666e+19
1.277777777777777679e+00 1.613561901063602176e+19
1.287878787878788067e+00 1.560181051339728486e+19
1.297979797979798011e+00 1.594773116514677555e+19
1.308080808080808177e+00 1.506220429134528512e+19
1.318181818181818343e+00 1.404694054302436557e+19
1.328282828282828287e+00 1.268904478223263334e+19
1.338383838383838453e+00 1.220146964943024947e+19
1.348484848484848619e+00 1.156749124485460787e+19
1.358585858585858563e+00 1.043891512670997709e+19
1.368686868686868729e+00 9.239284169131950080e+18
1.378787878787878896e+00 8.490993938662948864e+18
1.388888888888888840e+00 6.969726692902305792e+18
1.398989898989899228e+00 6.365604976823107584e+18
1.409090909090909172e+00 5.738740412479176704e+18
1.419191919191919116e+00 5.273534293988081664e+18
1.429292929292929504e+00 5.076980097848705024e+18
1.439393939393939448e+00 4.523157465327468544e+18
1.449494949494949614e+00 3.815784185696616448e+18
1.459595959595959780e+00 2.934338973935337472e+18
1.469696969696969724e+00 2.481608189250895872e+18
1.479797979797979890e+00 2.278962011498872832e+18
1.489898989898990056e+00 2.237116110774206464e+18
1.500000000000000000e+00 1.935843602571722752e+18
