5.000000000000000000e-01 1.765858885015227597e+19
5.101010101010100550e-01 1.614816883635545702e+19
5.202020202020202211e-01 1.492287417787351040e+19
5.303030303030302761e-01 1.615390168998268109e+19
5.404040404040404422e-01 1.853967259746592358e+19
5.505050505050504972e-01 2.006925380039999488e+19
5.606060606060605522e-01 1.912842808879113830e+19
5.707070707070707183e-01 1.787787434968429363e+19
5.808080808080807733e-01 1.665664458569023488e+19
5.909090909090909394e-01 1.808746985324072141e+19
6.010101010101009944e-01 1.989448862618825523e+19
6.111111111111111605e-01 2.098253674573306266e+19
6.212121212121212155e-01 2.095597914187576115e+19
6.313131313131312705e-01 1.987699099814382797e+19
6.414141414141414366e-01 1.874413997879040410e+19
6.515151515151514916e-01 1.917435029143683072e+19
6.616161616161616577e-01 2.115402537529402982e+19
6.717171717171717127e-01 2.330527265159590707e+19
6.818181818181818787e-01 2.378022868944630579e+19
6.919191919191919338e-01 2.259885402293587149e+19
7.020202020202019888e-01 2.162054815895938662e+19
7.121212121212121549e-01 2.149316753785828147e+19
7.222222222222222099e-01 2.229351304683270963e+19
7.323232323232323759e-01 2.402293268713832448e+19
7.424242424242424310e-01 2.563023616801662566e+19
7.525252525252525970e-01 2.618873749739195597e+19
7.626262626262626521e-01 2.585266517129245491e+19
7.727272727272727071e-01 2.447532894541001523e+19
7.828282828282828731e-01 2.393070125375396250e+19
7.929292929292929282e-01 2.449689036843070259e+19
8.030303030303029832e-01 2.651131881581864550e+19
8.131313131313131493e-01 2.751573588193155482e+19
8.232323232323233153e-01 2.824378410333319987e+19
8.333333333333333703e-01 2.834353399722829414e+19
8.434343434343434254e-01 2.723504815554638643e+19
8.535353535353535914e-01 2.570162525898486579e+19
8.636363636363636465e-01 2.590950992244847411e+19
8.737373737373737015e-01 2.652983239260713779e+19
8.838383838383838675e-01 2.651952117256185446e+19
8.939393939393940336e-01 2.657606685655511859e+19
9.040404040404040886e-01 2.660872674994657690e+19
9.141414141414141437e-01 2.592295914867943014e+19
9.242424242424243097e-01 2.543526636813287424e+19
9.343434343434343647e-01 2.381750873069767885e+19
9.444444444444444198e-01 2.193977376789810381e+19
9.545454545454545858e-01 2.080978807584666419e+19
9.646464646464647519e-01 1.971423688895391334e+19
9.747474747474748069e-01 1.875298664934748979e+19
9.848484848484848619e-01 1.899258782522592461e+19
9.949494949494950280e-01 1.835186281730224947e+19
1.005050505050505194e+00 1.776213315867482522e+19
1.015151515151515138e+00 1.721313600780999066e+19
1.025252525252525304e+00 1.617374237730589901e+19
1.035353535353535470e+00 1.528245186355160678e+19
1.045454545454545414e+00 1.401848408258589491e+19
1.055555555555555580e+00 1.276440860773528371e+19
1.065656565656565746e+00 1.182178189608013005e+19
1.075757575757575690e+00 1.064560022298768179e+19
1.085858585858585856e+00 9.914144615051558912e+18
1.095959595959596022e+00 9.207377990961332224e+18
1.106060606060605966e+00 8.526987001554010112e+18
1.116161616161616355e+00 7.849629564727721984e+18
1.126262626262626299e+00 7.504220735640961024e+18
1.136363636363636465e+00 7.044119649637629952e+18
1.146464646464646631e+00 6.726262932675493888e+18
1.156565656565656575e+00 6.353647787871043584e+18
1.166666666666666741e+00 5.826798099724500992e+18
1.176767676767676907e+00 5.556029067733499904e+18
1.186868686868686851e+00 5.228205277865574400e+18
1.196969696969697017e+00 4.831328309482618880e+18
1.207070707070707183e+00 4.525277323745820672e+18
1.217171717171717127e+00 4.227872072816132096e+18
1.227272727272727293e+00 3.859921880970428416e+18
1.237373737373737459e+00 3.558187577884278784e+18
1.247474747474747403e+00 3.243147534834597888e+18
1.257575757575757791e+00 2.929926908650979328e+18
1.267676767676767735e+00 2.661792581398036480e+18
1.277777777777777679e+00 2.454667680469221376e+18
1.287878787878788067e+00 2.244939960639553536e+18
1.297979797979798011e+00 2.105353111202693120e+18
1.308080808080808177e+00 1.984409855804309504e+18
1.318181818181818343e+00 1.967488509291790336e+18
1.328282828282828287e+00 1.934079711042863104e+18
1.338383838383838453e+00 1.919194797503938560e+18
1.348484848484848619e+00 1.885582039848058880e+18
1.358585858585858563e+00 1.728343493299929088e+18
1.368686868686868729e+00 1.562762952031862784e+18
1.378787878787878896e+00 1.316476745456549888e+18
1.388888888888888840e+00 1.079767834914979840e+18
1.398989898989899228e+00 8.516108570947747840e+17
1.409090909090909172e+00 7.485742480663511040e+17
1.419191919191919116e+00 7.831572560142663680e+17
1.429292929292929504e+00 8.254039287272570880e+17
1.439393939393939448e+00 8.156450071165009920e+17
1.449494949494949614e+00 7.029753705587015680e+17
1.459595959595959780e+00 5.174971735212032000e+17
1.469696969696969724e+00 3.668508863763578880e+17
1.479797979797979890e+00 3.820467211877744640e+17
1.489898989898990056e+00 4.276999214417838080e+17
1.500000000000000000e+00 4.036379684613652480e+17
