5.000000000000000000e-01 7.900151062011718750e+01
5.101010101010100550e-01 6.892478942871093750e+01
5.202020202020202211e-01 5.536738967895507812e+01
5.303030303030302761e-01 5.719237136840820312e+01
5.404040404040404422e-01 7.098644256591796875e+01
5.505050505050504972e-01 8.288253021240234375e+01
5.606060606060605522e-01 8.324985504150390625e+01
5.707070707070707183e-01 7.171337890625000000e+01
5.808080808080807733e-01 6.018339920043945312e+01
5.909090909090909394e-01 5.921513366699218750e+01
6.010101010101009944e-01 7.110388946533203125e+01
6.111111111111111605e-01 7.976596069335937500e+01
6.212121212121212155e-01 8.404019165039062500e+01
6.313131313131312705e-01 7.999294281005859375e+01
6.414141414141414366e-01 6.574151611328125000e+01
6.515151515151514916e-01 6.286067962646484375e+01
6.616161616161616577e-01 6.641843414306640625e+01
6.717171717171717127e-01 7.797507476806640625e+01
6.818181818181818787e-01 8.600963592529296875e+01
6.919191919191919338e-01 8.544182586669921875e+01
7.020202020202019888e-01 7.723486328125000000e+01
7.121212121212121549e-01 6.980713653564453125e+01
7.222222222222222099e-01 6.448491668701171875e+01
7.323232323232323759e-01 7.221781921386718750e+01
7.424242424242424310e-01 8.145291137695312500e+01
7.525252525252525970e-01 8.758773040771484375e+01
7.626262626262626521e-01 9.000635528564453125e+01
7.727272727272727071e-01 8.200691986083984375e+01
7.828282828282828731e-01 7.748648071289062500e+01
7.929292929292929282e-01 7.114382934570312500e+01
8.030303030303029832e-01 7.125898742675781250e+01
8.131313131313131493e-01 7.921950531005859375e+01
8.232323232323233153e-01 8.787673187255859375e+01
8.333333333333333703e-01 9.345416259765625000e+01
8.434343434343434254e-01 9.388127899169921875e+01
8.535353535353535914e-01 9.172604370117187500e+01
8.636363636363636465e-01 8.409969329833984375e+01
8.737373737373737015e-01 8.105772399902343750e+01
8.838383838383838675e-01 8.005609893798828125e+01
8.939393939393940336e-01 8.285070800781250000e+01
9.040404040404040886e-01 8.891001892089843750e+01
9.141414141414141437e-01 9.637025451660156250e+01
9.242424242424243097e-01 1.019927444458007812e+02
9.343434343434343647e-01 1.035400085449218750e+02
9.444444444444444198e-01 1.085689773559570312e+02
9.545454545454545858e-01 1.049367446899414062e+02
9.646464646464647519e-01 1.011509857177734375e+02
9.747474747474748069e-01 1.007684326171875000e+02
9.848484848484848619e-01 9.925173950195312500e+01
9.949494949494950280e-01 9.999868774414062500e+01
1.005050505050505194e+00 1.037253341674804688e+02
1.015151515151515138e+00 1.099552993774414062e+02
1.025252525252525304e+00 1.152628250122070312e+02
1.035353535353535470e+00 1.251990661621093750e+02
1.045454545454545414e+00 1.308324432373046875e+02
1.055555555555555580e+00 1.391902008056640625e+02
1.065656565656565746e+00 1.460017395019531250e+02
1.075757575757575690e+00 1.538733673095703125e+02
1.085858585858585856e+00 1.638799591064453125e+02
1.095959595959596022e+00 1.695457763671875000e+02
1.106060606060605966e+00 1.820083618164062500e+02
1.116161616161616355e+00 1.977608337402343750e+02
1.126262626262626299e+00 2.189273223876953125e+02
1.136363636363636465e+00 2.584190979003906250e+02
1.146464646464646631e+00 3.074659729003906250e+02
1.156565656565656575e+00 3.746106567382812500e+02
1.166666666666666741e+00 4.727711181640625000e+02
1.176767676767676907e+00 6.121633911132812500e+02
1.186868686868686851e+00 7.113516845703125000e+02
1.196969696969697017e+00 6.520198364257812500e+02
1.207070707070707183e+00 5.162835693359375000e+02
1.217171717171717127e+00 3.652716674804687500e+02
1.227272727272727293e+00 2.621661376953125000e+02
1.237373737373737459e+00 1.983739166259765625e+02
1.247474747474747403e+00 1.482222442626953125e+02
1.257575757575757791e+00 1.212148056030273438e+02
1.267676767676767735e+00 9.900094604492187500e+01
1.277777777777777679e+00 8.355067443847656250e+01
1.287878787878788067e+00 6.937497711181640625e+01
1.297979797979798011e+00 6.072355651855468750e+01
1.308080808080808177e+00 5.024511337280273438e+01
1.318181818181818343e+00 4.408056640625000000e+01
1.328282828282828287e+00 3.976256179809570312e+01
1.338383838383838453e+00 3.501191329956054688e+01
1.348484848484848619e+00 3.196561431884765625e+01
1.358585858585858563e+00 2.887941932678222656e+01
1.368686868686868729e+00 2.518631935119628906e+01
1.378787878787878896e+00 2.146809768676757812e+01
1.388888888888888840e+00 1.868352699279785156e+01
1.398989898989899228e+00 1.490985202789306641e+01
1.409090909090909172e+00 1.245507431030273438e+01
1.419191919191919116e+00 1.152043533325195312e+01
1.429292929292929504e+00 1.097956180572509766e+01
1.439393939393939448e+00 1.042461490631103516e+01
1.449494949494949614e+00 8.921736717224121094e+00
1.459595959595959780e+00 7.258972644805908203e+00
1.469696969696969724e+00 5.730398654937744141e+00
1.479797979797979890e+00 4.956484794616699219e+00
1.489898989898990056e+00 5.026814937591552734e+00
1.500000000000000000e+00 4.687020778656005859e+00
