5.000000000000000000e-01 1.174830002995200000e+13
5.101010101010100550e-01 1.071592767488000000e+13
5.202020202020202211e-01 1.021603060121600000e+13
5.303030303030302761e-01 1.086525433446400000e+13
5.404040404040404422e-01 1.201000257945600000e+13
5.505050505050504972e-01 1.270014594252800000e+13
5.606060606060605522e-01 1.291999562956800000e+13
5.707070707070707183e-01 1.189226532044800000e+13
5.808080808080807733e-01 1.176162009088000000e+13
5.909090909090909394e-01 1.233323347148800000e+13
6.010101010101009944e-01 1.371415039180800000e+13
6.111111111111111605e-01 1.461095445299200000e+13
6.212121212121212155e-01 1.466345875046400000e+13
6.313131313131312705e-01 1.389976407244800000e+13
6.414141414141414366e-01 1.379939647488000000e+13
6.515151515151514916e-01 1.426447977676800000e+13
6.616161616161616577e-01 1.530871572070400000e+13
6.717171717171717127e-01 1.656761090048000000e+13
6.818181818181818787e-01 1.713917499801600000e+13
6.919191919191919338e-01 1.734303704678400000e+13
7.020202020202019888e-01 1.699171375513600000e+13
7.121212121212121549e-01 1.707224963481600000e+13
7.222222222222222099e-01 1.790602274406400000e+13
7.323232323232323759e-01 1.896460215910400000e+13
7.424242424242424310e-01 2.005307018444800000e+13
7.525252525252525970e-01 2.122312790835200000e+13
7.626262626262626521e-01 2.078400734822400000e+13
7.727272727272727071e-01 2.086016332595200000e+13
7.828282828282828731e-01 2.082783782502400000e+13
7.929292929292929282e-01 2.270266445004800000e+13
8.030303030303029832e-01 2.334814476697600000e+13
8.131313131313131493e-01 2.365320698265600000e+13
8.232323232323233153e-01 2.461000741683200000e+13
8.333333333333333703e-01 2.260461420544000000e+13
8.434343434343434254e-01 2.280162905292800000e+13
8.535353535353535914e-01 2.210169199001600000e+13
8.636363636363636465e-01 2.095372985958400000e+13
8.737373737373737015e-01 2.072007147520000000e+13
8.838383838383838675e-01 2.017930824908800000e+13
8.939393939393940336e-01 1.956733412966400000e+13
9.040404040404040886e-01 1.860763123712000000e+13
9.141414141414141437e-01 1.736023893606400000e+13
9.242424242424243097e-01 1.601184779468800000e+13
9.343434343434343647e-01 1.434478182400000000e+13
9.444444444444444198e-01 1.340972885606400000e+13
9.545454545454545858e-01 1.249902067712000000e+13
9.646464646464647519e-01 1.164454238617600000e+13
9.747474747474748069e-01 1.122866246451200000e+13
9.848484848484848619e-01 1.071765992243200000e+13
9.949494949494950280e-01 1.029305375129600000e+13
1.005050505050505194e+00 9.791332155392000000e+12
1.015151515151515138e+00 8.842671816704000000e+12
1.025252525252525304e+00 8.489810264064000000e+12
1.035353535353535470e+00 7.614097784832000000e+12
1.045454545454545414e+00 6.943478906880000000e+12
1.055555555555555580e+00 6.457468125184000000e+12
1.065656565656565746e+00 5.763448700928000000e+12
1.075757575757575690e+00 5.372233908224000000e+12
1.085858585858585856e+00 4.926453317632000000e+12
1.095959595959596022e+00 4.459133927424000000e+12
1.106060606060605966e+00 4.261327929344000000e+12
1.116161616161616355e+00 3.953494065152000000e+12
1.126262626262626299e+00 3.741661528064000000e+12
1.136363636363636465e+00 3.499633672192000000e+12
1.146464646464646631e+00 3.324766322688000000e+12
1.156565656565656575e+00 3.205564203008000000e+12
1.166666666666666741e+00 2.980695769088000000e+12
1.176767676767676907e+00 2.841248792576000000e+12
1.186868686868686851e+00 2.646521413632000000e+12
1.196969696969697017e+00 2.453159018496000000e+12
1.207070707070707183e+00 2.343360790528000000e+12
1.217171717171717127e+00 2.115853221888000000e+12
1.227272727272727293e+00 1.996270206976000000e+12
1.237373737373737459e+00 1.818852589568000000e+12
1.247474747474747403e+00 1.690766540800000000e+12
1.257575757575757791e+00 1.491209682944000000e+12
1.267676767676767735e+00 1.338003685376000000e+12
1.277777777777777679e+00 1.211296251904000000e+12
1.287878787878788067e+00 1.116251881472000000e+12
1.297979797979798011e+00 1.015552147456000000e+12
1.308080808080808177e+00 9.556628602880000000e+11
1.318181818181818343e+00 9.496655298560000000e+11
1.328282828282828287e+00 9.534455152640000000e+11
1.338383838383838453e+00 9.406868357120000000e+11
1.348484848484848619e+00 9.138781552640000000e+11
1.358585858585858563e+00 8.556205834240000000e+11
1.368686868686868729e+00 7.872409108480000000e+11
1.378787878787878896e+00 6.768118333440000000e+11
1.388888888888888840e+00 5.549595688960000000e+11
1.398989898989899228e+00 4.234660413440000000e+11
1.409090909090909172e+00 3.625418752000000000e+11
1.419191919191919116e+00 3.798939074560000000e+11
1.429292929292929504e+00 4.146491555840000000e+11
1.439393939393939448e+00 4.181957017600000000e+11
1.449494949494949614e+00 3.652423516160000000e+11
1.459595959595959780e+00 2.622726144000000000e+11
1.469696969696969724e+00 1.888839434240000000e+11
1.479797979797979890e+00 1.851003371520000000e+11
1.489898989898990056e+00 2.175857131520000000e+11
1.500000000000000000e+00 2.069379645440000000e+11
