5.000000000000000000e-01 4.067733607371337712e-05
5.101010101010100550e-01 1.307043385168071836e-05
5.202020202020202211e-01 1.863141733338125050e-05
5.303030303030302761e-01 6.987391770962858573e-06
5.404040404040404422e-01 4.405013896757736802e-05
5.505050505050504972e-01 3.910512532456777990e-05
5.606060606060605522e-01 2.585976471891626716e-05
5.707070707070707183e-01 3.677406493807211518e-05
5.808080808080807733e-01 3.397133696125820279e-05
5.909090909090909394e-01 1.072615941666299477e-05
6.010101010101009944e-01 1.465085006202571094e-05
6.111111111111111605e-01 1.404313024977454916e-05
6.212121212121212155e-01 3.422348163439892232e-05
6.313131313131312705e-01 2.410508568573277444e-05
6.414141414141414366e-01 3.392168582649901509e-05
6.515151515151514916e-01 1.668287004576995969e-04
6.616161616161616577e-01 1.497298217145726085e-04
6.717171717171717127e-01 7.979617657838389277e-05
6.818181818181818787e-01 2.094902883982285857e-04
6.919191919191919338e-01 1.854438160080462694e-04
7.020202020202019888e-01 2.365193795412778854e-04
7.121212121212121549e-01 3.054459230042994022e-04
7.222222222222222099e-01 3.881335142068564892e-04
7.323232323232323759e-01 4.888642579317092896e-04
7.424242424242424310e-01 5.533052608370780945e-04
7.525252525252525970e-01 8.280260371975600719e-04
7.626262626262626521e-01 6.130111287347972393e-04
7.727272727272727071e-01 5.788910784758627415e-04
7.828282828282828731e-01 2.863632282242178917e-03
7.929292929292929282e-01 1.650004531256854534e-03
8.030303030303029832e-01 3.340084571391344070e-03
8.131313131313131493e-01 4.317946732044219971e-03
8.232323232323233153e-01 5.322134122252464294e-03
8.333333333333333703e-01 9.282540529966354370e-03
8.434343434343434254e-01 8.356411941349506378e-03
8.535353535353535914e-01 1.063787285238504410e-02
8.636363636363636465e-01 1.701504923403263092e-02
8.737373737373737015e-01 2.282054536044597626e-02
8.838383838383838675e-01 4.574885591864585876e-02
8.939393939393940336e-01 5.247221514582633972e-02
9.040404040404040886e-01 7.128210365772247314e-02
9.141414141414141437e-01 9.287293255329132080e-02
9.242424242424243097e-01 1.225630640983581543e-01
9.343434343434343647e-01 1.541021913290023804e-01
9.444444444444444198e-01 1.530234068632125854e-01
9.545454545454545858e-01 1.528976559638977051e-01
9.646464646464647519e-01 1.510842591524124146e-01
9.747474747474748069e-01 1.206385418772697449e-01
9.848484848484848619e-01 1.033582240343093872e-01
9.949494949494950280e-01 7.762795686721801758e-02
1.005050505050505194e+00 7.924059033393859863e-02
1.015151515151515138e+00 9.394610673189163208e-02
1.025252525252525304e+00 6.585020571947097778e-02
1.035353535353535470e+00 6.828403472900390625e-02
1.045454545454545414e+00 5.969326198101043701e-02
1.055555555555555580e+00 6.877932697534561157e-02
1.065656565656565746e+00 6.628034263849258423e-02
1.075757575757575690e+00 6.427676975727081299e-02
1.085858585858585856e+00 7.316974550485610962e-02
1.095959595959596022e+00 7.827141135931015015e-02
1.106060606060605966e+00 7.479602843523025513e-02
1.116161616161616355e+00 9.171507507562637329e-02
1.126262626262626299e+00 9.126933664083480835e-02
1.136363636363636465e+00 1.041606664657592773e-01
1.146464646464646631e+00 1.016070395708084106e-01
1.156565656565656575e+00 9.500235319137573242e-02
1.166666666666666741e+00 7.678949832916259766e-02
1.176767676767676907e+00 5.300996080040931702e-02
1.186868686868686851e+00 3.723907098174095154e-02
1.196969696969697017e+00 2.724064700305461884e-02
1.207070707070707183e+00 2.109056152403354645e-02
1.217171717171717127e+00 1.450703106820583344e-02
1.227272727272727293e+00 1.009160932153463364e-02
1.237373737373737459e+00 3.079764079302549362e-03
1.247474747474747403e+00 4.402082413434982300e-03
1.257575757575757791e+00 2.666875021532177925e-03
1.267676767676767735e+00 3.122702240943908691e-03
1.277777777777777679e+00 7.769413641653954983e-04
1.287878787878788067e+00 1.810183399356901646e-03
1.297979797979798011e+00 1.220051781274378300e-03
1.308080808080808177e+00 4.859413311351090670e-04
1.318181818181818343e+00 3.130613768007606268e-04
1.328282828282828287e+00 5.352686857804656029e-04
1.338383838383838453e+00 5.885905120521783829e-04
1.348484848484848619e+00 3.183179069310426712e-05
1.358585858585858563e+00 4.579188826028257608e-04
1.368686868686868729e+00 1.332600804744288325e-04
1.378787878787878896e+00 4.531054219114594162e-05
1.388888888888888840e+00 1.256037649000063539e-04
1.398989898989899228e+00 4.674659430747851729e-05
1.409090909090909172e+00 6.246603788895299658e-06
1.419191919191919116e+00 6.474199949479952920e-07
1.429292929292929504e+00 1.467971742385998368e-06
1.439393939393939448e+00 1.320467276855197269e-06
1.449494949494949614e+00 3.301955302958958782e-06
1.459595959595959780e+00 1.503459884588664863e-06
1.469696969696969724e+00 7.940416253404691815e-07
1.479797979797979890e+00 5.499973667610902339e-07
1.489898989898990056e+00 8.846871537571132649e-07
1.500000000000000000e+00 1.709046387077250984e-06
