5.000000000000000000e-01 7.243585552384000000e+12
5.101010101010100550e-01 6.959707193344000000e+12
5.202020202020202211e-01 6.584507826176000000e+12
5.303030303030302761e-01 7.357655416832000000e+12
5.404040404040404422e-01 7.969205911552000000e+12
5.505050505050504972e-01 8.326415908864000000e+12
5.606060606060605522e-01 8.597218000896000000e+12
5.707070707070707183e-01 8.179187449856000000e+12
5.808080808080807733e-01 8.074506534912000000e+12
5.909090909090909394e-01 8.521433743360000000e+12
6.010101010101009944e-01 9.076259946496000000e+12
6.111111111111111605e-01 9.935415934976000000e+12
6.212121212121212155e-01 1.040236465356800000e+13
6.313131313131312705e-01 9.812225032192000000e+12
6.414141414141414366e-01 1.004533710848000000e+13
6.515151515151514916e-01 1.043512426496000000e+13
6.616161616161616577e-01 1.151462067404800000e+13
6.717171717171717127e-01 1.200655800729600000e+13
6.818181818181818787e-01 1.232419055206400000e+13
6.919191919191919338e-01 1.251714950758400000e+13
7.020202020202019888e-01 1.235469153075200000e+13
7.121212121212121549e-01 1.238368675430400000e+13
7.222222222222222099e-01 1.316080530227200000e+13
7.323232323232323759e-01 1.380784799744000000e+13
7.424242424242424310e-01 1.372739390668800000e+13
7.525252525252525970e-01 1.308639834931200000e+13
7.626262626262626521e-01 1.255189721907200000e+13
7.727272727272727071e-01 1.205472854016000000e+13
7.828282828282828731e-01 1.161048358912000000e+13
7.929292929292929282e-01 1.189601502822400000e+13
8.030303030303029832e-01 1.135774636441600000e+13
8.131313131313131493e-01 1.096909376716800000e+13
8.232323232323233153e-01 1.006355926220800000e+13
8.333333333333333703e-01 9.438536663040000000e+12
8.434343434343434254e-01 8.617277259776000000e+12
8.535353535353535914e-01 7.887615164416000000e+12
8.636363636363636465e-01 7.654189563904000000e+12
8.737373737373737015e-01 7.273897263104000000e+12
8.838383838383838675e-01 7.047293698048000000e+12
8.939393939393940336e-01 6.870924787712000000e+12
9.040404040404040886e-01 6.361864208384000000e+12
9.141414141414141437e-01 5.889323958272000000e+12
9.242424242424243097e-01 5.262444331008000000e+12
9.343434343434343647e-01 4.840732229632000000e+12
9.444444444444444198e-01 4.318342938624000000e+12
9.545454545454545858e-01 4.137375236096000000e+12
9.646464646464647519e-01 4.010705158144000000e+12
9.747474747474748069e-01 3.958886629376000000e+12
9.848484848484848619e-01 3.798076227584000000e+12
9.949494949494950280e-01 3.651514400768000000e+12
1.005050505050505194e+00 3.467162157056000000e+12
1.015151515151515138e+00 3.294132699136000000e+12
1.025252525252525304e+00 3.189508669440000000e+12
1.035353535353535470e+00 2.814960730112000000e+12
1.045454545454545414e+00 2.603209719808000000e+12
1.055555555555555580e+00 2.316251693056000000e+12
1.065656565656565746e+00 2.140665806848000000e+12
1.075757575757575690e+00 1.918164926464000000e+12
1.085858585858585856e+00 1.799724597248000000e+12
1.095959595959596022e+00 1.686607233024000000e+12
1.106060606060605966e+00 1.629685547008000000e+12
1.116161616161616355e+00 1.525455126528000000e+12
1.126262626262626299e+00 1.456509550592000000e+12
1.136363636363636465e+00 1.364477739008000000e+12
1.146464646464646631e+00 1.334797008896000000e+12
1.156565656565656575e+00 1.250307211264000000e+12
1.166666666666666741e+00 1.231867084800000000e+12
1.176767676767676907e+00 1.109632876544000000e+12
1.186868686868686851e+00 1.086823006208000000e+12
1.196969696969697017e+00 1.026713976832000000e+12
1.207070707070707183e+00 9.472597032960000000e+11
1.217171717171717127e+00 8.809510338560000000e+11
1.227272727272727293e+00 8.275899187200000000e+11
1.237373737373737459e+00 7.384269455360000000e+11
1.247474747474747403e+00 6.747640299520000000e+11
1.257575757575757791e+00 6.261781299200000000e+11
1.267676767676767735e+00 5.569224376320000000e+11
1.277777777777777679e+00 4.986304593920000000e+11
1.287878787878788067e+00 4.594050334720000000e+11
1.297979797979798011e+00 4.227252879360000000e+11
1.308080808080808177e+00 4.013201162240000000e+11
1.318181818181818343e+00 3.919411937280000000e+11
1.328282828282828287e+00 4.093295329280000000e+11
1.338383838383838453e+00 4.144151592960000000e+11
1.348484848484848619e+00 4.004121149440000000e+11
1.358585858585858563e+00 3.958748938240000000e+11
1.368686868686868729e+00 3.583752273920000000e+11
1.378787878787878896e+00 2.943116574720000000e+11
1.388888888888888840e+00 2.393674874880000000e+11
1.398989898989899228e+00 1.855541248000000000e+11
1.409090909090909172e+00 1.557337866240000000e+11
1.419191919191919116e+00 1.681330995200000000e+11
1.429292929292929504e+00 1.828972134400000000e+11
1.439393939393939448e+00 1.822331371520000000e+11
1.449494949494949614e+00 1.615003156480000000e+11
1.459595959595959780e+00 1.213311631360000000e+11
1.469696969696969724e+00 7.877976064000000000e+10
1.479797979797979890e+00 7.969767424000000000e+10
1.489898989898990056e+00 9.958610534400000000e+10
1.500000000000000000e+00 9.276381593600000000e+10
