5.000000000000000000e-01 3.541840975282994085e+29
5.101010101010100550e-01 2.801281163491310156e+29
5.202020202020202211e-01 2.206294720952499743e+29
5.303030303030302761e-01 2.585105959688964351e+29
5.404040404040404422e-01 3.302169542597800704e+29
5.505050505050504972e-01 3.753470995792907514e+29
5.606060606060605522e-01 3.529237545824192947e+29
5.707070707070707183e-01 2.858340573230527505e+29
5.808080808080807733e-01 2.263360930899452425e+29
5.909090909090909394e-01 2.533433447844086064e+29
6.010101010101009944e-01 3.253875222840108045e+29
6.111111111111111605e-01 3.706827993146944713e+29
6.212121212121212155e-01 3.618301755480433085e+29
6.313131313131312705e-01 3.100585695648884844e+29
6.414141414141414366e-01 2.478752032970982553e+29
6.515151515151514916e-01 2.393601909550404092e+29
6.616161616161616577e-01 2.916674077446823085e+29
6.717171717171717127e-01 3.452226326589510661e+29
6.818181818181818787e-01 3.688395274501689284e+29
6.919191919191919338e-01 3.459529371907938910e+29
7.020202020202019888e-01 2.929133569175226357e+29
7.121212121212121549e-01 2.465394724926856104e+29
7.222222222222222099e-01 2.488571344046143064e+29
7.323232323232323759e-01 3.035616888734838783e+29
7.424242424242424310e-01 3.524163835274997800e+29
7.525252525252525970e-01 3.676896501010561013e+29
7.626262626262626521e-01 3.491720044169727448e+29
7.727272727272727071e-01 3.101610260281008242e+29
7.828282828282828731e-01 2.644496329524126157e+29
7.929292929292929282e-01 2.452375727217562437e+29
8.030303030303029832e-01 2.723948445546474105e+29
8.131313131313131493e-01 3.210656502578203682e+29
8.232323232323233153e-01 3.486350902373363977e+29
8.333333333333333703e-01 3.612427887154380505e+29
8.434343434343434254e-01 3.472748220166787621e+29
8.535353535353535914e-01 3.160077501916098690e+29
8.636363636363636465e-01 2.796535374070685477e+29
8.737373737373737015e-01 2.517763880275287322e+29
8.838383838383838675e-01 2.572630600809178637e+29
8.939393939393940336e-01 2.804195996979196616e+29
9.040404040404040886e-01 3.079939509385778755e+29
9.141414141414141437e-01 3.361123943559263984e+29
9.242424242424243097e-01 3.450646411659001793e+29
9.343434343434343647e-01 3.451138293351857495e+29
9.444444444444444198e-01 3.259888873214053566e+29
9.545454545454545858e-01 2.987299146039391091e+29
9.646464646464647519e-01 2.744261043841230282e+29
9.747474747474748069e-01 2.583290682012949260e+29
9.848484848484848619e-01 2.554806878545554078e+29
9.949494949494950280e-01 2.596030682310434989e+29
1.005050505050505194e+00 2.726859123351855640e+29
1.015151515151515138e+00 2.919894731388140183e+29
1.025252525252525304e+00 3.029680118487234380e+29
1.035353535353535470e+00 3.181227470235597312e+29
1.045454545454545414e+00 3.223162462392798391e+29
1.055555555555555580e+00 3.277313649957205298e+29
1.065656565656565746e+00 3.121286850257851535e+29
1.075757575757575690e+00 3.060545505819270381e+29
1.085858585858585856e+00 3.031716591809307086e+29
1.095959595959596022e+00 2.922974847702927080e+29
1.106060606060605966e+00 2.837603150846972375e+29
1.116161616161616355e+00 2.685134370950471917e+29
1.126262626262626299e+00 2.574928882129061636e+29
1.136363636363636465e+00 2.505242242203969485e+29
1.146464646464646631e+00 2.465473682894449685e+29
1.156565656565656575e+00 2.386768645249691715e+29
1.166666666666666741e+00 2.330578717627300325e+29
1.176767676767676907e+00 2.301406770916021379e+29
1.186868686868686851e+00 2.255203137247624770e+29
1.196969696969697017e+00 2.201580288045321319e+29
1.207070707070707183e+00 2.168229991469999310e+29
1.217171717171717127e+00 2.123128558138704477e+29
1.227272727272727293e+00 2.081858852971610073e+29
1.237373737373737459e+00 2.016495634008914740e+29
1.247474747474747403e+00 1.960774920720261278e+29
1.257575757575757791e+00 1.923325610037808417e+29
1.267676767676767735e+00 1.882717225072975079e+29
1.277777777777777679e+00 1.830081728254910014e+29
1.287878787878788067e+00 1.779943418832986416e+29
1.297979797979798011e+00 1.713695795075379256e+29
1.308080808080808177e+00 1.668789112137837966e+29
1.318181818181818343e+00 1.602386028075614737e+29
1.328282828282828287e+00 1.559249004753864019e+29
1.338383838383838453e+00 1.464888944429074545e+29
1.348484848484848619e+00 1.350768519346035671e+29
1.358585858585858563e+00 1.226908213392078154e+29
1.368686868686868729e+00 1.074992233716062417e+29
1.378787878787878896e+00 9.413675850328049919e+28
1.388888888888888840e+00 8.313303069055145279e+28
1.398989898989899228e+00 7.335402973568871739e+28
1.409090909090909172e+00 6.999872695884555716e+28
1.419191919191919116e+00 6.865712625289470530e+28
1.429292929292929504e+00 6.627610907223183019e+28
1.439393939393939448e+00 5.858507412357101121e+28
1.449494949494949614e+00 4.851304560607973146e+28
1.459595959595959780e+00 3.808206765104228854e+28
1.469696969696969724e+00 3.347697641740822810e+28
1.479797979797979890e+00 3.330405280153850743e+28
1.489898989898990056e+00 3.238892901265561323e+28
1.500000000000000000e+00 2.728307803717805561e+28
