5.000000000000000000e-01 6.963497400283813477e-02
5.101010101010100550e-01 6.586804240942001343e-02
5.202020202020202211e-01 5.559930950403213501e-02
5.303030303030302761e-01 5.534327402710914612e-02
5.404040404040404422e-01 6.237754970788955688e-02
5.505050505050504972e-01 7.519406080245971680e-02
5.606060606060605522e-01 7.439791411161422729e-02
5.707070707070707183e-01 7.098114490509033203e-02
5.808080808080807733e-01 5.819688364863395691e-02
5.909090909090909394e-01 6.063636392354965210e-02
6.010101010101009944e-01 6.658855080604553223e-02
6.111111111111111605e-01 8.202321827411651611e-02
6.212121212121212155e-01 8.115918934345245361e-02
6.313131313131312705e-01 7.491317391395568848e-02
6.414141414141414366e-01 7.135525345802307129e-02
6.515151515151514916e-01 6.146964058279991150e-02
6.616161616161616577e-01 7.146184891462326050e-02
6.717171717171717127e-01 8.118820935487747192e-02
6.818181818181818787e-01 8.148559182882308960e-02
6.919191919191919338e-01 9.183930605649948120e-02
7.020202020202019888e-01 8.106120675802230835e-02
7.121212121212121549e-01 7.176549732685089111e-02
7.222222222222222099e-01 7.445178180932998657e-02
7.323232323232323759e-01 7.662083953619003296e-02
7.424242424242424310e-01 7.994402199983596802e-02
7.525252525252525970e-01 9.023388475179672241e-02
7.626262626262626521e-01 9.797017276287078857e-02
7.727272727272727071e-01 8.736736327409744263e-02
7.828282828282828731e-01 8.410040289163589478e-02
7.929292929292929282e-01 7.819670438766479492e-02
8.030303030303029832e-01 8.381025493144989014e-02
8.131313131313131493e-01 9.587925672531127930e-02
8.232323232323233153e-01 9.373366087675094604e-02
8.333333333333333703e-01 1.073800548911094666e-01
8.434343434343434254e-01 1.038321107625961304e-01
8.535353535353535914e-01 1.205352991819381714e-01
8.636363636363636465e-01 1.095832213759422302e-01
8.737373737373737015e-01 1.073700189590454102e-01
8.838383838383838675e-01 1.025895029306411743e-01
8.939393939393940336e-01 1.202352792024612427e-01
9.040404040404040886e-01 1.306601613759994507e-01
9.141414141414141437e-01 1.382041722536087036e-01
9.242424242424243097e-01 1.568720340728759766e-01
9.343434343434343647e-01 1.489969342947006226e-01
9.444444444444444198e-01 1.737269461154937744e-01
9.545454545454545858e-01 1.573034971952438354e-01
9.646464646464647519e-01 1.996185332536697388e-01
9.747474747474748069e-01 1.631527841091156006e-01
9.848484848484848619e-01 2.528265416622161865e-01
9.949494949494950280e-01 1.981268376111984253e-01
1.005050505050505194e+00 3.399300575256347656e-01
1.015151515151515138e+00 2.339831888675689697e-01
1.025252525252525304e+00 5.014466643333435059e-01
1.035353535353535470e+00 6.180641055107116699e-01
1.045454545454545414e+00 2.670136451721191406e+00
1.055555555555555580e+00 4.927460670471191406e+00
1.065656565656565746e+00 4.867214202880859375e+00
1.075757575757575690e+00 2.429625749588012695e+00
1.085858585858585856e+00 6.019561886787414551e-01
1.095959595959596022e+00 4.066579043865203857e-01
1.106060606060605966e+00 2.148534357547760010e-01
1.116161616161616355e+00 2.336073070764541626e-01
1.126262626262626299e+00 1.404302865266799927e-01
1.136363636363636465e+00 1.617089956998825073e-01
1.146464646464646631e+00 1.064898446202278137e-01
1.156565656565656575e+00 1.282481849193572998e-01
1.166666666666666741e+00 8.802435547113418579e-02
1.176767676767676907e+00 7.661610841751098633e-02
1.186868686868686851e+00 6.200420483946800232e-02
1.196969696969697017e+00 7.000608742237091064e-02
1.207070707070707183e+00 4.898264631628990173e-02
1.217171717171717127e+00 5.383702740073204041e-02
1.227272727272727293e+00 4.563274234533309937e-02
1.237373737373737459e+00 3.714960068464279175e-02
1.247474747474747403e+00 3.327828273177146912e-02
1.257575757575757791e+00 3.201011940836906433e-02
1.267676767676767735e+00 2.805883251130580902e-02
1.277777777777777679e+00 2.262394875288009644e-02
1.287878787878788067e+00 2.469724975526332855e-02
1.297979797979798011e+00 1.813054643571376801e-02
1.308080808080808177e+00 1.766273006796836853e-02
1.318181818181818343e+00 1.583910360932350159e-02
1.328282828282828287e+00 1.492882892489433289e-02
1.338383838383838453e+00 1.492068357765674591e-02
1.348484848484848619e+00 1.386671513319015503e-02
1.358585858585858563e+00 1.311041880398988724e-02
1.368686868686868729e+00 1.154549140483140945e-02
1.378787878787878896e+00 9.970633313059806824e-03
1.388888888888888840e+00 7.904053665697574615e-03
1.398989898989899228e+00 6.655099801719188690e-03
1.409090909090909172e+00 5.164220929145812988e-03
1.419191919191919116e+00 5.339287221431732178e-03
1.429292929292929504e+00 4.980090074241161346e-03
1.439393939393939448e+00 4.937854595482349396e-03
1.449494949494949614e+00 4.745095502585172653e-03
1.459595959595959780e+00 3.297008574008941650e-03
1.469696969696969724e+00 2.709551714360713959e-03
1.479797979797979890e+00 2.222771523520350456e-03
1.489898989898990056e+00 2.566961571574211121e-03
1.500000000000000000e+00 2.655095187947154045e-03
