5.000000000000000000e-01 2.289505536000000000e+09
5.101010101010100550e-01 1.955657344000000000e+09
5.202020202020202211e-01 2.003874816000000000e+09
5.303030303030302761e-01 2.071037056000000000e+09
5.404040404040404422e-01 2.843088896000000000e+09
5.505050505050504972e-01 3.889221120000000000e+09
5.606060606060605522e-01 3.331338240000000000e+09
5.707070707070707183e-01 3.094299392000000000e+09
5.808080808080807733e-01 2.716249344000000000e+09
5.909090909090909394e-01 1.864487296000000000e+09
6.010101010101009944e-01 2.512018176000000000e+09
6.111111111111111605e-01 2.696771584000000000e+09
6.212121212121212155e-01 2.804697088000000000e+09
6.313131313131312705e-01 2.489290240000000000e+09
6.414141414141414366e-01 2.400255744000000000e+09
6.515151515151514916e-01 2.579888640000000000e+09
6.616161616161616577e-01 2.214734848000000000e+09
6.717171717171717127e-01 3.274115584000000000e+09
6.818181818181818787e-01 4.813832704000000000e+09
6.919191919191919338e-01 4.034960128000000000e+09
7.020202020202019888e-01 1.792794368000000000e+09
7.121212121212121549e-01 3.323823104000000000e+09
7.222222222222222099e-01 2.195191040000000000e+09
7.323232323232323759e-01 2.981121024000000000e+09
7.424242424242424310e-01 3.427844352000000000e+09
7.525252525252525970e-01 4.380764160000000000e+09
7.626262626262626521e-01 4.255680768000000000e+09
7.727272727272727071e-01 3.368898048000000000e+09
7.828282828282828731e-01 2.351209728000000000e+09
7.929292929292929282e-01 3.848592384000000000e+09
8.030303030303029832e-01 5.117265408000000000e+09
8.131313131313131493e-01 5.521613312000000000e+09
8.232323232323233153e-01 5.416610816000000000e+09
8.333333333333333703e-01 5.253018624000000000e+09
8.434343434343434254e-01 5.525779968000000000e+09
8.535353535353535914e-01 6.424318976000000000e+09
8.636363636363636465e-01 4.493801472000000000e+09
8.737373737373737015e-01 5.121650176000000000e+09
8.838383838383838675e-01 4.352465920000000000e+09
8.939393939393940336e-01 6.280052224000000000e+09
9.040404040404040886e-01 5.955532288000000000e+09
9.141414141414141437e-01 8.125863936000000000e+09
9.242424242424243097e-01 5.113160192000000000e+09
9.343434343434343647e-01 7.383147520000000000e+09
9.444444444444444198e-01 6.665756160000000000e+09
9.545454545454545858e-01 8.287420928000000000e+09
9.646464646464647519e-01 8.557528064000000000e+09
9.747474747474748069e-01 5.277684736000000000e+09
9.848484848484848619e-01 4.375590400000000000e+09
9.949494949494950280e-01 5.471362048000000000e+09
1.005050505050505194e+00 5.230870016000000000e+09
1.015151515151515138e+00 4.806035456000000000e+09
1.025252525252525304e+00 5.052587008000000000e+09
1.035353535353535470e+00 5.842522624000000000e+09
1.045454545454545414e+00 3.692622592000000000e+09
1.055555555555555580e+00 3.633941760000000000e+09
1.065656565656565746e+00 3.753081600000000000e+09
1.075757575757575690e+00 2.342944768000000000e+09
1.085858585858585856e+00 2.914791680000000000e+09
1.095959595959596022e+00 3.062242560000000000e+09
1.106060606060605966e+00 2.407290368000000000e+09
1.116161616161616355e+00 1.572086912000000000e+09
1.126262626262626299e+00 1.909945728000000000e+09
1.136363636363636465e+00 1.477734912000000000e+09
1.146464646464646631e+00 2.050909312000000000e+09
1.156565656565656575e+00 1.584678656000000000e+09
1.166666666666666741e+00 1.760596480000000000e+09
1.176767676767676907e+00 1.280584832000000000e+09
1.186868686868686851e+00 9.742231040000000000e+08
1.196969696969697017e+00 1.249018880000000000e+09
1.207070707070707183e+00 1.054408064000000000e+09
1.217171717171717127e+00 8.682072960000000000e+08
1.227272727272727293e+00 4.988881600000000000e+08
1.237373737373737459e+00 9.197996160000000000e+08
1.247474747474747403e+00 5.318053760000000000e+08
1.257575757575757791e+00 6.606798080000000000e+08
1.267676767676767735e+00 7.195246720000000000e+08
1.277777777777777679e+00 4.383055360000000000e+08
1.287878787878788067e+00 5.526320000000000000e+08
1.297979797979798011e+00 4.749358400000000000e+08
1.308080808080808177e+00 2.938674240000000000e+08
1.318181818181818343e+00 4.599243520000000000e+08
1.328282828282828287e+00 4.682260480000000000e+08
1.338383838383838453e+00 3.838679040000000000e+08
1.348484848484848619e+00 2.687348480000000000e+08
1.358585858585858563e+00 3.598093120000000000e+08
1.368686868686868729e+00 3.420930560000000000e+08
1.378787878787878896e+00 2.622724640000000000e+08
1.388888888888888840e+00 2.078995200000000000e+08
1.398989898989899228e+00 2.493489120000000000e+08
1.409090909090909172e+00 1.184571280000000000e+08
1.419191919191919116e+00 1.158730000000000000e+08
1.429292929292929504e+00 1.596345440000000000e+08
1.439393939393939448e+00 1.450845120000000000e+08
1.449494949494949614e+00 1.006906800000000000e+08
1.459595959595959780e+00 1.075757760000000000e+08
1.469696969696969724e+00 5.968302400000000000e+07
1.479797979797979890e+00 4.278769600000000000e+07
1.489898989898990056e+00 6.837666400000000000e+07
1.500000000000000000e+00 6.878228800000000000e+07
