5.000000000000000000e-01 1.619786808134488556e+20
5.101010101010100550e-01 1.363959303536126198e+20
5.202020202020202211e-01 1.136657880452505272e+20
5.303030303030302761e-01 1.248840172225188332e+20
5.404040404040404422e-01 1.580688702416355328e+20
5.505050505050504972e-01 1.723191566641240474e+20
5.606060606060605522e-01 1.673590749932730450e+20
5.707070707070707183e-01 1.414841798958902149e+20
5.808080808080807733e-01 1.228642231583873434e+20
5.909090909090909394e-01 1.284181554574466744e+20
6.010101010101009944e-01 1.589134886858139894e+20
6.111111111111111605e-01 1.728824056847081144e+20
6.212121212121212155e-01 1.764453159399115981e+20
6.313131313131312705e-01 1.544122991879315784e+20
6.414141414141414366e-01 1.318253220895989432e+20
6.515151515151514916e-01 1.303302765468933161e+20
6.616161616161616577e-01 1.501351285871387607e+20
6.717171717171717127e-01 1.730654347883142185e+20
6.818181818181818787e-01 1.810996806016827392e+20
6.919191919191919338e-01 1.722384964911104000e+20
7.020202020202019888e-01 1.523247400231569981e+20
7.121212121212121549e-01 1.355414251008772014e+20
7.222222222222222099e-01 1.391250765434270515e+20
7.323232323232323759e-01 1.586360775040795935e+20
7.424242424242424310e-01 1.782391031899304755e+20
7.525252525252525970e-01 1.831367677846958899e+20
7.626262626262626521e-01 1.783829017186575319e+20
7.727272727272727071e-01 1.646412229868991283e+20
7.828282828282828731e-01 1.504768568010515415e+20
7.929292929292929282e-01 1.448860864644152033e+20
8.030303030303029832e-01 1.559274613953789952e+20
8.131313131313131493e-01 1.752187535445228257e+20
8.232323232323233153e-01 1.848352229785400771e+20
8.333333333333333703e-01 1.932384648941902234e+20
8.434343434343434254e-01 1.849652996021524890e+20
8.535353535353535914e-01 1.742630580376599265e+20
8.636363636363636465e-01 1.672302825992418755e+20
8.737373737373737015e-01 1.583997440767589089e+20
8.838383838383838675e-01 1.611860120946595594e+20
8.939393939393940336e-01 1.714038704086051717e+20
9.040404040404040886e-01 1.852755729874178540e+20
9.141414141414141437e-01 1.968984664241728389e+20
9.242424242424243097e-01 2.036139667872798474e+20
9.343434343434343647e-01 1.964499536409704530e+20
9.444444444444444198e-01 1.994439150073114788e+20
9.545454545454545858e-01 1.889605554215835402e+20
9.646464646464647519e-01 1.818287535679214715e+20
9.747474747474748069e-01 1.775607133116857057e+20
9.848484848484848619e-01 1.779225318020612096e+20
9.949494949494950280e-01 1.823665994718574019e+20
1.005050505050505194e+00 1.916570153297274470e+20
1.015151515151515138e+00 1.991157679610249871e+20
1.025252525252525304e+00 2.059660068770461778e+20
1.035353535353535470e+00 2.126669233179223654e+20
1.045454545454545414e+00 2.097141980356694508e+20
1.055555555555555580e+00 2.154121311735953490e+20
1.065656565656565746e+00 2.134742991042447933e+20
1.075757575757575690e+00 2.072374117546621665e+20
1.085858585858585856e+00 2.067219782957468221e+20
1.095959595959596022e+00 1.952302170137669140e+20
1.106060606060605966e+00 1.969862690247205192e+20
1.116161616161616355e+00 1.880738388762007962e+20
1.126262626262626299e+00 1.863246126334324244e+20
1.136363636363636465e+00 1.771216299402031268e+20
1.146464646464646631e+00 1.727681092519775437e+20
1.156565656565656575e+00 1.673991499930822246e+20
1.166666666666666741e+00 1.631536981037274890e+20
1.176767676767676907e+00 1.539802350986807214e+20
1.186868686868686851e+00 1.470348136600662180e+20
1.196969696969697017e+00 1.403697676865345946e+20
1.207070707070707183e+00 1.320929344237065994e+20
1.217171717171717127e+00 1.234735197259426693e+20
1.227272727272727293e+00 1.146571780975975465e+20
1.237373737373737459e+00 1.076035998991819735e+20
1.247474747474747403e+00 9.784148475690300211e+19
1.257575757575757791e+00 9.031768501770623386e+19
1.267676767676767735e+00 8.248663774924374016e+19
1.277777777777777679e+00 7.673936732555627725e+19
1.287878787878788067e+00 6.899446899215328870e+19
1.297979797979798011e+00 6.503617435560155546e+19
1.308080808080808177e+00 6.047064143726169293e+19
1.318181818181818343e+00 5.682569442048658637e+19
1.328282828282828287e+00 5.298278253415366656e+19
1.338383838383838453e+00 5.031294400154147226e+19
1.348484848484848619e+00 4.694540816650076160e+19
1.358585858585858563e+00 4.228625403207902822e+19
1.368686868686868729e+00 3.658161827127020749e+19
1.378787878787878896e+00 3.138468640263346586e+19
1.388888888888888840e+00 2.630428737337819136e+19
1.398989898989899228e+00 2.224645614818715238e+19
1.409090909090909172e+00 2.029803578186111386e+19
1.419191919191919116e+00 1.978528952936405402e+19
1.429292929292929504e+00 1.926272903607746560e+19
1.439393939393939448e+00 1.795157351458249114e+19
1.449494949494949614e+00 1.532351642382578483e+19
1.459595959595959780e+00 1.154654774736873062e+19
1.469696969696969724e+00 9.170400865163411456e+18
1.479797979797979890e+00 8.986553724906242048e+18
1.489898989898990056e+00 9.170968762919157760e+18
1.500000000000000000e+00 8.316928603602288640e+18
