5.000000000000000000e-01 1.553621401600000000e+10
5.101010101010100550e-01 1.325147238400000000e+10
5.202020202020202211e-01 7.291732992000000000e+09
5.303030303030302761e-01 8.833731584000000000e+09
5.404040404040404422e-01 1.968381747200000000e+10
5.505050505050504972e-01 1.807977472000000000e+10
5.606060606060605522e-01 1.694757068800000000e+10
5.707070707070707183e-01 1.102881689600000000e+10
5.808080808080807733e-01 8.482363904000000000e+09
5.909090909090909394e-01 8.931017728000000000e+09
6.010101010101009944e-01 1.300990361600000000e+10
6.111111111111111605e-01 1.568755200000000000e+10
6.212121212121212155e-01 1.812193484800000000e+10
6.313131313131312705e-01 1.379124121600000000e+10
6.414141414141414366e-01 1.323882905600000000e+10
6.515151515151514916e-01 9.167396864000000000e+09
6.616161616161616577e-01 9.184022528000000000e+09
6.717171717171717127e-01 1.096724582400000000e+10
6.818181818181818787e-01 1.886459699200000000e+10
6.919191919191919338e-01 1.760090521600000000e+10
7.020202020202019888e-01 1.092284108800000000e+10
7.121212121212121549e-01 1.158716620800000000e+10
7.222222222222222099e-01 1.091087667200000000e+10
7.323232323232323759e-01 1.206632448000000000e+10
7.424242424242424310e-01 1.334481817600000000e+10
7.525252525252525970e-01 1.567264972800000000e+10
7.626262626262626521e-01 1.391134720000000000e+10
7.727272727272727071e-01 1.304218624000000000e+10
7.828282828282828731e-01 1.217267097600000000e+10
7.929292929292929282e-01 8.922194944000000000e+09
8.030303030303029832e-01 9.573343232000000000e+09
8.131313131313131493e-01 1.509552640000000000e+10
8.232323232323233153e-01 1.522562560000000000e+10
8.333333333333333703e-01 1.303628390400000000e+10
8.434343434343434254e-01 1.591247564800000000e+10
8.535353535353535914e-01 1.575630950400000000e+10
8.636363636363636465e-01 1.516975616000000000e+10
8.737373737373737015e-01 1.032903168000000000e+10
8.838383838383838675e-01 8.607312896000000000e+09
8.939393939393940336e-01 7.973944832000000000e+09
9.040404040404040886e-01 1.218950553600000000e+10
9.141414141414141437e-01 1.500442316800000000e+10
9.242424242424243097e-01 1.196859392000000000e+10
9.343434343434343647e-01 1.423853977600000000e+10
9.444444444444444198e-01 1.599767449600000000e+10
9.545454545454545858e-01 7.443296256000000000e+09
9.646464646464647519e-01 1.014949990400000000e+10
9.747474747474748069e-01 8.860162048000000000e+09
9.848484848484848619e-01 9.836274688000000000e+09
9.949494949494950280e-01 9.231130624000000000e+09
1.005050505050505194e+00 9.486113792000000000e+09
1.015151515151515138e+00 9.931269120000000000e+09
1.025252525252525304e+00 1.011234304000000000e+10
1.035353535353535470e+00 1.575363379200000000e+10
1.045454545454545414e+00 1.144175820800000000e+10
1.055555555555555580e+00 1.154569728000000000e+10
1.065656565656565746e+00 1.565486796800000000e+10
1.075757575757575690e+00 1.027017216000000000e+10
1.085858585858585856e+00 8.883585024000000000e+09
1.095959595959596022e+00 1.096290918400000000e+10
1.106060606060605966e+00 1.326235545600000000e+10
1.116161616161616355e+00 1.209401446400000000e+10
1.126262626262626299e+00 1.095612313600000000e+10
1.136363636363636465e+00 1.150243840000000000e+10
1.146464646464646631e+00 1.179952537600000000e+10
1.156565656565656575e+00 1.007381811200000000e+10
1.166666666666666741e+00 1.048491724800000000e+10
1.176767676767676907e+00 1.068935884800000000e+10
1.186868686868686851e+00 1.015239270400000000e+10
1.196969696969697017e+00 1.084585062400000000e+10
1.207070707070707183e+00 7.605604352000000000e+09
1.217171717171717127e+00 1.033913139200000000e+10
1.227272727272727293e+00 7.648780288000000000e+09
1.237373737373737459e+00 9.512141824000000000e+09
1.247474747474747403e+00 9.548599296000000000e+09
1.257575757575757791e+00 6.475011584000000000e+09
1.267676767676767735e+00 1.031874355200000000e+10
1.277777777777777679e+00 9.822776320000000000e+09
1.287878787878788067e+00 1.112687616000000000e+10
1.297979797979798011e+00 1.138921472000000000e+10
1.308080808080808177e+00 7.408576000000000000e+09
1.318181818181818343e+00 9.924486144000000000e+09
1.328282828282828287e+00 7.274685952000000000e+09
1.338383838383838453e+00 7.555094016000000000e+09
1.348484848484848619e+00 8.921891840000000000e+09
1.358585858585858563e+00 8.452441088000000000e+09
1.368686868686868729e+00 9.771797504000000000e+09
1.378787878787878896e+00 6.833807360000000000e+09
1.388888888888888840e+00 6.715243008000000000e+09
1.398989898989899228e+00 5.682273280000000000e+09
1.409090909090909172e+00 7.791078400000000000e+09
1.419191919191919116e+00 1.079341568000000000e+10
1.429292929292929504e+00 8.646304768000000000e+09
1.439393939393939448e+00 8.736281600000000000e+09
1.449494949494949614e+00 7.202348544000000000e+09
1.459595959595959780e+00 6.926130176000000000e+09
1.469696969696969724e+00 8.683599872000000000e+09
1.479797979797979890e+00 5.253101056000000000e+09
1.489898989898990056e+00 7.184802816000000000e+09
1.500000000000000000e+00 5.656484864000000000e+09
