5.000000000000000000e-01 1.762765570048000000e+12
5.101010101010100550e-01 1.388488163328000000e+12
5.202020202020202211e-01 9.298891243520000000e+11
5.303030303030302761e-01 1.009164353536000000e+12
5.404040404040404422e-01 1.492885962752000000e+12
5.505050505050504972e-01 1.808711024640000000e+12
5.606060606060605522e-01 1.753032294400000000e+12
5.707070707070707183e-01 1.403955838976000000e+12
5.808080808080807733e-01 9.694667735040000000e+11
5.909090909090909394e-01 9.897864724480000000e+11
6.010101010101009944e-01 1.406756585472000000e+12
6.111111111111111605e-01 1.746849366016000000e+12
6.212121212121212155e-01 1.762670149632000000e+12
6.313131313131312705e-01 1.518743060480000000e+12
6.414141414141414366e-01 1.098026582016000000e+12
6.515151515151514916e-01 9.251175137280000000e+11
6.616161616161616577e-01 1.184371441664000000e+12
6.717171717171717127e-01 1.557924544512000000e+12
6.818181818181818787e-01 1.781994749952000000e+12
6.919191919191919338e-01 1.699565928448000000e+12
7.020202020202019888e-01 1.398210297856000000e+12
7.121212121212121549e-01 1.039807676416000000e+12
7.222222222222222099e-01 9.387430379520000000e+11
7.323232323232323759e-01 1.195956764672000000e+12
7.424242424242424310e-01 1.512248705024000000e+12
7.525252525252525970e-01 1.676876840960000000e+12
7.626262626262626521e-01 1.663681691648000000e+12
7.727272727272727071e-01 1.448597127168000000e+12
7.828282828282828731e-01 1.159235895296000000e+12
7.929292929292929282e-01 9.550906654720000000e+11
8.030303030303029832e-01 1.004748800000000000e+12
8.131313131313131493e-01 1.241086951424000000e+12
8.232323232323233153e-01 1.469507698688000000e+12
8.333333333333333703e-01 1.621205450752000000e+12
8.434343434343434254e-01 1.627972173824000000e+12
8.535353535353535914e-01 1.449836937216000000e+12
8.636363636363636465e-01 1.230675509248000000e+12
8.737373737373737015e-01 1.008825335808000000e+12
8.838383838383838675e-01 9.221530583040000000e+11
8.939393939393940336e-01 1.013128036352000000e+12
9.040404040404040886e-01 1.199198437376000000e+12
9.141414141414141437e-01 1.373226401792000000e+12
9.242424242424243097e-01 1.464549900288000000e+12
9.343434343434343647e-01 1.520584622080000000e+12
9.444444444444444198e-01 1.474110291968000000e+12
9.545454545454545858e-01 1.351144308736000000e+12
9.646464646464647519e-01 1.188857511936000000e+12
9.747474747474748069e-01 1.050794196992000000e+12
9.848484848484848619e-01 9.434497679360000000e+11
9.949494949494950280e-01 8.944895262720000000e+11
1.005050505050505194e+00 9.307996815360000000e+11
1.015151515151515138e+00 1.018194034688000000e+12
1.025252525252525304e+00 1.094493732864000000e+12
1.035353535353535470e+00 1.188637835264000000e+12
1.045454545454545414e+00 1.254536380416000000e+12
1.055555555555555580e+00 1.293358071808000000e+12
1.065656565656565746e+00 1.292345409536000000e+12
1.075757575757575690e+00 1.290884743168000000e+12
1.085858585858585856e+00 1.262509228032000000e+12
1.095959595959596022e+00 1.219011018752000000e+12
1.106060606060605966e+00 1.192958492672000000e+12
1.116161616161616355e+00 1.133685768192000000e+12
1.126262626262626299e+00 1.109009629184000000e+12
1.136363636363636465e+00 1.047848157184000000e+12
1.146464646464646631e+00 1.019859566592000000e+12
1.156565656565656575e+00 9.805168640000000000e+11
1.166666666666666741e+00 9.604492165120000000e+11
1.176767676767676907e+00 9.227298406400000000e+11
1.186868686868686851e+00 9.135124643840000000e+11
1.196969696969697017e+00 9.021266329600000000e+11
1.207070707070707183e+00 8.979748618240000000e+11
1.217171717171717127e+00 8.879091875840000000e+11
1.227272727272727293e+00 8.809944842240000000e+11
1.237373737373737459e+00 8.726999859200000000e+11
1.247474747474747403e+00 8.845254328320000000e+11
1.257575757575757791e+00 8.739614883840000000e+11
1.267676767676767735e+00 8.884853145600000000e+11
1.277777777777777679e+00 8.958634229760000000e+11
1.287878787878788067e+00 8.858027950080000000e+11
1.297979797979798011e+00 8.866688532480000000e+11
1.308080808080808177e+00 8.628159774720000000e+11
1.318181818181818343e+00 8.316149432320000000e+11
1.328282828282828287e+00 7.880394670080000000e+11
1.338383838383838453e+00 7.539261440000000000e+11
1.348484848484848619e+00 7.018402938880000000e+11
1.358585858585858563e+00 6.577157570560000000e+11
1.368686868686868729e+00 6.366661181440000000e+11
1.378787878787878896e+00 6.285771407360000000e+11
1.388888888888888840e+00 6.636929024000000000e+11
1.398989898989899228e+00 6.836577894400000000e+11
1.409090909090909172e+00 6.932841103360000000e+11
1.419191919191919116e+00 6.748698050560000000e+11
1.429292929292929504e+00 6.483462717440000000e+11
1.439393939393939448e+00 6.062050508800000000e+11
1.449494949494949614e+00 5.673500016640000000e+11
1.459595959595959780e+00 5.867221155840000000e+11
1.469696969696969724e+00 5.997619445760000000e+11
1.479797979797979890e+00 6.061940408320000000e+11
1.489898989898990056e+00 5.694835261440000000e+11
1.500000000000000000e+00 5.232539729920000000e+11
