5.000000000000000000e-01 2.487172219438485740e+32
5.101010101010100550e-01 1.924668320122093425e+32
5.202020202020202211e-01 1.426888278192491404e+32
5.303030303030302761e-01 1.715246777388710197e+32
5.404040404040404422e-01 2.309320662272584507e+32
5.505050505050504972e-01 2.655117741724399131e+32
5.606060606060605522e-01 2.447150971965307364e+32
5.707070707070707183e-01 1.950244935046253935e+32
5.808080808080807733e-01 1.457734455693253728e+32
5.909090909090909394e-01 1.653897370463693826e+32
6.010101010101009944e-01 2.240155017996398928e+32
6.111111111111111605e-01 2.578144177506683293e+32
6.212121212121212155e-01 2.546260258082363770e+32
6.313131313131312705e-01 2.116081510418365998e+32
6.414141414141414366e-01 1.597609300732108846e+32
6.515151515151514916e-01 1.526546706773849559e+32
6.616161616161616577e-01 1.984518272174525379e+32
6.717171717171717127e-01 2.395626166677069592e+32
6.818181818181818787e-01 2.585842230269726974e+32
6.919191919191919338e-01 2.392675033680291928e+32
7.020202020202019888e-01 1.957430016405518737e+32
7.121212121212121549e-01 1.563429486105242789e+32
7.222222222222222099e-01 1.584905424649270477e+32
7.323232323232323759e-01 1.978166866060466825e+32
7.424242424242424310e-01 2.354242991732546159e+32
7.525252525252525970e-01 2.531317161239402400e+32
7.626262626262626521e-01 2.383903648217561594e+32
7.727272727272727071e-01 2.083257336848583002e+32
7.828282828282828731e-01 1.677796770062753784e+32
7.929292929292929282e-01 1.532544526264187227e+32
8.030303030303029832e-01 1.697570927909026350e+32
8.131313131313131493e-01 2.028037667399340646e+32
8.232323232323233153e-01 2.343923987792577961e+32
8.333333333333333703e-01 2.408180039244210178e+32
8.434343434343434254e-01 2.330222506123393600e+32
8.535353535353535914e-01 2.044357005395351310e+32
8.636363636363636465e-01 1.755171697652581680e+32
8.737373737373737015e-01 1.562439907786339038e+32
8.838383838383838675e-01 1.553846669632387115e+32
8.939393939393940336e-01 1.735941266282938989e+32
9.040404040404040886e-01 1.991261563682270212e+32
9.141414141414141437e-01 2.209865139800790471e+32
9.242424242424243097e-01 2.271014735466340936e+32
9.343434343434343647e-01 2.240945558768361326e+32
9.444444444444444198e-01 2.145744681469086231e+32
9.545454545454545858e-01 1.925761189063025050e+32
9.646464646464647519e-01 1.730115210973052168e+32
9.747474747474748069e-01 1.569201768394673151e+32
9.848484848484848619e-01 1.486364527095564084e+32
9.949494949494950280e-01 1.527625648889339224e+32
1.005050505050505194e+00 1.604998738911921305e+32
1.015151515151515138e+00 1.740678901498910367e+32
1.025252525252525304e+00 1.835129471077499838e+32
1.035353535353535470e+00 1.948264811267790741e+32
1.045454545454545414e+00 1.995420655358006813e+32
1.055555555555555580e+00 2.006406406066008871e+32
1.065656565656565746e+00 1.995870375762903455e+32
1.075757575757575690e+00 1.963657628515648753e+32
1.085858585858585856e+00 1.874328068708946851e+32
1.095959595959596022e+00 1.795661621487508255e+32
1.106060606060605966e+00 1.723339616967407232e+32
1.116161616161616355e+00 1.658081607796478411e+32
1.126262626262626299e+00 1.587249773598667165e+32
1.136363636363636465e+00 1.509982295335686618e+32
1.146464646464646631e+00 1.466661067231222581e+32
1.156565656565656575e+00 1.405302085613714862e+32
1.166666666666666741e+00 1.363792118529230247e+32
1.176767676767676907e+00 1.334669675819107245e+32
1.186868686868686851e+00 1.315822522291315176e+32
1.196969696969697017e+00 1.273207210151440514e+32
1.207070707070707183e+00 1.267506302842400199e+32
1.217171717171717127e+00 1.229074164180588861e+32
1.227272727272727293e+00 1.224891764415050090e+32
1.237373737373737459e+00 1.221921578747355300e+32
1.247474747474747403e+00 1.192331330102074221e+32
1.257575757575757791e+00 1.184947404623999205e+32
1.267676767676767735e+00 1.184442460487662566e+32
1.277777777777777679e+00 1.171246406525142689e+32
1.287878787878788067e+00 1.175923111879805490e+32
1.297979797979798011e+00 1.156767730625044475e+32
1.308080808080808177e+00 1.139143333028243427e+32
1.318181818181818343e+00 1.110942575362994618e+32
1.328282828282828287e+00 1.070469963345804925e+32
1.338383838383838453e+00 1.013539035220381669e+32
1.348484848484848619e+00 9.374316421739033199e+31
1.358585858585858563e+00 8.608566366203980321e+31
1.368686868686868729e+00 7.731021137285228532e+31
1.378787878787878896e+00 6.790717184077986423e+31
1.388888888888888840e+00 6.264753212730544629e+31
1.398989898989899228e+00 6.166244617674738339e+31
1.409090909090909172e+00 6.067381081998293195e+31
1.419191919191919116e+00 5.982131018191364466e+31
1.429292929292929504e+00 5.603385681023641600e+31
1.439393939393939448e+00 4.922207240125549721e+31
1.449494949494949614e+00 4.092126373166179657e+31
1.459595959595959780e+00 3.411630008215514351e+31
1.469696969696969724e+00 3.143759851882763663e+31
1.479797979797979890e+00 3.171864233981672793e+31
1.489898989898990056e+00 2.959322743850060915e+31
1.500000000000000000e+00 2.459658228352843610e+31
