5.000000000000000000e-01 4.779777200000000000e+07
5.101010101010100550e-01 4.137373600000000000e+07
5.202020202020202211e-01 3.321315600000000000e+07
5.303030303030302761e-01 3.476033200000000000e+07
5.404040404040404422e-01 4.271206400000000000e+07
5.505050505050504972e-01 4.716698800000000000e+07
5.606060606060605522e-01 4.855517200000000000e+07
5.707070707070707183e-01 4.162074000000000000e+07
5.808080808080807733e-01 3.531060000000000000e+07
5.909090909090909394e-01 3.619928000000000000e+07
6.010101010101009944e-01 4.285240400000000000e+07
6.111111111111111605e-01 4.970017200000000000e+07
6.212121212121212155e-01 4.944915600000000000e+07
6.313131313131312705e-01 4.537546000000000000e+07
6.414141414141414366e-01 3.880892400000000000e+07
6.515151515151514916e-01 3.639270000000000000e+07
6.616161616161616577e-01 4.106976000000000000e+07
6.717171717171717127e-01 4.761740400000000000e+07
6.818181818181818787e-01 5.161009600000000000e+07
6.919191919191919338e-01 4.991356000000000000e+07
7.020202020202019888e-01 4.485288000000000000e+07
7.121212121212121549e-01 3.949303600000000000e+07
7.222222222222222099e-01 3.914392400000000000e+07
7.323232323232323759e-01 4.383574000000000000e+07
7.424242424242424310e-01 5.020517200000000000e+07
7.525252525252525970e-01 5.302308000000000000e+07
7.626262626262626521e-01 5.290278000000000000e+07
7.727272727272727071e-01 4.971932000000000000e+07
7.828282828282828731e-01 4.376570000000000000e+07
7.929292929292929282e-01 4.087839600000000000e+07
8.030303030303029832e-01 4.386294800000000000e+07
8.131313131313131493e-01 4.849028800000000000e+07
8.232323232323233153e-01 5.390377600000000000e+07
8.333333333333333703e-01 5.671006800000000000e+07
8.434343434343434254e-01 5.602360800000000000e+07
8.535353535353535914e-01 5.307476400000000000e+07
8.636363636363636465e-01 4.992383600000000000e+07
8.737373737373737015e-01 4.799207600000000000e+07
8.838383838383838675e-01 4.757066800000000000e+07
8.939393939393940336e-01 4.955100400000000000e+07
9.040404040404040886e-01 5.362566000000000000e+07
9.141414141414141437e-01 5.733441600000000000e+07
9.242424242424243097e-01 5.792382400000000000e+07
9.343434343434343647e-01 6.142067600000000000e+07
9.444444444444444198e-01 6.057226400000000000e+07
9.545454545454545858e-01 6.090166400000000000e+07
9.646464646464647519e-01 5.786109600000000000e+07
9.747474747474748069e-01 5.789346000000000000e+07
9.848484848484848619e-01 5.737581600000000000e+07
9.949494949494950280e-01 5.945413600000000000e+07
1.005050505050505194e+00 6.157462000000000000e+07
1.015151515151515138e+00 6.405779600000000000e+07
1.025252525252525304e+00 6.812303200000000000e+07
1.035353535353535470e+00 7.012572800000000000e+07
1.045454545454545414e+00 7.466653600000000000e+07
1.055555555555555580e+00 7.870651200000000000e+07
1.065656565656565746e+00 8.147539200000000000e+07
1.075757575757575690e+00 8.485692000000000000e+07
1.085858585858585856e+00 8.526728000000000000e+07
1.095959595959596022e+00 9.082038400000000000e+07
1.106060606060605966e+00 9.424556800000000000e+07
1.116161616161616355e+00 9.717768000000000000e+07
1.126262626262626299e+00 1.019144240000000000e+08
1.136363636363636465e+00 1.096348880000000000e+08
1.146464646464646631e+00 1.128609920000000000e+08
1.156565656565656575e+00 1.189995600000000000e+08
1.166666666666666741e+00 1.218134480000000000e+08
1.176767676767676907e+00 1.236378640000000000e+08
1.186868686868686851e+00 1.197241200000000000e+08
1.196969696969697017e+00 1.097148240000000000e+08
1.207070707070707183e+00 1.035853360000000000e+08
1.217171717171717127e+00 9.305937600000000000e+07
1.227272727272727293e+00 8.125539200000000000e+07
1.237373737373737459e+00 7.225125600000000000e+07
1.247474747474747403e+00 6.174355600000000000e+07
1.257575757575757791e+00 5.274601200000000000e+07
1.267676767676767735e+00 4.560566800000000000e+07
1.277777777777777679e+00 4.011841200000000000e+07
1.287878787878788067e+00 3.517657200000000000e+07
1.297979797979798011e+00 3.090288800000000000e+07
1.308080808080808177e+00 2.731601800000000000e+07
1.318181818181818343e+00 2.402456400000000000e+07
1.328282828282828287e+00 2.166068600000000000e+07
1.338383838383838453e+00 1.969464600000000000e+07
1.348484848484848619e+00 1.831139400000000000e+07
1.358585858585858563e+00 1.598825900000000000e+07
1.368686868686868729e+00 1.402203400000000000e+07
1.378787878787878896e+00 1.188275200000000000e+07
1.388888888888888840e+00 9.980355000000000000e+06
1.398989898989899228e+00 8.436089000000000000e+06
1.409090909090909172e+00 7.369217000000000000e+06
1.419191919191919116e+00 6.800339500000000000e+06
1.429292929292929504e+00 6.406127500000000000e+06
1.439393939393939448e+00 6.145802000000000000e+06
1.449494949494949614e+00 5.256745000000000000e+06
1.459595959595959780e+00 4.187909250000000000e+06
1.469696969696969724e+00 3.161794250000000000e+06
1.479797979797979890e+00 2.924598750000000000e+06
1.489898989898990056e+00 2.929280500000000000e+06
1.500000000000000000e+00 2.680242250000000000e+06
