5.000000000000000000e-01 4.649665234375000000e+04
5.101010101010100550e-01 3.955573046875000000e+04
5.202020202020202211e-01 3.650979296875000000e+04
5.303030303030302761e-01 3.634791015625000000e+04
5.404040404040404422e-01 4.145046875000000000e+04
5.505050505050504972e-01 4.619083593750000000e+04
5.606060606060605522e-01 4.597391406250000000e+04
5.707070707070707183e-01 4.321020703125000000e+04
5.808080808080807733e-01 3.964270703125000000e+04
5.909090909090909394e-01 4.426555468750000000e+04
6.010101010101009944e-01 4.570402734375000000e+04
6.111111111111111605e-01 5.223137500000000000e+04
6.212121212121212155e-01 5.408388671875000000e+04
6.313131313131312705e-01 5.263375390625000000e+04
6.414141414141414366e-01 5.185870312500000000e+04
6.515151515151514916e-01 4.959982421875000000e+04
6.616161616161616577e-01 5.431543750000000000e+04
6.717171717171717127e-01 5.476277734375000000e+04
6.818181818181818787e-01 6.077550390625000000e+04
6.919191919191919338e-01 6.103908984375000000e+04
7.020202020202019888e-01 5.919160156250000000e+04
7.121212121212121549e-01 6.031726953125000000e+04
7.222222222222222099e-01 6.352966015625000000e+04
7.323232323232323759e-01 6.556002343750000000e+04
7.424242424242424310e-01 7.311439062500000000e+04
7.525252525252525970e-01 7.790235156250000000e+04
7.626262626262626521e-01 7.457900781250000000e+04
7.727272727272727071e-01 8.084601562500000000e+04
7.828282828282828731e-01 7.864179687500000000e+04
7.929292929292929282e-01 8.174842968750000000e+04
8.030303030303029832e-01 9.655394531250000000e+04
8.131313131313131493e-01 1.001548125000000000e+05
8.232323232323233153e-01 1.062406562500000000e+05
8.333333333333333703e-01 1.221085156250000000e+05
8.434343434343434254e-01 1.307685859375000000e+05
8.535353535353535914e-01 1.413983437500000000e+05
8.636363636363636465e-01 1.560034531250000000e+05
8.737373737373737015e-01 1.692771875000000000e+05
8.838383838383838675e-01 1.959258750000000000e+05
8.939393939393940336e-01 2.085771250000000000e+05
9.040404040404040886e-01 2.161807812500000000e+05
9.141414141414141437e-01 2.280700312500000000e+05
9.242424242424243097e-01 2.275155000000000000e+05
9.343434343434343647e-01 1.952066250000000000e+05
9.444444444444444198e-01 1.703702968750000000e+05
9.545454545454545858e-01 1.533087031250000000e+05
9.646464646464647519e-01 1.309286640625000000e+05
9.747474747474748069e-01 1.232864687500000000e+05
9.848484848484848619e-01 1.032373828125000000e+05
9.949494949494950280e-01 9.637682031250000000e+04
1.005050505050505194e+00 8.333321875000000000e+04
1.015151515151515138e+00 7.517101562500000000e+04
1.025252525252525304e+00 6.158942968750000000e+04
1.035353535353535470e+00 5.802628906250000000e+04
1.045454545454545414e+00 4.800585156250000000e+04
1.055555555555555580e+00 4.392322265625000000e+04
1.065656565656565746e+00 3.825523046875000000e+04
1.075757575757575690e+00 3.594902734375000000e+04
1.085858585858585856e+00 3.301507421875000000e+04
1.095959595959596022e+00 2.992083789062500000e+04
1.106060606060605966e+00 2.803241210937500000e+04
1.116161616161616355e+00 2.617981835937500000e+04
1.126262626262626299e+00 2.433935937500000000e+04
1.136363636363636465e+00 2.005725585937500000e+04
1.146464646464646631e+00 2.091351171875000000e+04
1.156565656565656575e+00 1.888179492187500000e+04
1.166666666666666741e+00 1.700798046875000000e+04
1.176767676767676907e+00 1.627003222656250000e+04
1.186868686868686851e+00 1.513855078125000000e+04
1.196969696969697017e+00 1.465094335937500000e+04
1.207070707070707183e+00 1.289594824218750000e+04
1.217171717171717127e+00 1.157120019531250000e+04
1.227272727272727293e+00 1.160698925781250000e+04
1.237373737373737459e+00 9.879464843750000000e+03
1.247474747474747403e+00 8.832259765625000000e+03
1.257575757575757791e+00 8.294578125000000000e+03
1.267676767676767735e+00 7.641565429687500000e+03
1.277777777777777679e+00 6.067216796875000000e+03
1.287878787878788067e+00 5.911729980468750000e+03
1.297979797979798011e+00 5.299101074218750000e+03
1.308080808080808177e+00 5.104236328125000000e+03
1.318181818181818343e+00 5.122737792968750000e+03
1.328282828282828287e+00 5.250216308593750000e+03
1.338383838383838453e+00 4.942944824218750000e+03
1.348484848484848619e+00 4.427233398437500000e+03
1.358585858585858563e+00 4.232310546875000000e+03
1.368686868686868729e+00 3.886827148437500000e+03
1.378787878787878896e+00 3.502379150390625000e+03
1.388888888888888840e+00 2.616801513671875000e+03
1.398989898989899228e+00 2.127057128906250000e+03
1.409090909090909172e+00 1.943227172851562500e+03
1.419191919191919116e+00 1.904280517578125000e+03
1.429292929292929504e+00 2.085671142578125000e+03
1.439393939393939448e+00 2.021913330078125000e+03
1.449494949494949614e+00 1.761237915039062500e+03
1.459595959595959780e+00 1.313498291015625000e+03
1.469696969696969724e+00 9.203244018554687500e+02
1.479797979797979890e+00 9.052622070312500000e+02
1.489898989898990056e+00 1.039870239257812500e+03
1.500000000000000000e+00 1.053383300781250000e+03
