5.000000000000000000e-01 7.158108773518216537e+31
5.101010101010100550e-01 5.469821622191305986e+31
5.202020202020202211e-01 3.800013143802368964e+31
5.303030303030302761e-01 4.730528182863027498e+31
5.404040404040404422e-01 6.575605275868709920e+31
5.505050505050504972e-01 7.577209988825987108e+31
5.606060606060605522e-01 7.118308034114535870e+31
5.707070707070707183e-01 5.651442900204962339e+31
5.808080808080807733e-01 4.035742072939353353e+31
5.909090909090909394e-01 4.383176714949385169e+31
6.010101010101009944e-01 6.297777681130121377e+31
6.111111111111111605e-01 7.398296221077939678e+31
6.212121212121212155e-01 7.275098942933963432e+31
6.313131313131312705e-01 5.981429357645660135e+31
6.414141414141414366e-01 4.502674680085340650e+31
6.515151515151514916e-01 4.199943213462690746e+31
6.616161616161616577e-01 5.411693083791939694e+31
6.717171717171717127e-01 6.881005567130741080e+31
6.818181818181818787e-01 7.219970958418880650e+31
6.919191919191919338e-01 6.811969616416483758e+31
7.020202020202019888e-01 5.444719970043155671e+31
7.121212121212121549e-01 4.261731412103194443e+31
7.222222222222222099e-01 4.336293120953746312e+31
7.323232323232323759e-01 5.372210533663981597e+31
7.424242424242424310e-01 6.557421580830722360e+31
7.525252525252525970e-01 7.003006975853954535e+31
7.626262626262626521e-01 6.811612257944205674e+31
7.727272727272727071e-01 5.630938551163642537e+31
7.828282828282828731e-01 4.618404181656393409e+31
7.929292929292929282e-01 4.101355312873117736e+31
8.030303030303029832e-01 4.430620766954997368e+31
8.131313131313131493e-01 5.865727419583294590e+31
8.232323232323233153e-01 6.502642734092344283e+31
8.333333333333333703e-01 6.818474120896338309e+31
8.434343434343434254e-01 6.724841365456201742e+31
8.535353535353535914e-01 5.798094789960445929e+31
8.636363636363636465e-01 4.867027997155715278e+31
8.737373737373737015e-01 4.165772683386119329e+31
8.838383838383838675e-01 3.979695546586527375e+31
8.939393939393940336e-01 4.561562907469752775e+31
9.040404040404040886e-01 5.294715003634388946e+31
9.141414141414141437e-01 5.938917722984075623e+31
9.242424242424243097e-01 6.017267238212644048e+31
9.343434343434343647e-01 6.436104907691738630e+31
9.444444444444444198e-01 5.886569300713450797e+31
9.545454545454545858e-01 5.251064560850727453e+31
9.646464646464647519e-01 4.820787551696111404e+31
9.747474747474748069e-01 4.120161362923042908e+31
9.848484848484848619e-01 3.998582111096038881e+31
9.949494949494950280e-01 3.983517444672657064e+31
1.005050505050505194e+00 4.343872602272402191e+31
1.015151515151515138e+00 4.775960582304800954e+31
1.025252525252525304e+00 4.943905040735993085e+31
1.035353535353535470e+00 5.207734725194427760e+31
1.045454545454545414e+00 5.435197019576887314e+31
1.055555555555555580e+00 5.572825003444439466e+31
1.065656565656565746e+00 5.298295358341759632e+31
1.075757575757575690e+00 5.297578707115892079e+31
1.085858585858585856e+00 5.085327600966151635e+31
1.095959595959596022e+00 4.894503979613588724e+31
1.106060606060605966e+00 4.625722051427684682e+31
1.116161616161616355e+00 4.534199113327939566e+31
1.126262626262626299e+00 4.358307176558600863e+31
1.136363636363636465e+00 4.046365629471798868e+31
1.146464646464646631e+00 3.980435409188131528e+31
1.156565656565656575e+00 3.679377821255320040e+31
1.166666666666666741e+00 3.586072926497462960e+31
1.176767676767676907e+00 3.580060454826191563e+31
1.186868686868686851e+00 3.532427085037227713e+31
1.196969696969697017e+00 3.413835330695655358e+31
1.207070707070707183e+00 3.233341255116207685e+31
1.217171717171717127e+00 3.257145729859911502e+31
1.227272727272727293e+00 3.224116183971892372e+31
1.237373737373737459e+00 3.243216970136639590e+31
1.247474747474747403e+00 3.228921422319696600e+31
1.257575757575757791e+00 3.212239454934834332e+31
1.267676767676767735e+00 3.268553637464122989e+31
1.277777777777777679e+00 3.130359634527827267e+31
1.287878787878788067e+00 3.236081164593782280e+31
1.297979797979798011e+00 3.199712082021659699e+31
1.308080808080808177e+00 3.176235951530563215e+31
1.318181818181818343e+00 3.038865468862588979e+31
1.328282828282828287e+00 3.044127439385043614e+31
1.338383838383838453e+00 2.772917988153353397e+31
1.348484848484848619e+00 2.550450975257541490e+31
1.358585858585858563e+00 2.350869169912198437e+31
1.368686868686868729e+00 2.146544265006179347e+31
1.378787878787878896e+00 1.920696007485487284e+31
1.388888888888888840e+00 1.818647556737267399e+31
1.398989898989899228e+00 1.799027536932995698e+31
1.409090909090909172e+00 1.809333508652628450e+31
1.419191919191919116e+00 1.789788563141754817e+31
1.429292929292929504e+00 1.646003882752651243e+31
1.439393939393939448e+00 1.536239462960740987e+31
1.449494949494949614e+00 1.233106270288233142e+31
1.459595959595959780e+00 1.071955370500365419e+31
1.469696969696969724e+00 1.049197100160956102e+31
1.479797979797979890e+00 1.075255496202749434e+31
1.489898989898990056e+00 9.530824200131507015e+30
1.500000000000000000e+00 8.152092055430897219e+30
