5.000000000000000000e-01 6.820372072979807854e-04
5.101010101010100550e-01 3.297336807008832693e-04
5.202020202020202211e-01 6.844991003163158894e-04
5.303030303030302761e-01 3.297564690001308918e-04
5.404040404040404422e-01 5.549909838009625673e-05
5.505050505050504972e-01 1.013772794976830482e-03
5.606060606060605522e-01 5.257393931970000267e-04
5.707070707070707183e-01 1.556057482957839966e-03
5.808080808080807733e-01 8.395296172238886356e-04
5.909090909090909394e-01 1.153666758909821510e-03
6.010101010101009944e-01 2.017267746850848198e-03
6.111111111111111605e-01 1.172077027149498463e-03
6.212121212121212155e-01 2.130270702764391899e-03
6.313131313131312705e-01 3.150812350213527679e-03
6.414141414141414366e-01 3.904094221070408821e-03
6.515151515151514916e-01 5.984140094369649887e-03
6.616161616161616577e-01 8.047414943575859070e-03
6.717171717171717127e-01 8.309634402394294739e-03
6.818181818181818787e-01 1.517090946435928345e-02
6.919191919191919338e-01 2.475684322416782379e-02
7.020202020202019888e-01 3.521525487303733826e-02
7.121212121212121549e-01 6.612684577703475952e-02
7.222222222222222099e-01 1.231204345822334290e-01
7.323232323232323759e-01 2.319045662879943848e-01
7.424242424242424310e-01 3.894076943397521973e-01
7.525252525252525970e-01 4.162953794002532959e-01
7.626262626262626521e-01 3.444509208202362061e-01
7.727272727272727071e-01 2.075689136981964111e-01
7.828282828282828731e-01 1.230762377381324768e-01
7.929292929292929282e-01 7.819783687591552734e-02
8.030303030303029832e-01 5.836244672536849976e-02
8.131313131313131493e-01 4.102382808923721313e-02
8.232323232323233153e-01 3.628643229603767395e-02
8.333333333333333703e-01 1.423941645771265030e-02
8.434343434343434254e-01 2.124704234302043915e-02
8.535353535353535914e-01 1.644311659038066864e-02
8.636363636363636465e-01 1.781947165727615356e-02
8.737373737373737015e-01 1.408108696341514587e-02
8.838383838383838675e-01 1.574707590043544769e-02
8.939393939393940336e-01 1.300800126045942307e-02
9.040404040404040886e-01 1.340489275753498077e-02
9.141414141414141437e-01 1.081604044884443283e-02
9.242424242424243097e-01 7.996236905455589294e-03
9.343434343434343647e-01 5.968938581645488739e-03
9.444444444444444198e-01 7.717151194810867310e-03
9.545454545454545858e-01 6.998392287641763687e-03
9.646464646464647519e-01 9.174563921988010406e-03
9.747474747474748069e-01 6.998883560299873352e-03
9.848484848484848619e-01 8.370390161871910095e-03
9.949494949494950280e-01 6.895816419273614883e-03
1.005050505050505194e+00 6.732530891895294189e-03
1.015151515151515138e+00 4.113576840609312057e-03
1.025252525252525304e+00 3.646506695076823235e-03
1.035353535353535470e+00 4.830345045775175095e-03
1.045454545454545414e+00 4.610525444149971008e-03
1.055555555555555580e+00 4.935931414365768433e-03
1.065656565656565746e+00 2.370463218539953232e-03
1.075757575757575690e+00 4.452094901353120804e-03
1.085858585858585856e+00 2.724925288930535316e-03
1.095959595959596022e+00 4.299835767596960068e-03
1.106060606060605966e+00 3.337152069434523582e-03
1.116161616161616355e+00 3.907950129359960556e-03
1.126262626262626299e+00 2.750084269791841507e-03
1.136363636363636465e+00 2.314040437340736389e-03
1.146464646464646631e+00 8.900277316570281982e-04
1.156565656565656575e+00 2.901835134252905846e-03
1.166666666666666741e+00 1.328673679381608963e-03
1.176767676767676907e+00 2.538003725931048393e-03
1.186868686868686851e+00 1.929400023072957993e-03
1.196969696969697017e+00 8.068580646067857742e-04
1.207070707070707183e+00 7.433003629557788372e-04
1.217171717171717127e+00 2.246679505333304405e-03
1.227272727272727293e+00 5.067916354164481163e-04
1.237373737373737459e+00 1.188133493997156620e-03
1.247474747474747403e+00 1.105162780731916428e-03
1.257575757575757791e+00 1.075159874744713306e-03
1.267676767676767735e+00 1.103271963074803352e-03
1.277777777777777679e+00 7.424980285577476025e-04
1.287878787878788067e+00 6.495638517662882805e-04
1.297979797979798011e+00 1.609720173291862011e-03
1.308080808080808177e+00 1.081285765394568443e-03
1.318181818181818343e+00 5.624511977657675743e-04
1.328282828282828287e+00 6.993386195972561836e-04
1.338383838383838453e+00 3.627680998761206865e-04
1.348484848484848619e+00 7.595646311528980732e-04
1.358585858585858563e+00 8.118475088849663734e-04
1.368686868686868729e+00 5.239589954726397991e-04
1.378787878787878896e+00 3.579774347599595785e-04
1.388888888888888840e+00 6.765509024262428284e-04
1.398989898989899228e+00 1.828913955250754952e-04
1.409090909090909172e+00 2.545509487390518188e-04
1.419191919191919116e+00 4.101946251466870308e-04
1.429292929292929504e+00 3.524166240822523832e-04
1.439393939393939448e+00 2.174516266677528620e-04
1.449494949494949614e+00 3.511286049615591764e-04
1.459595959595959780e+00 1.580294774612411857e-04
1.469696969696969724e+00 1.409704418620094657e-04
1.479797979797979890e+00 2.921409904956817627e-04
1.489898989898990056e+00 1.654283405514433980e-04
1.500000000000000000e+00 1.996252976823598146e-04
