5.000000000000000000e-01 2.052218724944261327e+26
5.101010101010100550e-01 1.594016175081134295e+26
5.202020202020202211e-01 1.102383421036706760e+26
5.303030303030302761e-01 1.294326497043393441e+26
5.404040404040404422e-01 1.816375995157240287e+26
5.505050505050504972e-01 2.099779596254625190e+26
5.606060606060605522e-01 2.017070667721096621e+26
5.707070707070707183e-01 1.573320035035076601e+26
5.808080808080807733e-01 1.136837603981538881e+26
5.909090909090909394e-01 1.217982525318777985e+26
6.010101010101009944e-01 1.685391752915373085e+26
6.111111111111111605e-01 2.012514690869771836e+26
6.212121212121212155e-01 2.049945532672058099e+26
6.313131313131312705e-01 1.750811655033258113e+26
6.414141414141414366e-01 1.262763103362352344e+26
6.515151515151514916e-01 1.083676762338998641e+26
6.616161616161616577e-01 1.485457086207353584e+26
6.717171717171717127e-01 1.912045790544397923e+26
6.818181818181818787e-01 2.079298545244466949e+26
6.919191919191919338e-01 1.989161112872455544e+26
7.020202020202019888e-01 1.575322613571718510e+26
7.121212121212121549e-01 1.188684299576268052e+26
7.222222222222222099e-01 1.099391359147951071e+26
7.323232323232323759e-01 1.521910619508614714e+26
7.424242424242424310e-01 1.865108603651166180e+26
7.525252525252525970e-01 2.037683612951381886e+26
7.626262626262626521e-01 1.886709740961480065e+26
7.727272727272727071e-01 1.676761997102810283e+26
7.828282828282828731e-01 1.286127380471231388e+26
7.929292929292929282e-01 1.086237908286192475e+26
8.030303030303029832e-01 1.230313804797171346e+26
8.131313131313131493e-01 1.577588242678851517e+26
8.232323232323233153e-01 1.772588036412272239e+26
8.333333333333333703e-01 1.944573303304451450e+26
8.434343434343434254e-01 1.922609503005648435e+26
8.535353535353535914e-01 1.675105295017550428e+26
8.636363636363636465e-01 1.338644615213039901e+26
8.737373737373737015e-01 1.147496224941048628e+26
8.838383838383838675e-01 1.063597758115926900e+26
8.939393939393940336e-01 1.241226252955135337e+26
9.040404040404040886e-01 1.470038282939623087e+26
9.141414141414141437e-01 1.564563919025608888e+26
9.242424242424243097e-01 1.736473000864763679e+26
9.343434343434343647e-01 1.757517968841255221e+26
9.444444444444444198e-01 1.702834625176591363e+26
9.545454545454545858e-01 1.528995460505004342e+26
9.646464646464647519e-01 1.344936430681700755e+26
9.747474747474748069e-01 1.187805404454876161e+26
9.848484848484848619e-01 1.059979890434470614e+26
9.949494949494950280e-01 1.029057428876270555e+26
1.005050505050505194e+00 1.080727220195332852e+26
1.015151515151515138e+00 1.236230044556491473e+26
1.025252525252525304e+00 1.343606604901427034e+26
1.035353535353535470e+00 1.430818937065670315e+26
1.045454545454545414e+00 1.472792474063548291e+26
1.055555555555555580e+00 1.521275959278758737e+26
1.065656565656565746e+00 1.499594763099164953e+26
1.075757575757575690e+00 1.486132052573010616e+26
1.085858585858585856e+00 1.455326082203636034e+26
1.095959595959596022e+00 1.396353962775555074e+26
1.106060606060605966e+00 1.316647057372581998e+26
1.116161616161616355e+00 1.258186927326266847e+26
1.126262626262626299e+00 1.224420900169104461e+26
1.136363636363636465e+00 1.168262093679704945e+26
1.146464646464646631e+00 1.098206709243537443e+26
1.156565656565656575e+00 1.050588653026545081e+26
1.166666666666666741e+00 1.033524307953719323e+26
1.176767676767676907e+00 9.479514301690269787e+25
1.186868686868686851e+00 9.536853238631784872e+25
1.196969696969697017e+00 9.536010222427616345e+25
1.207070707070707183e+00 9.310721059392605277e+25
1.217171717171717127e+00 9.107487745909325034e+25
1.227272727272727293e+00 9.100305506104226220e+25
1.237373737373737459e+00 8.852613694728898587e+25
1.247474747474747403e+00 8.809202971900237899e+25
1.257575757575757791e+00 9.145351532795021259e+25
1.267676767676767735e+00 9.099323216982301186e+25
1.277777777777777679e+00 9.580809985085027362e+25
1.287878787878788067e+00 9.219285160705245457e+25
1.297979797979798011e+00 8.991529667987579421e+25
1.308080808080808177e+00 8.977666017478983008e+25
1.318181818181818343e+00 8.934971950657585936e+25
1.328282828282828287e+00 8.342095440802968318e+25
1.338383838383838453e+00 7.867871155842061593e+25
1.348484848484848619e+00 7.252125756190664401e+25
1.358585858585858563e+00 6.510537129637022490e+25
1.368686868686868729e+00 5.915664220905027656e+25
1.378787878787878896e+00 5.511712346324315625e+25
1.388888888888888840e+00 5.319675284156573394e+25
1.398989898989899228e+00 5.885771272133581328e+25
1.409090909090909172e+00 5.781685057529073340e+25
1.419191919191919116e+00 5.786519487982190771e+25
1.429292929292929504e+00 5.169577816977613515e+25
1.439393939393939448e+00 4.741040583064063236e+25
1.449494949494949614e+00 4.040717323003309592e+25
1.459595959595959780e+00 3.693700401668898406e+25
1.469696969696969724e+00 3.737913096696163617e+25
1.479797979797979890e+00 3.597308785186136515e+25
1.489898989898990056e+00 3.580744300760848102e+25
1.500000000000000000e+00 2.901729797116840047e+25
