5.000000000000000000e-01 7.954826611025510400e+16
5.101010101010100550e-01 7.223251087602483200e+16
5.202020202020202211e-01 6.775426873556992000e+16
5.303030303030302761e-01 7.141990306362163200e+16
5.404040404040404422e-01 8.351837066992025600e+16
5.505050505050504972e-01 8.906394654316953600e+16
5.606060606060605522e-01 8.708763452178432000e+16
5.707070707070707183e-01 8.061317748149452800e+16
5.808080808080807733e-01 7.471171202816409600e+16
5.909090909090909394e-01 8.069345901019136000e+16
6.010101010101009944e-01 8.719841890821734400e+16
6.111111111111111605e-01 9.684767282403737600e+16
6.212121212121212155e-01 9.714851810325299200e+16
6.313131313131312705e-01 9.060047968324812800e+16
6.414141414141414366e-01 8.791839286598041600e+16
6.515151515151514916e-01 8.551650112516915200e+16
6.616161616161616577e-01 9.711320488214528000e+16
6.717171717171717127e-01 1.057869342860902400e+17
6.818181818181818787e-01 1.084535506311577600e+17
6.919191919191919338e-01 1.044143658175037440e+17
7.020202020202019888e-01 1.007104891006484480e+17
7.121212121212121549e-01 1.000918849610055680e+17
7.222222222222222099e-01 1.053826404245831680e+17
7.323232323232323759e-01 1.114253072227368960e+17
7.424242424242424310e-01 1.208322047239782400e+17
7.525252525252525970e-01 1.243870117159239680e+17
7.626262626262626521e-01 1.189562489084313600e+17
7.727272727272727071e-01 1.143655129845596160e+17
7.828282828282828731e-01 1.149057855106580480e+17
7.929292929292929282e-01 1.182703769909985280e+17
8.030303030303029832e-01 1.262029152987381760e+17
8.131313131313131493e-01 1.331295379060162560e+17
8.232323232323233153e-01 1.350102439553925120e+17
8.333333333333333703e-01 1.361939283522355200e+17
8.434343434343434254e-01 1.352625646940979200e+17
8.535353535353535914e-01 1.283766411969167360e+17
8.636363636363636465e-01 1.308912844191825920e+17
8.737373737373737015e-01 1.261411622589562880e+17
8.838383838383838675e-01 1.340540553862840320e+17
8.939393939393940336e-01 1.369834120607170560e+17
9.040404040404040886e-01 1.336152042179133440e+17
9.141414141414141437e-01 1.298066935077928960e+17
9.242424242424243097e-01 1.282900632461639680e+17
9.343434343434343647e-01 1.186758476735447040e+17
9.444444444444444198e-01 1.087324486274908160e+17
9.545454545454545858e-01 1.047950373588828160e+17
9.646464646464647519e-01 9.757686378161766400e+16
9.747474747474748069e-01 9.536206081622016000e+16
9.848484848484848619e-01 9.304621445021696000e+16
9.949494949494950280e-01 9.024573256446771200e+16
1.005050505050505194e+00 8.661847806417305600e+16
1.015151515151515138e+00 8.127964473668403200e+16
1.025252525252525304e+00 7.605824440500224000e+16
1.035353535353535470e+00 7.211296475630796800e+16
1.045454545454545414e+00 6.514102165412249600e+16
1.055555555555555580e+00 5.976932753185177600e+16
1.065656565656565746e+00 5.483035136465305600e+16
1.075757575757575690e+00 5.104185090716467200e+16
1.085858585858585856e+00 4.625900539111014400e+16
1.095959595959596022e+00 4.326805888565248000e+16
1.106060606060605966e+00 3.903964640287129600e+16
1.116161616161616355e+00 3.687146960243916800e+16
1.126262626262626299e+00 3.527347762783846400e+16
1.136363636363636465e+00 3.169000172919193600e+16
1.146464646464646631e+00 3.117758636097536000e+16
1.156565656565656575e+00 2.937857058956902400e+16
1.166666666666666741e+00 2.775257113323110400e+16
1.176767676767676907e+00 2.573704606043340800e+16
1.186868686868686851e+00 2.425496666321715200e+16
1.196969696969697017e+00 2.233243622231244800e+16
1.207070707070707183e+00 2.069413383215513600e+16
1.217171717171717127e+00 1.898146837823488000e+16
1.227272727272727293e+00 1.767048437196390400e+16
1.237373737373737459e+00 1.612209819589017600e+16
1.247474747474747403e+00 1.511341761023180800e+16
1.257575757575757791e+00 1.355419308418662400e+16
1.267676767676767735e+00 1.198103138926592000e+16
1.277777777777777679e+00 1.122021014503424000e+16
1.287878787878788067e+00 1.008918526846566400e+16
1.297979797979798011e+00 9.324423391739904000e+15
1.308080808080808177e+00 9.064977302290432000e+15
1.318181818181818343e+00 8.892205263486976000e+15
1.328282828282828287e+00 8.673555994640384000e+15
1.338383838383838453e+00 8.620997406097408000e+15
1.348484848484848619e+00 8.487480294637568000e+15
1.358585858585858563e+00 7.772790220390400000e+15
1.368686868686868729e+00 7.126989810958336000e+15
1.378787878787878896e+00 5.883075477110784000e+15
1.388888888888888840e+00 4.823308402950144000e+15
1.398989898989899228e+00 3.827651500310528000e+15
1.409090909090909172e+00 3.402300756328448000e+15
1.419191919191919116e+00 3.536157707075584000e+15
1.429292929292929504e+00 3.648464390979584000e+15
1.439393939393939448e+00 3.620394900652032000e+15
1.449494949494949614e+00 3.189644040601600000e+15
1.459595959595959780e+00 2.306729492611072000e+15
1.469696969696969724e+00 1.704872772632576000e+15
1.479797979797979890e+00 1.659474297225216000e+15
1.489898989898990056e+00 1.909896257732608000e+15
1.500000000000000000e+00 1.811267568271360000e+15
