5.000000000000000000e-01 1.822520425776019692e-04
5.101010101010100550e-01 6.447615451179444790e-04
5.202020202020202211e-01 9.475827100686728954e-04
5.303030303030302761e-01 1.041914219968020916e-03
5.404040404040404422e-01 8.204155019484460354e-04
5.505050505050504972e-01 3.927871002815663815e-04
5.606060606060605522e-01 1.922339142765849829e-04
5.707070707070707183e-01 7.602941477671265602e-04
5.808080808080807733e-01 1.195548102259635925e-03
5.909090909090909394e-01 1.354916254058480263e-03
6.010101010101009944e-01 1.200186554342508316e-03
6.111111111111111605e-01 7.688269251957535744e-04
6.212121212121212155e-01 8.141395665006712079e-05
6.313131313131312705e-01 7.256738608703017235e-04
6.414141414141414366e-01 1.492791925556957722e-03
6.515151515151514916e-01 2.047756919637322426e-03
6.616161616161616577e-01 2.258310792967677116e-03
6.717171717171717127e-01 2.041646977886557579e-03
6.818181818181818787e-01 1.432685065083205700e-03
6.919191919191919338e-01 4.506059922277927399e-04
7.020202020202019888e-01 8.205124759115278721e-04
7.121212121212121549e-01 1.816168660297989845e-03
7.222222222222222099e-01 1.593273505568504333e-02
7.323232323232323759e-01 1.381129920482635498e-01
7.424242424242424310e-01 6.146649718284606934e-01
7.525252525252525970e-01 9.065930247306823730e-01
7.626262626262626521e-01 5.083272457122802734e-01
7.727272727272727071e-01 9.306914359331130981e-02
7.828282828282828731e-01 1.150967646390199661e-02
7.929292929292929282e-01 3.245864761993288994e-03
8.030303030303029832e-01 2.459497191011905670e-03
8.131313131313131493e-01 1.441382803022861481e-03
8.232323232323233153e-01 5.687886732630431652e-04
8.333333333333333703e-01 1.518720237072557211e-04
8.434343434343434254e-01 6.745483842678368092e-04
8.535353535353535914e-01 1.061895047314465046e-03
8.636363636363636465e-01 1.265976577997207642e-03
8.737373737373737015e-01 1.309999730437994003e-03
8.838383838383838675e-01 1.205572043545544147e-03
8.939393939393940336e-01 1.029610866680741310e-03
9.040404040404040886e-01 7.851254777051508427e-04
9.141414141414141437e-01 5.257393931970000267e-04
9.242424242424243097e-01 2.545351744629442692e-04
9.343434343434343647e-01 5.591206445387797430e-06
9.444444444444444198e-01 1.983647525776177645e-04
9.545454545454545858e-01 3.384093579370528460e-04
9.646464646464647519e-01 4.477013426367193460e-04
9.747474747474748069e-01 5.218905862420797348e-04
9.848484848484848619e-01 5.337376496754586697e-04
9.949494949494950280e-01 5.396133055910468102e-04
1.005050505050505194e+00 5.148395430296659470e-04
1.015151515151515138e+00 3.392875078134238720e-04
1.025252525252525304e+00 3.256289288401603699e-03
1.035353535353535470e+00 2.115144021809101105e-02
1.045454545454545414e+00 5.827353149652481079e-02
1.055555555555555580e+00 6.876966357231140137e-02
1.065656565656565746e+00 2.491655200719833374e-02
1.075757575757575690e+00 2.601533662527799606e-03
1.085858585858585856e+00 7.794497651048004627e-05
1.095959595959596022e+00 9.149379184236750007e-05
1.106060606060605966e+00 1.093209066311828792e-04
1.116161616161616355e+00 1.237182732438668609e-04
1.126262626262626299e+00 1.330859959125518799e-04
1.136363636363636465e+00 1.369047968182712793e-04
1.146464646464646631e+00 1.396297884639352560e-04
1.156565656565656575e+00 1.389331882819533348e-04
1.166666666666666741e+00 1.369814708596095443e-04
1.176767676767676907e+00 1.313427201239392161e-04
1.186868686868686851e+00 1.237679098267108202e-04
1.196969696969697017e+00 1.177308440674096346e-04
1.207070707070707183e+00 1.099533328670077026e-04
1.217171717171717127e+00 1.017507020151242614e-04
1.227272727272727293e+00 9.370027692057192326e-05
1.237373737373737459e+00 8.128276385832577944e-05
1.247474747474747403e+00 7.055271998979151249e-05
1.257575757575757791e+00 5.943140422459691763e-05
1.267676767676767735e+00 4.766894198837690055e-05
1.277777777777777679e+00 3.494675911497324705e-05
1.287878787878788067e+00 2.078993566101416945e-05
1.297979797979798011e+00 7.755099431960843503e-06
1.308080808080808177e+00 5.319303454598411918e-06
1.318181818181818343e+00 1.751764102664310485e-05
1.328282828282828287e+00 2.824430339387618005e-05
1.338383838383838453e+00 3.672546517918817699e-05
1.348484848484848619e+00 4.426092709763906896e-05
1.358585858585858563e+00 4.706421532318927348e-05
1.368686868686868729e+00 4.534257823252119124e-05
1.378787878787878896e+00 3.786538582062348723e-05
1.388888888888888840e+00 2.810387013596482575e-05
1.398989898989899228e+00 1.573722147441003472e-05
1.409090909090909172e+00 2.598842229417641647e-06
1.419191919191919116e+00 9.406822755408938974e-06
1.429292929292929504e+00 1.761894600349478424e-05
1.439393939393939448e+00 2.168948412872850895e-05
1.449494949494949614e+00 2.105507701344322413e-05
1.459595959595959780e+00 1.414277721778489649e-05
1.469696969696969724e+00 5.007271283830050379e-06
1.479797979797979890e+00 4.188864750176435336e-06
1.489898989898990056e+00 1.005620470095891505e-05
1.500000000000000000e+00 1.149292347690789029e-05
