5.000000000000000000e-01 5.191584350541234016e-04
5.101010101010100550e-01 4.736972041428089142e-04
5.202020202020202211e-01 2.952356298919767141e-04
5.303030303030302761e-01 2.823075374180916697e-05
5.404040404040404422e-01 2.376079064561054111e-04
5.505050505050504972e-01 4.491620056796818972e-04
5.606060606060605522e-01 5.445814458653330803e-04
5.707070707070707183e-01 5.042558768764138222e-04
5.808080808080807733e-01 3.397425170987844467e-04
5.909090909090909394e-01 8.165000326698645949e-05
6.010101010101009944e-01 1.967974530998617411e-04
6.111111111111111605e-01 4.269770288374274969e-04
6.212121212121212155e-01 5.624952027574181557e-04
6.313131313131312705e-01 5.707763484679162502e-04
6.414141414141414366e-01 4.609440802596509457e-04
6.515151515151514916e-01 2.278283063787966967e-04
6.616161616161616577e-01 2.854391277651302516e-05
6.717171717171717127e-01 3.060520975850522518e-04
6.818181818181818787e-01 5.190793890506029129e-04
6.919191919191919338e-01 6.243832758627831936e-04
7.020202020202019888e-01 6.145341321825981140e-04
7.121212121212121549e-01 4.747468919958919287e-04
7.222222222222222099e-01 2.600887673906981945e-04
7.323232323232323759e-01 3.544357241480611265e-05
7.424242424242424310e-01 2.966971078421920538e-04
7.525252525252525970e-01 5.309340194799005985e-04
7.626262626262626521e-01 6.809238693676888943e-04
7.727272727272727071e-01 7.347507635131478310e-04
7.828282828282828731e-01 6.554147112183272839e-04
7.929292929292929282e-01 4.948067944496870041e-04
8.030303030303029832e-01 2.482359413988888264e-04
8.131313131313131493e-01 1.825607068894896656e-05
8.232323232323233153e-01 3.206170513294637203e-04
8.333333333333333703e-01 5.832628230564296246e-04
8.434343434343434254e-01 7.904944941401481628e-04
8.535353535353535914e-01 9.314682101830840111e-04
8.636363636363636465e-01 9.930725209414958954e-04
8.737373737373737015e-01 9.141658083535730839e-04
8.838383838383838675e-01 8.380066719837486744e-04
8.939393939393940336e-01 6.457620183937251568e-04
9.040404040404040886e-01 3.791200870182365179e-04
9.141414141414141437e-01 1.301556476391851902e-04
9.242424242424243097e-01 9.397537214681506157e-04
9.343434343434343647e-01 1.907873712480068207e-02
9.444444444444444198e-01 1.324970871210098267e-01
9.545454545454545858e-01 3.473085165023803711e-01
9.646464646464647519e-01 2.921539843082427979e-01
9.747474747474748069e-01 1.048348918557167053e-01
9.848484848484848619e-01 1.234527118504047394e-02
9.949494949494950280e-01 5.920458352193236351e-04
1.005050505050505194e+00 1.901114228530786932e-05
1.015151515151515138e+00 1.249414890480693430e-05
1.025252525252525304e+00 8.705155050847679377e-05
1.035353535353535470e+00 1.855677255662158132e-04
1.045454545454545414e+00 2.884282148443162441e-04
1.055555555555555580e+00 4.083160310983657837e-04
1.065656565656565746e+00 5.965066375210881233e-04
1.075757575757575690e+00 2.097350370604544878e-04
1.085858585858585856e+00 2.132008038461208344e-02
1.095959595959596022e+00 1.729010194540023804e-01
1.106060606060605966e+00 5.222491025924682617e-01
1.116161616161616355e+00 5.680198669433593750e-01
1.126262626262626299e+00 2.208634912967681885e-01
1.136363636363636465e+00 3.418353199958801270e-02
1.146464646464646631e+00 1.364384428597986698e-03
1.156565656565656575e+00 3.715143247973173857e-04
1.166666666666666741e+00 3.331676416564732790e-04
1.176767676767676907e+00 3.153900906909257174e-04
1.186868686868686851e+00 2.943696454167366028e-04
1.196969696969697017e+00 2.753130393102765083e-04
1.207070707070707183e+00 2.587747876532375813e-04
1.217171717171717127e+00 2.456666261423379183e-04
1.227272727272727293e+00 2.341155341127887368e-04
1.237373737373737459e+00 2.223147457698360085e-04
1.247474747474747403e+00 2.143207530025392771e-04
1.257575757575757791e+00 2.024307323154062033e-04
1.267676767676767735e+00 1.920788345159962773e-04
1.277777777777777679e+00 1.791846152627840638e-04
1.287878787878788067e+00 1.648123434279114008e-04
1.297979797979798011e+00 1.445383240934461355e-04
1.308080808080808177e+00 1.238910626852884889e-04
1.318181818181818343e+00 9.973983105737715960e-05
1.328282828282828287e+00 7.795207056915387511e-05
1.338383838383838453e+00 5.193031029193662107e-05
1.348484848484848619e+00 2.368471359659451991e-05
1.358585858585858563e+00 1.129752831730002072e-06
1.368686868686868729e+00 2.273940481245517731e-05
1.378787878787878896e+00 3.774708238779567182e-05
1.388888888888888840e+00 4.639832695829682052e-05
1.398989898989899228e+00 4.798800000571645796e-05
1.409090909090909172e+00 4.283280577510595322e-05
1.419191919191919116e+00 3.111341356998309493e-05
1.429292929292929504e+00 1.397525193169713020e-05
1.439393939393939448e+00 4.052103861340583535e-07
1.449494949494949614e+00 1.330674513155827299e-05
1.459595959595959780e+00 2.017411316046491265e-05
1.469696969696969724e+00 2.035300894931424409e-05
1.479797979797979890e+00 1.421291926817502826e-05
1.489898989898990056e+00 5.085824341222178191e-06
1.500000000000000000e+00 4.565104518405860290e-06
