5.000000000000000000e-01 4.044232000000000000e+06
5.101010101010100550e-01 3.520222250000000000e+06
5.202020202020202211e-01 2.767481000000000000e+06
5.303030303030302761e-01 2.876481000000000000e+06
5.404040404040404422e-01 3.648916750000000000e+06
5.505050505050504972e-01 4.085580750000000000e+06
5.606060606060605522e-01 4.084110000000000000e+06
5.707070707070707183e-01 3.540490250000000000e+06
5.808080808080807733e-01 3.024469500000000000e+06
5.909090909090909394e-01 3.039813750000000000e+06
6.010101010101009944e-01 3.549460750000000000e+06
6.111111111111111605e-01 4.160831000000000000e+06
6.212121212121212155e-01 4.358514500000000000e+06
6.313131313131312705e-01 3.896460500000000000e+06
6.414141414141414366e-01 3.388040750000000000e+06
6.515151515151514916e-01 3.188217250000000000e+06
6.616161616161616577e-01 3.443971000000000000e+06
6.717171717171717127e-01 4.107480500000000000e+06
6.818181818181818787e-01 4.370128500000000000e+06
6.919191919191919338e-01 4.121988500000000000e+06
7.020202020202019888e-01 3.859210250000000000e+06
7.121212121212121549e-01 3.412710750000000000e+06
7.222222222222222099e-01 3.362778000000000000e+06
7.323232323232323759e-01 3.497744500000000000e+06
7.424242424242424310e-01 4.052091000000000000e+06
7.525252525252525970e-01 4.469805000000000000e+06
7.626262626262626521e-01 4.559770500000000000e+06
7.727272727272727071e-01 4.138685500000000000e+06
7.828282828282828731e-01 3.856746500000000000e+06
7.929292929292929282e-01 3.511952750000000000e+06
8.030303030303029832e-01 3.675701250000000000e+06
8.131313131313131493e-01 4.134233750000000000e+06
8.232323232323233153e-01 4.468151500000000000e+06
8.333333333333333703e-01 4.702821000000000000e+06
8.434343434343434254e-01 4.848836000000000000e+06
8.535353535353535914e-01 4.629539500000000000e+06
8.636363636363636465e-01 4.138877000000000000e+06
8.737373737373737015e-01 4.122438500000000000e+06
8.838383838383838675e-01 3.994624000000000000e+06
8.939393939393940336e-01 4.221416000000000000e+06
9.040404040404040886e-01 4.508709000000000000e+06
9.141414141414141437e-01 4.733584000000000000e+06
9.242424242424243097e-01 5.136623000000000000e+06
9.343434343434343647e-01 5.296413000000000000e+06
9.444444444444444198e-01 5.279490000000000000e+06
9.545454545454545858e-01 5.251114500000000000e+06
9.646464646464647519e-01 5.177480000000000000e+06
9.747474747474748069e-01 4.897174500000000000e+06
9.848484848484848619e-01 4.945022500000000000e+06
9.949494949494950280e-01 5.141751500000000000e+06
1.005050505050505194e+00 5.433546500000000000e+06
1.015151515151515138e+00 5.596963000000000000e+06
1.025252525252525304e+00 5.953954500000000000e+06
1.035353535353535470e+00 6.166868500000000000e+06
1.045454545454545414e+00 6.504886000000000000e+06
1.055555555555555580e+00 6.837939000000000000e+06
1.065656565656565746e+00 7.185036000000000000e+06
1.075757575757575690e+00 7.387731000000000000e+06
1.085858585858585856e+00 7.750990500000000000e+06
1.095959595959596022e+00 7.944262000000000000e+06
1.106060606060605966e+00 8.638985000000000000e+06
1.116161616161616355e+00 9.289371000000000000e+06
1.126262626262626299e+00 9.973549000000000000e+06
1.136363636363636465e+00 1.049792900000000000e+07
1.146464646464646631e+00 1.090261100000000000e+07
1.156565656565656575e+00 1.167915000000000000e+07
1.166666666666666741e+00 1.191001600000000000e+07
1.176767676767676907e+00 1.199808800000000000e+07
1.186868686868686851e+00 1.202911400000000000e+07
1.196969696969697017e+00 1.083768400000000000e+07
1.207070707070707183e+00 9.883833000000000000e+06
1.217171717171717127e+00 8.597377000000000000e+06
1.227272727272727293e+00 7.492473500000000000e+06
1.237373737373737459e+00 6.339068000000000000e+06
1.247474747474747403e+00 5.397117500000000000e+06
1.257575757575757791e+00 4.619871000000000000e+06
1.267676767676767735e+00 4.041148500000000000e+06
1.277777777777777679e+00 3.450204750000000000e+06
1.287878787878788067e+00 2.991464500000000000e+06
1.297979797979798011e+00 2.566314000000000000e+06
1.308080808080808177e+00 2.326585250000000000e+06
1.318181818181818343e+00 2.056981750000000000e+06
1.328282828282828287e+00 1.866148750000000000e+06
1.338383838383838453e+00 1.693793250000000000e+06
1.348484848484848619e+00 1.494590875000000000e+06
1.358585858585858563e+00 1.295560875000000000e+06
1.368686868686868729e+00 1.192200500000000000e+06
1.378787878787878896e+00 9.875376875000000000e+05
1.388888888888888840e+00 8.468060625000000000e+05
1.398989898989899228e+00 7.119163125000000000e+05
1.409090909090909172e+00 6.151670625000000000e+05
1.419191919191919116e+00 5.595863750000000000e+05
1.429292929292929504e+00 5.485145000000000000e+05
1.439393939393939448e+00 4.926658750000000000e+05
1.449494949494949614e+00 4.326110625000000000e+05
1.459595959595959780e+00 3.395779062500000000e+05
1.469696969696969724e+00 2.699585312500000000e+05
1.479797979797979890e+00 2.408102656250000000e+05
1.489898989898990056e+00 2.472225000000000000e+05
1.500000000000000000e+00 2.245292500000000000e+05
