5.000000000000000000e-01 7.537350400000000000e+07
5.101010101010100550e-01 7.335350400000000000e+07
5.202020202020202211e-01 7.166059200000000000e+07
5.303030303030302761e-01 7.607104000000000000e+07
5.404040404040404422e-01 8.428516000000000000e+07
5.505050505050504972e-01 8.948622400000000000e+07
5.606060606060605522e-01 9.044992000000000000e+07
5.707070707070707183e-01 9.153376800000000000e+07
5.808080808080807733e-01 9.047113600000000000e+07
5.909090909090909394e-01 9.832082400000000000e+07
6.010101010101009944e-01 1.070555520000000000e+08
6.111111111111111605e-01 1.141958960000000000e+08
6.212121212121212155e-01 1.184707040000000000e+08
6.313131313131312705e-01 1.202855920000000000e+08
6.414141414141414366e-01 1.259963840000000000e+08
6.515151515151514916e-01 1.319530160000000000e+08
6.616161616161616577e-01 1.458235680000000000e+08
6.717171717171717127e-01 1.585444640000000000e+08
6.818181818181818787e-01 1.652380160000000000e+08
6.919191919191919338e-01 1.735487840000000000e+08
7.020202020202019888e-01 1.784061120000000000e+08
7.121212121212121549e-01 1.835513440000000000e+08
7.222222222222222099e-01 1.921295040000000000e+08
7.323232323232323759e-01 1.997611200000000000e+08
7.424242424242424310e-01 2.035871680000000000e+08
7.525252525252525970e-01 1.949038400000000000e+08
7.626262626262626521e-01 1.865967040000000000e+08
7.727272727272727071e-01 1.664122400000000000e+08
7.828282828282828731e-01 1.638367360000000000e+08
7.929292929292929282e-01 1.536216000000000000e+08
8.030303030303029832e-01 1.436510560000000000e+08
8.131313131313131493e-01 1.343427840000000000e+08
8.232323232323233153e-01 1.187442240000000000e+08
8.333333333333333703e-01 1.059749360000000000e+08
8.434343434343434254e-01 9.618258400000000000e+07
8.535353535353535914e-01 8.668728800000000000e+07
8.636363636363636465e-01 8.142595200000000000e+07
8.737373737373737015e-01 7.700027200000000000e+07
8.838383838383838675e-01 7.329991200000000000e+07
8.939393939393940336e-01 6.888705600000000000e+07
9.040404040404040886e-01 6.307401600000000000e+07
9.141414141414141437e-01 5.726824000000000000e+07
9.242424242424243097e-01 5.120187200000000000e+07
9.343434343434343647e-01 4.654134000000000000e+07
9.444444444444444198e-01 4.128420000000000000e+07
9.545454545454545858e-01 4.123008800000000000e+07
9.646464646464647519e-01 3.848036000000000000e+07
9.747474747474748069e-01 3.778656800000000000e+07
9.848484848484848619e-01 3.769361200000000000e+07
9.949494949494950280e-01 3.554239200000000000e+07
1.005050505050505194e+00 3.335748400000000000e+07
1.015151515151515138e+00 3.176595200000000000e+07
1.025252525252525304e+00 2.860017400000000000e+07
1.035353535353535470e+00 2.630536200000000000e+07
1.045454545454545414e+00 2.455671800000000000e+07
1.055555555555555580e+00 2.177533000000000000e+07
1.065656565656565746e+00 1.958370400000000000e+07
1.075757575757575690e+00 1.838050200000000000e+07
1.085858585858585856e+00 1.656655200000000000e+07
1.095959595959596022e+00 1.564348100000000000e+07
1.106060606060605966e+00 1.471946200000000000e+07
1.116161616161616355e+00 1.443307300000000000e+07
1.126262626262626299e+00 1.392911500000000000e+07
1.136363636363636465e+00 1.316134800000000000e+07
1.146464646464646631e+00 1.243080200000000000e+07
1.156565656565656575e+00 1.181276400000000000e+07
1.166666666666666741e+00 1.146460100000000000e+07
1.176767676767676907e+00 1.089275500000000000e+07
1.186868686868686851e+00 1.018519900000000000e+07
1.196969696969697017e+00 9.405444000000000000e+06
1.207070707070707183e+00 8.996316000000000000e+06
1.217171717171717127e+00 8.507339000000000000e+06
1.227272727272727293e+00 7.722896500000000000e+06
1.237373737373737459e+00 6.996793500000000000e+06
1.247474747474747403e+00 6.272382500000000000e+06
1.257575757575757791e+00 5.711011000000000000e+06
1.267676767676767735e+00 5.178545500000000000e+06
1.277777777777777679e+00 4.655344500000000000e+06
1.287878787878788067e+00 4.163941500000000000e+06
1.297979797979798011e+00 3.923549750000000000e+06
1.308080808080808177e+00 3.725974500000000000e+06
1.318181818181818343e+00 3.685582750000000000e+06
1.328282828282828287e+00 3.730099750000000000e+06
1.338383838383838453e+00 3.786124000000000000e+06
1.348484848484848619e+00 3.710828500000000000e+06
1.358585858585858563e+00 3.625923000000000000e+06
1.368686868686868729e+00 3.312653750000000000e+06
1.378787878787878896e+00 2.747382500000000000e+06
1.388888888888888840e+00 2.249488750000000000e+06
1.398989898989899228e+00 1.734528750000000000e+06
1.409090909090909172e+00 1.433818375000000000e+06
1.419191919191919116e+00 1.508677500000000000e+06
1.429292929292929504e+00 1.689019375000000000e+06
1.439393939393939448e+00 1.723398375000000000e+06
1.449494949494949614e+00 1.507673375000000000e+06
1.459595959595959780e+00 1.124690875000000000e+06
1.469696969696969724e+00 7.342496250000000000e+05
1.479797979797979890e+00 7.422533125000000000e+05
1.489898989898990056e+00 9.123564375000000000e+05
1.500000000000000000e+00 8.735771875000000000e+05
