5.000000000000000000e-01 1.256784875000000000e+06
5.101010101010100550e-01 1.113269000000000000e+06
5.202020202020202211e-01 1.009822500000000000e+06
5.303030303030302761e-01 9.985710625000000000e+05
5.404040404040404422e-01 1.183933000000000000e+06
5.505050505050504972e-01 1.352287000000000000e+06
5.606060606060605522e-01 1.302393625000000000e+06
5.707070707070707183e-01 1.174857125000000000e+06
5.808080808080807733e-01 1.091427125000000000e+06
5.909090909090909394e-01 1.125600500000000000e+06
6.010101010101009944e-01 1.265181625000000000e+06
6.111111111111111605e-01 1.442732500000000000e+06
6.212121212121212155e-01 1.448237750000000000e+06
6.313131313131312705e-01 1.343533750000000000e+06
6.414141414141414366e-01 1.228011000000000000e+06
6.515151515151514916e-01 1.203556500000000000e+06
6.616161616161616577e-01 1.290388000000000000e+06
6.717171717171717127e-01 1.455034750000000000e+06
6.818181818181818787e-01 1.575707875000000000e+06
6.919191919191919338e-01 1.529037750000000000e+06
7.020202020202019888e-01 1.512520625000000000e+06
7.121212121212121549e-01 1.419149750000000000e+06
7.222222222222222099e-01 1.365942750000000000e+06
7.323232323232323759e-01 1.498360625000000000e+06
7.424242424242424310e-01 1.633391625000000000e+06
7.525252525252525970e-01 1.766825125000000000e+06
7.626262626262626521e-01 1.827726000000000000e+06
7.727272727272727071e-01 1.742733750000000000e+06
7.828282828282828731e-01 1.748515875000000000e+06
7.929292929292929282e-01 1.632355000000000000e+06
8.030303030303029832e-01 1.784471875000000000e+06
8.131313131313131493e-01 1.892871625000000000e+06
8.232323232323233153e-01 2.027932375000000000e+06
8.333333333333333703e-01 2.232315250000000000e+06
8.434343434343434254e-01 2.271893250000000000e+06
8.535353535353535914e-01 2.245204000000000000e+06
8.636363636363636465e-01 2.228144000000000000e+06
8.737373737373737015e-01 2.384619500000000000e+06
8.838383838383838675e-01 2.473653750000000000e+06
8.939393939393940336e-01 2.677170500000000000e+06
9.040404040404040886e-01 2.987631500000000000e+06
9.141414141414141437e-01 3.093170250000000000e+06
9.242424242424243097e-01 3.391183250000000000e+06
9.343434343434343647e-01 3.667959000000000000e+06
9.444444444444444198e-01 3.829271500000000000e+06
9.545454545454545858e-01 4.151172250000000000e+06
9.646464646464647519e-01 4.319945500000000000e+06
9.747474747474748069e-01 4.621571500000000000e+06
9.848484848484848619e-01 5.013988500000000000e+06
9.949494949494950280e-01 5.119929500000000000e+06
1.005050505050505194e+00 4.955411000000000000e+06
1.015151515151515138e+00 4.905491000000000000e+06
1.025252525252525304e+00 4.657207500000000000e+06
1.035353535353535470e+00 4.131262000000000000e+06
1.045454545454545414e+00 3.639225750000000000e+06
1.055555555555555580e+00 3.201037250000000000e+06
1.065656565656565746e+00 2.724313000000000000e+06
1.075757575757575690e+00 2.494604000000000000e+06
1.085858585858585856e+00 2.145244000000000000e+06
1.095959595959596022e+00 1.822215875000000000e+06
1.106060606060605966e+00 1.622946500000000000e+06
1.116161616161616355e+00 1.457010000000000000e+06
1.126262626262626299e+00 1.308436750000000000e+06
1.136363636363636465e+00 1.173944375000000000e+06
1.146464646464646631e+00 1.042067500000000000e+06
1.156565656565656575e+00 9.667734375000000000e+05
1.166666666666666741e+00 9.019085625000000000e+05
1.176767676767676907e+00 7.807758750000000000e+05
1.186868686868686851e+00 7.435716250000000000e+05
1.196969696969697017e+00 6.631233125000000000e+05
1.207070707070707183e+00 6.134770000000000000e+05
1.217171717171717127e+00 5.531388125000000000e+05
1.227272727272727293e+00 5.025089375000000000e+05
1.237373737373737459e+00 4.443440312500000000e+05
1.247474747474747403e+00 4.133865937500000000e+05
1.257575757575757791e+00 3.583813750000000000e+05
1.267676767676767735e+00 3.315786875000000000e+05
1.277777777777777679e+00 3.068991875000000000e+05
1.287878787878788067e+00 2.657857500000000000e+05
1.297979797979798011e+00 2.445744062500000000e+05
1.308080808080808177e+00 2.238348906250000000e+05
1.318181818181818343e+00 2.129513281250000000e+05
1.328282828282828287e+00 1.991547031250000000e+05
1.338383838383838453e+00 1.900357343750000000e+05
1.348484848484848619e+00 1.906742968750000000e+05
1.358585858585858563e+00 1.724511250000000000e+05
1.368686868686868729e+00 1.581768906250000000e+05
1.378787878787878896e+00 1.401020937500000000e+05
1.388888888888888840e+00 1.151086640625000000e+05
1.398989898989899228e+00 8.923314062500000000e+04
1.409090909090909172e+00 7.858578906250000000e+04
1.419191919191919116e+00 7.465283593750000000e+04
1.429292929292929504e+00 7.889446875000000000e+04
1.439393939393939448e+00 7.498272656250000000e+04
1.449494949494949614e+00 6.893106250000000000e+04
1.459595959595959780e+00 5.201113281250000000e+04
1.469696969696969724e+00 3.823399609375000000e+04
1.479797979797979890e+00 3.698267187500000000e+04
1.489898989898990056e+00 4.070544140625000000e+04
1.500000000000000000e+00 3.719664843750000000e+04
