5.000000000000000000e-01 2.998277777805924416e-04
5.101010101010100550e-01 1.504854444647207856e-04
5.202020202020202211e-01 3.993908831034786999e-05
5.303030303030302761e-01 2.156254631699994206e-04
5.404040404040404422e-01 3.304144483990967274e-04
5.505050505050504972e-01 3.549671091604977846e-04
5.606060606060605522e-01 2.945622545666992664e-04
5.707070707070707183e-01 1.592241751495748758e-04
5.808080808080807733e-01 2.791245242406148463e-05
5.909090909090909394e-01 2.034185454249382019e-04
6.010101010101009944e-01 3.282365505583584309e-04
6.111111111111111605e-01 3.714205522555857897e-04
6.212121212121212155e-01 3.299211384728550911e-04
6.313131313131312705e-01 2.115860115736722946e-04
6.414141414141414366e-01 4.314392572268843651e-05
6.515151515151514916e-01 1.353990373900160193e-04
6.616161616161616577e-01 2.798349596560001373e-04
6.717171717171717127e-01 3.732515615411102772e-04
6.818181818181818787e-01 3.811781643889844418e-04
6.919191919191919338e-01 3.170046547893434763e-04
7.020202020202019888e-01 1.842831552494317293e-04
7.121212121212121549e-01 1.418072315573226660e-05
7.222222222222222099e-01 1.588778395671397448e-04
7.323232323232323759e-01 2.984920574817806482e-04
7.424242424242424310e-01 3.813642542809247971e-04
7.525252525252525970e-01 4.107758577447384596e-04
7.626262626262626521e-01 3.549198154360055923e-04
7.727272727272727071e-01 2.522280265111476183e-04
7.828282828282828731e-01 9.475325350649654865e-05
7.929292929292929282e-01 6.683161336695775390e-05
8.030303030303029832e-01 2.172259992221370339e-04
8.131313131313131493e-01 3.370183985680341721e-04
8.232323232323233153e-01 4.296084516681730747e-04
8.333333333333333703e-01 4.384336643852293491e-04
8.434343434343434254e-01 3.934306441806256771e-04
8.535353535353535914e-01 3.190382558386772871e-04
8.636363636363636465e-01 2.070953632937744260e-04
8.737373737373737015e-01 6.388543988578021526e-05
8.838383838383838675e-01 9.087846410693600774e-05
8.939393939393940336e-01 2.397930802544578910e-04
9.040404040404040886e-01 3.653828171081840992e-04
9.141414141414141437e-01 4.798627633135765791e-04
9.242424242424243097e-01 5.609909421764314175e-04
9.343434343434343647e-01 5.871931207366287708e-04
9.444444444444444198e-01 6.373734795488417149e-04
9.545454545454545858e-01 4.911439609713852406e-04
9.646464646464647519e-01 2.145797945559024811e-03
9.747474747474748069e-01 1.774220913648605347e-02
9.848484848484848619e-01 8.874210715293884277e-02
9.949494949494950280e-01 1.540209352970123291e-01
1.005050505050505194e+00 9.603180736303329468e-02
1.015151515151515138e+00 2.185659669339656830e-02
1.025252525252525304e+00 2.041115425527095795e-03
1.035353535353535470e+00 7.866774103604257107e-05
1.045454545454545414e+00 7.896746865299064666e-06
1.055555555555555580e+00 7.001312769716605544e-05
1.065656565656565746e+00 6.882326124468818307e-05
1.075757575757575690e+00 1.202145649585872889e-04
1.085858585858585856e+00 1.052481893566437066e-04
1.095959595959596022e+00 1.219768528244458139e-04
1.106060606060605966e+00 1.023224322125315666e-04
1.116161616161616355e+00 9.747379226610064507e-05
1.126262626262626299e+00 8.933767094276845455e-05
1.136363636363636465e+00 9.047763887792825699e-05
1.146464646464646631e+00 7.377811562037095428e-05
1.156565656565656575e+00 6.986063817748799920e-05
1.166666666666666741e+00 6.176141323521733284e-05
1.176767676767676907e+00 5.984367817291058600e-05
1.186868686868686851e+00 6.275685882428660989e-05
1.196969696969697017e+00 7.053896842990070581e-05
1.207070707070707183e+00 8.032049663597717881e-05
1.217171717171717127e+00 1.010054475045762956e-04
1.227272727272727293e+00 1.266364706680178642e-04
1.237373737373737459e+00 1.675632229307666421e-04
1.247474747474747403e+00 2.082004357362166047e-04
1.257575757575757791e+00 2.578597923275083303e-04
1.267676767676767735e+00 3.343737043906003237e-04
1.277777777777777679e+00 3.980543115176260471e-04
1.287878787878788067e+00 4.812814004253596067e-04
1.297979797979798011e+00 5.850611487403512001e-04
1.308080808080808177e+00 1.734189689159393311e-03
1.318181818181818343e+00 4.427484050393104553e-02
1.328282828282828287e+00 3.050782978534698486e-01
1.338383838383838453e+00 7.490828633308410645e-01
1.348484848484848619e+00 6.915205717086791992e-01
1.358585858585858563e+00 2.225642800331115723e-01
1.368686868686868729e+00 2.676014415919780731e-02
1.378787878787878896e+00 7.984549156390130520e-04
1.388888888888888840e+00 1.802172628231346607e-04
1.398989898989899228e+00 3.655946784419938922e-05
1.409090909090909172e+00 6.098371159168891609e-05
1.419191919191919116e+00 1.136961363954469562e-04
1.429292929292929504e+00 1.252521615242585540e-04
1.439393939393939448e+00 1.080984511645510793e-04
1.449494949494949614e+00 6.900918378960341215e-05
1.459595959595959780e+00 2.108847547788172960e-05
1.469696969696969724e+00 1.835440525610465556e-05
1.479797979797979890e+00 4.174188870820216835e-05
1.489898989898990056e+00 4.542216993286274374e-05
1.500000000000000000e+00 3.165390080539509654e-05
