5.000000000000000000e-01 4.542516835499554873e-04
5.101010101010100550e-01 2.081052807625383139e-04
5.202020202020202211e-01 9.246524132322520018e-05
5.303030303030302761e-01 4.034763842355459929e-04
5.404040404040404422e-01 5.891123437322676182e-04
5.505050505050504972e-01 6.182761280797421932e-04
5.606060606060605522e-01 4.986991989426314831e-04
5.707070707070707183e-01 2.317673934157937765e-04
5.808080808080807733e-01 1.033071821439079940e-04
5.909090909090909394e-01 4.461257485672831535e-04
6.010101010101009944e-01 6.582161877304315567e-04
6.111111111111111605e-01 7.327726925723254681e-04
6.212121212121212155e-01 6.201695650815963745e-04
6.313131313131312705e-01 3.740498796105384827e-04
6.414141414141414366e-01 2.468684397172182798e-05
6.515151515151514916e-01 3.602283541113138199e-04
6.616161616161616577e-01 6.501966854557394981e-04
6.717171717171717127e-01 8.661720203235745430e-04
6.818181818181818787e-01 8.642325410619378090e-04
6.919191919191919338e-01 7.008420070633292198e-04
7.020202020202019888e-01 3.725614806171506643e-04
7.121212121212121549e-01 5.662574767484329641e-05
7.222222222222222099e-01 5.118331173434853554e-04
7.323232323232323759e-01 8.754103328101336956e-04
7.424242424242424310e-01 1.177139463834464550e-03
7.525252525252525970e-01 1.249099615961313248e-03
7.626262626262626521e-01 1.123178983107209206e-03
7.727272727272727071e-01 8.194535621441900730e-04
7.828282828282828731e-01 3.097466542385518551e-04
7.929292929292929282e-01 3.042362222913652658e-04
8.030303030303029832e-01 9.593338472768664360e-04
8.131313131313131493e-01 1.673003775067627430e-03
8.232323232323233153e-01 2.347504487261176109e-03
8.333333333333333703e-01 2.715292386710643768e-03
8.434343434343434254e-01 8.280761539936065674e-03
8.535353535353535914e-01 7.052055001258850098e-02
8.636363636363636465e-01 4.040122926235198975e-01
8.737373737373737015e-01 7.102594375610351562e-01
8.838383838383838675e-01 5.189263820648193359e-01
8.939393939393940336e-01 1.230521947145462036e-01
9.040404040404040886e-01 1.376296486705541611e-02
9.141414141414141437e-01 1.416960149072110653e-03
9.242424242424243097e-01 1.105302595533430576e-03
9.343434343434343647e-01 5.508695612661540508e-04
9.444444444444444198e-01 9.841928840614855289e-05
9.545454545454545858e-01 2.910205221269279718e-04
9.646464646464647519e-01 5.761935608461499214e-04
9.747474747474748069e-01 7.754323887638747692e-04
9.848484848484848619e-01 9.119543246924877167e-04
9.949494949494950280e-01 9.667073027230799198e-04
1.005050505050505194e+00 9.686258272267878056e-04
1.015151515151515138e+00 9.410074562765657902e-04
1.025252525252525304e+00 8.635256090201437473e-04
1.035353535353535470e+00 8.209338993765413761e-04
1.045454545454545414e+00 7.188991876319050789e-04
1.055555555555555580e+00 1.831947942264378071e-03
1.065656565656565746e+00 2.093127742409706116e-02
1.075757575757575690e+00 1.099883839488029480e-01
1.085858585858585856e+00 2.467387169599533081e-01
1.095959595959596022e+00 1.715077161788940430e-01
1.106060606060605966e+00 3.996131569147109985e-02
1.116161616161616355e+00 5.338525399565696716e-03
1.126262626262626299e+00 2.966036845464259386e-04
1.136363636363636465e+00 3.303537087049335241e-04
1.146464646464646631e+00 2.671650145202875137e-04
1.156565656565656575e+00 2.071866038022562861e-04
1.166666666666666741e+00 1.825659128371626139e-04
1.176767676767676907e+00 1.390543329762294888e-04
1.186868686868686851e+00 1.229945628438144922e-04
1.196969696969697017e+00 9.673768363427370787e-05
1.207070707070707183e+00 7.963443204062059522e-05
1.217171717171717127e+00 7.511819421779364347e-05
1.227272727272727293e+00 7.195719081209972501e-05
1.237373737373737459e+00 7.688404730288311839e-05
1.247474747474747403e+00 7.041521894279867411e-05
1.257575757575757791e+00 7.261858991114422679e-05
1.267676767676767735e+00 7.307224586838856339e-05
1.277777777777777679e+00 7.346047641476616263e-05
1.287878787878788067e+00 7.037643081275746226e-05
1.297979797979798011e+00 6.803357246099039912e-05
1.308080808080808177e+00 6.499671144410967827e-05
1.318181818181818343e+00 6.011379809933714569e-05
1.328282828282828287e+00 5.296111339703202248e-05
1.338383838383838453e+00 4.272661317372694612e-05
1.348484848484848619e+00 3.553858914528973401e-05
1.358585858585858563e+00 2.515911182854324579e-05
1.368686868686868729e+00 1.288671319343848154e-05
1.378787878787878896e+00 6.043925964149821084e-07
1.388888888888888840e+00 9.160651643469464034e-06
1.398989898989899228e+00 1.744578912621363997e-05
1.409090909090909172e+00 2.160487201763316989e-05
1.419191919191919116e+00 2.200224480475299060e-05
1.429292929292929504e+00 1.967383104783948511e-05
1.439393939393939448e+00 1.166180118161719292e-05
1.449494949494949614e+00 4.223272298986557871e-06
1.459595959595959780e+00 3.916745754395378754e-06
1.469696969696969724e+00 8.933005119615700096e-06
1.479797979797979890e+00 1.078483364835847169e-05
1.489898989898990056e+00 8.662308573548216373e-06
1.500000000000000000e+00 3.784515229199314490e-06
