5.000000000000000000e-01 5.475268036395091349e+24
5.101010101010100550e-01 4.677954217129932558e+24
5.202020202020202211e-01 3.037575482762677618e+24
5.303030303030302761e-01 4.277255483512694436e+24
5.404040404040404422e-01 4.725845711740172526e+24
5.505050505050504972e-01 6.732929000930956552e+24
5.606060606060605522e-01 5.971743129934157918e+24
5.707070707070707183e-01 4.385892106357659958e+24
5.808080808080807733e-01 2.710832051979950303e+24
5.909090909090909394e-01 3.705358570985257152e+24
6.010101010101009944e-01 5.128176405747181640e+24
6.111111111111111605e-01 5.151415844515541854e+24
6.212121212121212155e-01 5.400572557954622947e+24
6.313131313131312705e-01 4.794763612290679866e+24
6.414141414141414366e-01 2.867180025450060973e+24
6.515151515151514916e-01 2.730756264961813529e+24
6.616161616161616577e-01 2.908614871404126447e+24
6.717171717171717127e-01 4.774328078621523503e+24
6.818181818181818787e-01 4.565527941299324330e+24
6.919191919191919338e-01 5.182843908270372199e+24
7.020202020202019888e-01 4.911440997939149690e+24
7.121212121212121549e-01 3.032618208523244328e+24
7.222222222222222099e-01 3.268630463888302759e+24
7.323232323232323759e-01 4.715712684636182948e+24
7.424242424242424310e-01 5.016920633474125513e+24
7.525252525252525970e-01 5.578734670983023617e+24
7.626262626262626521e-01 4.098877485932556134e+24
7.727272727272727071e-01 5.999971260052951959e+24
7.828282828282828731e-01 3.468096548709204899e+24
7.929292929292929282e-01 2.874528747120425016e+24
8.030303030303029832e-01 2.989264036494384606e+24
8.131313131313131493e-01 4.194122637271136977e+24
8.232323232323233153e-01 4.156987323838126587e+24
8.333333333333333703e-01 4.575381384938446748e+24
8.434343434343434254e-01 4.406579553375572917e+24
8.535353535353535914e-01 4.865755330397598772e+24
8.636363636363636465e-01 3.306771701334082622e+24
8.737373737373737015e-01 2.895394608741175884e+24
8.838383838383838675e-01 3.312322441918012287e+24
8.939393939393940336e-01 2.328836155125632529e+24
9.040404040404040886e-01 2.947150984465234155e+24
9.141414141414141437e-01 3.429790443488266257e+24
9.242424242424243097e-01 3.154716054625623243e+24
9.343434343434343647e-01 4.739781073966355486e+24
9.444444444444444198e-01 4.608934283026267512e+24
9.545454545454545858e-01 3.373342830161962725e+24
9.646464646464647519e-01 4.116268442138421966e+24
9.747474747474748069e-01 3.673466744555198703e+24
9.848484848484848619e-01 3.188969064297116515e+24
9.949494949494950280e-01 3.117455360978986859e+24
1.005050505050505194e+00 3.662356616476054822e+24
1.015151515151515138e+00 2.339635426744096789e+24
1.025252525252525304e+00 3.628409995694410819e+24
1.035353535353535470e+00 4.145208213055934583e+24
1.045454545454545414e+00 3.865112851040728752e+24
1.055555555555555580e+00 2.026888318912108519e+24
1.065656565656565746e+00 2.559434435220245282e+24
1.075757575757575690e+00 3.054975374110204153e+24
1.085858585858585856e+00 4.100117164780384646e+24
1.095959595959596022e+00 4.501855545364401992e+24
1.106060606060605966e+00 2.853712172893996090e+24
1.116161616161616355e+00 3.842922570841560768e+24
1.126262626262626299e+00 3.560111213991877356e+24
1.136363636363636465e+00 3.771632534295324840e+24
1.146464646464646631e+00 4.043660616312420412e+24
1.156565656565656575e+00 2.478868856939071119e+24
1.166666666666666741e+00 3.288721274027581674e+24
1.176767676767676907e+00 2.439828340719697915e+24
1.186868686868686851e+00 2.522270875210372025e+24
1.196969696969697017e+00 3.397139706477800350e+24
1.207070707070707183e+00 2.597085104565814932e+24
1.217171717171717127e+00 3.462158138269351182e+24
1.227272727272727293e+00 2.927966370628576221e+24
1.237373737373737459e+00 2.654334574798572525e+24
1.247474747474747403e+00 2.318815826098718270e+24
1.257575757575757791e+00 2.872322631821359814e+24
1.267676767676767735e+00 2.288177945920107843e+24
1.277777777777777679e+00 2.604492913463290076e+24
1.287878787878788067e+00 1.629015540017849856e+24
1.297979797979798011e+00 3.281022064219817150e+24
1.308080808080808177e+00 2.701051818856370420e+24
1.318181818181818343e+00 2.023162076609219190e+24
1.328282828282828287e+00 3.081907620457820098e+24
1.338383838383838453e+00 2.703168006278076288e+24
1.348484848484848619e+00 1.691677256138796216e+24
1.358585858585858563e+00 1.739934370981184631e+24
1.368686868686868729e+00 2.021927441792973333e+24
1.378787878787878896e+00 1.549506037834895564e+24
1.388888888888888840e+00 1.824731891760206302e+24
1.398989898989899228e+00 1.659661346531804455e+24
1.409090909090909172e+00 1.590758001615292777e+24
1.419191919191919116e+00 1.621667394808238116e+24
1.429292929292929504e+00 1.943805768871189533e+24
1.439393939393939448e+00 1.510584560760873017e+24
1.449494949494949614e+00 1.185030584682929778e+24
1.459595959595959780e+00 1.261920144804259048e+24
1.469696969696969724e+00 7.103903832892361325e+23
1.479797979797979890e+00 8.576131271655716846e+23
1.489898989898990056e+00 1.018214804526929317e+24
1.500000000000000000e+00 7.703829420118295666e+23
