5.000000000000000000e-01 5.758492888542402006e+25
5.101010101010100550e-01 5.023519264413592341e+25
5.202020202020202211e-01 4.497464701460182046e+25
5.303030303030302761e-01 5.036611379851305853e+25
5.404040404040404422e-01 5.925921994115815695e+25
5.505050505050504972e-01 6.276552171445664739e+25
5.606060606060605522e-01 5.975402618081930511e+25
5.707070707070707183e-01 5.241445870720184085e+25
5.808080808080807733e-01 4.827658192199370121e+25
5.909090909090909394e-01 5.228878565151367610e+25
6.010101010101009944e-01 6.047661281630261881e+25
6.111111111111111605e-01 6.460045162927066549e+25
6.212121212121212155e-01 6.487409063086007297e+25
6.313131313131312705e-01 5.811820580985088949e+25
6.414141414141414366e-01 5.183957053983070110e+25
6.515151515151514916e-01 5.280992000665402622e+25
6.616161616161616577e-01 6.091490745549395776e+25
6.717171717171717127e-01 6.670185859728747333e+25
6.818181818181818787e-01 6.847804024391274493e+25
6.919191919191919338e-01 6.433937024870943577e+25
7.020202020202019888e-01 5.885784184854432925e+25
7.121212121212121549e-01 5.641254606581940951e+25
7.222222222222222099e-01 5.988019729859746002e+25
7.323232323232323759e-01 6.557623366222369806e+25
7.424242424242424310e-01 6.997325030817930949e+25
7.525252525252525970e-01 7.182985975896595473e+25
7.626262626262626521e-01 6.988485812226411175e+25
7.727272727272727071e-01 6.427013500651478540e+25
7.828282828282828731e-01 6.111607842298979727e+25
7.929292929292929282e-01 6.288483986681141920e+25
8.030303030303029832e-01 6.692541468871675939e+25
8.131313131313131493e-01 7.108847127958551257e+25
8.232323232323233153e-01 7.517571636399733792e+25
8.333333333333333703e-01 7.546707807495556186e+25
8.434343434343434254e-01 7.296071895766064508e+25
8.535353535353535914e-01 6.905811655805461549e+25
8.636363636363636465e-01 6.523787887073769904e+25
8.737373737373737015e-01 6.583437739879118953e+25
8.838383838383838675e-01 6.710296460042621382e+25
8.939393939393940336e-01 7.219885459235838532e+25
9.040404040404040886e-01 7.459566310828555950e+25
9.141414141414141437e-01 7.613177882753557499e+25
9.242424242424243097e-01 7.524761716071063933e+25
9.343434343434343647e-01 7.209036006708886259e+25
9.444444444444444198e-01 6.854834078557765203e+25
9.545454545454545858e-01 6.494054041469959321e+25
9.646464646464647519e-01 6.282594402467008303e+25
9.747474747474748069e-01 6.171436167353241916e+25
9.848484848484848619e-01 6.193901995792010936e+25
9.949494949494950280e-01 6.442564105905615692e+25
1.005050505050505194e+00 6.475184405788359978e+25
1.015151515151515138e+00 6.377356249110857955e+25
1.025252525252525304e+00 6.270437075785230023e+25
1.035353535353535470e+00 6.150398116905778015e+25
1.045454545454545414e+00 5.825071799590438206e+25
1.055555555555555580e+00 5.563601653897855065e+25
1.065656565656565746e+00 5.120794018768883077e+25
1.075757575757575690e+00 4.760106215401445743e+25
1.085858585858585856e+00 4.462554238300686719e+25
1.095959595959596022e+00 4.167881336781231915e+25
1.106060606060605966e+00 3.897611632996887475e+25
1.116161616161616355e+00 3.675104469552492729e+25
1.126262626262626299e+00 3.429076093324011854e+25
1.136363636363636465e+00 3.214909394628243960e+25
1.146464646464646631e+00 3.083026703716266734e+25
1.156565656565656575e+00 2.892960445568499448e+25
1.166666666666666741e+00 2.741051738705802212e+25
1.176767676767676907e+00 2.532722281587858784e+25
1.186868686868686851e+00 2.413996961470755817e+25
1.196969696969697017e+00 2.251001530835458219e+25
1.207070707070707183e+00 2.121988000379845593e+25
1.217171717171717127e+00 1.977611329706744888e+25
1.227272727272727293e+00 1.826248761760779915e+25
1.237373737373737459e+00 1.683873101651074854e+25
1.247474747474747403e+00 1.546066123587675345e+25
1.257575757575757791e+00 1.393455402820823000e+25
1.267676767676767735e+00 1.292991321707338343e+25
1.277777777777777679e+00 1.200347853036053312e+25
1.287878787878788067e+00 1.093301397176316784e+25
1.297979797979798011e+00 1.026074774826992458e+25
1.308080808080808177e+00 9.884044481697692613e+24
1.318181818181818343e+00 9.610611853057609750e+24
1.328282828282828287e+00 9.428461208084021693e+24
1.338383838383838453e+00 9.002550675234417193e+24
1.348484848484848619e+00 8.691922493012708233e+24
1.358585858585858563e+00 8.085446582258350091e+24
1.368686868686868729e+00 7.244903394717205269e+24
1.378787878787878896e+00 5.935260658303131156e+24
1.388888888888888840e+00 4.867573487610363770e+24
1.398989898989899228e+00 3.978415347214838183e+24
1.409090909090909172e+00 3.563653277084405742e+24
1.419191919191919116e+00 3.742649817051765617e+24
1.429292929292929504e+00 3.843331569745320047e+24
1.439393939393939448e+00 3.709162059028955140e+24
1.449494949494949614e+00 3.101924355390428024e+24
1.459595959595959780e+00 2.322380947621338793e+24
1.469696969696969724e+00 1.726794380477992320e+24
1.479797979797979890e+00 1.817739999295518078e+24
1.489898989898990056e+00 1.951503393411885223e+24
1.500000000000000000e+00 1.770751098108197195e+24
