5.000000000000000000e-01 4.510796875000000000e+04
5.101010101010100550e-01 3.466347656250000000e+04
5.202020202020202211e-01 3.399339843750000000e+04
5.303030303030302761e-01 2.959968359375000000e+04
5.404040404040404422e-01 3.933140625000000000e+04
5.505050505050504972e-01 4.546441015625000000e+04
5.606060606060605522e-01 4.487651171875000000e+04
5.707070707070707183e-01 3.610883593750000000e+04
5.808080808080807733e-01 3.267166015625000000e+04
5.909090909090909394e-01 3.097853710937500000e+04
6.010101010101009944e-01 3.684459765625000000e+04
6.111111111111111605e-01 4.389411718750000000e+04
6.212121212121212155e-01 4.087994531250000000e+04
6.313131313131312705e-01 4.121447265625000000e+04
6.414141414141414366e-01 3.124966992187500000e+04
6.515151515151514916e-01 3.221169921875000000e+04
6.616161616161616577e-01 3.926054296875000000e+04
6.717171717171717127e-01 3.953823828125000000e+04
6.818181818181818787e-01 4.211539062500000000e+04
6.919191919191919338e-01 4.322025390625000000e+04
7.020202020202019888e-01 3.865221093750000000e+04
7.121212121212121549e-01 3.087227539062500000e+04
7.222222222222222099e-01 3.407807421875000000e+04
7.323232323232323759e-01 3.587682812500000000e+04
7.424242424242424310e-01 4.275104296875000000e+04
7.525252525252525970e-01 4.573261718750000000e+04
7.626262626262626521e-01 4.163156250000000000e+04
7.727272727272727071e-01 4.325812109375000000e+04
7.828282828282828731e-01 3.257517382812500000e+04
7.929292929292929282e-01 3.335862890625000000e+04
8.030303030303029832e-01 3.501086718750000000e+04
8.131313131313131493e-01 3.891246484375000000e+04
8.232323232323233153e-01 4.673579687500000000e+04
8.333333333333333703e-01 4.570371875000000000e+04
8.434343434343434254e-01 4.600841796875000000e+04
8.535353535353535914e-01 4.212419140625000000e+04
8.636363636363636465e-01 3.913775390625000000e+04
8.737373737373737015e-01 3.537990625000000000e+04
8.838383838383838675e-01 4.156956250000000000e+04
8.939393939393940336e-01 3.869293359375000000e+04
9.040404040404040886e-01 4.287353906250000000e+04
9.141414141414141437e-01 4.846512500000000000e+04
9.242424242424243097e-01 4.963228125000000000e+04
9.343434343434343647e-01 5.216485937500000000e+04
9.444444444444444198e-01 4.688529687500000000e+04
9.545454545454545858e-01 5.831305078125000000e+04
9.646464646464647519e-01 4.509816796875000000e+04
9.747474747474748069e-01 3.807675390625000000e+04
9.848484848484848619e-01 4.285548046875000000e+04
9.949494949494950280e-01 4.963385937500000000e+04
1.005050505050505194e+00 3.838374218750000000e+04
1.015151515151515138e+00 4.673213281250000000e+04
1.025252525252525304e+00 4.988370312500000000e+04
1.035353535353535470e+00 5.294817578125000000e+04
1.045454545454545414e+00 5.064552734375000000e+04
1.055555555555555580e+00 6.101597265625000000e+04
1.065656565656565746e+00 5.815308984375000000e+04
1.075757575757575690e+00 6.040432421875000000e+04
1.085858585858585856e+00 6.134780468750000000e+04
1.095959595959596022e+00 6.509955468750000000e+04
1.106060606060605966e+00 6.309295703125000000e+04
1.116161616161616355e+00 5.852684765625000000e+04
1.126262626262626299e+00 7.500675000000000000e+04
1.136363636363636465e+00 6.313005859375000000e+04
1.146464646464646631e+00 7.297968750000000000e+04
1.156565656565656575e+00 6.931215625000000000e+04
1.166666666666666741e+00 8.540224218750000000e+04
1.176767676767676907e+00 8.514075000000000000e+04
1.186868686868686851e+00 9.213905468750000000e+04
1.196969696969697017e+00 9.975474218750000000e+04
1.207070707070707183e+00 1.163652890625000000e+05
1.217171717171717127e+00 1.146688984375000000e+05
1.227272727272727293e+00 1.534182343750000000e+05
1.237373737373737459e+00 1.337358125000000000e+05
1.247474747474747403e+00 1.177348593750000000e+05
1.257575757575757791e+00 1.317060000000000000e+05
1.267676767676767735e+00 1.182766406250000000e+05
1.277777777777777679e+00 1.050270937500000000e+05
1.287878787878788067e+00 7.693210156250000000e+04
1.297979797979798011e+00 6.978857031250000000e+04
1.308080808080808177e+00 5.203717187500000000e+04
1.318181818181818343e+00 4.196064843750000000e+04
1.328282828282828287e+00 3.251874218750000000e+04
1.338383838383838453e+00 3.875289453125000000e+04
1.348484848484848619e+00 2.586755078125000000e+04
1.358585858585858563e+00 2.487651171875000000e+04
1.368686868686868729e+00 1.971440039062500000e+04
1.378787878787878896e+00 1.790650390625000000e+04
1.388888888888888840e+00 1.422864160156250000e+04
1.398989898989899228e+00 1.148452832031250000e+04
1.409090909090909172e+00 1.107248339843750000e+04
1.419191919191919116e+00 9.437870117187500000e+03
1.429292929292929504e+00 7.331490722656250000e+03
1.439393939393939448e+00 7.891003417968750000e+03
1.449494949494949614e+00 6.084094726562500000e+03
1.459595959595959780e+00 5.098265625000000000e+03
1.469696969696969724e+00 4.137891601562500000e+03
1.479797979797979890e+00 3.498952880859375000e+03
1.489898989898990056e+00 4.078819091796875000e+03
1.500000000000000000e+00 2.741996093750000000e+03
