5.000000000000000000e-01 4.845944404602050781e+00
5.101010101010100550e-01 2.586536407470703125e+00
5.202020202020202211e-01 4.250644445419311523e-01
5.303030303030302761e-01 3.358479261398315430e+00
5.404040404040404422e-01 5.416347503662109375e+00
5.505050505050504972e-01 6.048909187316894531e+00
5.606060606060605522e-01 5.090825557708740234e+00
5.707070707070707183e-01 2.794125556945800781e+00
5.808080808080807733e-01 2.510471343994140625e-01
5.909090909090909394e-01 3.276879549026489258e+00
6.010101010101009944e-01 5.534692287445068359e+00
6.111111111111111605e-01 6.477679729461669922e+00
6.212121212121212155e-01 5.884066104888916016e+00
6.313131313131312705e-01 3.897615194320678711e+00
6.414141414141414366e-01 9.793841838836669922e-01
6.515151515151514916e-01 2.210214376449584961e+00
6.616161616161616577e-01 4.966097354888916016e+00
6.717171717171717127e-01 6.694342613220214844e+00
6.818181818181818787e-01 7.034058094024658203e+00
6.919191919191919338e-01 5.919138431549072266e+00
7.020202020202019888e-01 3.580261230468750000e+00
7.121212121212121549e-01 4.815174341201782227e-01
7.222222222222222099e-01 2.780355930328369141e+00
7.323232323232323759e-01 5.596303462982177734e+00
7.424242424242424310e-01 7.456765651702880859e+00
7.525252525252525970e-01 8.037253379821777344e+00
7.626262626262626521e-01 7.241821765899658203e+00
7.727272727272727071e-01 5.206948757171630859e+00
7.828282828282828731e-01 2.259990692138671875e+00
7.929292929292929282e-01 1.141612768173217773e+00
8.030303030303029832e-01 4.491230010986328125e+00
8.131313131313131493e-01 7.310368061065673828e+00
8.232323232323233153e-01 9.212488174438476562e+00
8.333333333333333703e-01 9.949639320373535156e+00
8.434343434343434254e-01 9.426432609558105469e+00
8.535353535353535914e-01 7.732653141021728516e+00
8.636363636363636465e-01 4.847179412841796875e+00
8.737373737373737015e-01 1.737478137016296387e+00
8.838383838383838675e-01 2.504594326019287109e+00
8.939393939393940336e-01 6.179969310760498047e+00
9.040404040404040886e-01 9.859093666076660156e+00
9.141414141414141437e-01 1.297051906585693359e+01
9.242424242424243097e-01 1.538327407836914062e+01
9.343434343434343647e-01 1.699961853027343750e+01
9.444444444444444198e-01 1.781251144409179688e+01
9.545454545454545858e-01 1.791439628601074219e+01
9.646464646464647519e-01 1.751361274719238281e+01
9.747474747474748069e-01 1.606838989257812500e+01
9.848484848484848619e-01 5.780809783935546875e+01
9.949494949494950280e-01 6.846619873046875000e+02
1.005050505050505194e+00 4.344531738281250000e+03
1.015151515151515138e+00 9.580629882812500000e+03
1.025252525252525304e+00 7.708164062500000000e+03
1.035353535353535470e+00 2.195406738281250000e+03
1.045454545454545414e+00 2.500391235351562500e+02
1.055555555555555580e+00 7.290764808654785156e+00
1.065656565656565746e+00 1.277845668792724609e+01
1.075757575757575690e+00 9.377907752990722656e+00
1.085858585858585856e+00 8.094644546508789062e+00
1.095959595959596022e+00 4.929167747497558594e+00
1.106060606060605966e+00 4.146497726440429688e+00
1.116161616161616355e+00 2.847071647644042969e+00
1.126262626262626299e+00 1.990597367286682129e+00
1.136363636363636465e+00 1.340253353118896484e+00
1.146464646464646631e+00 8.686478137969970703e-01
1.156565656565656575e+00 5.399578213691711426e-01
1.166666666666666741e+00 3.249817788600921631e-01
1.176767676767676907e+00 2.000455558300018311e-01
1.186868686868686851e+00 1.455834656953811646e-01
1.196969696969697017e+00 1.458389610052108765e-01
1.207070707070707183e+00 1.879856139421463013e-01
1.217171717171717127e+00 2.615501284599304199e-01
1.227272727272727293e+00 3.574598729610443115e-01
1.237373737373737459e+00 4.680128991603851318e-01
1.247474747474747403e+00 5.862551331520080566e-01
1.257575757575757791e+00 7.054448127746582031e-01
1.267676767676767735e+00 8.188288211822509766e-01
1.277777777777777679e+00 9.196519255638122559e-01
1.287878787878788067e+00 1.000842332839965820e+00
1.297979797979798011e+00 1.055460333824157715e+00
1.308080808080808177e+00 1.076789975166320801e+00
1.318181818181818343e+00 1.059057474136352539e+00
1.328282828282828287e+00 9.982104897499084473e-01
1.338383838383838453e+00 8.928673863410949707e-01
1.348484848484848619e+00 7.451798319816589355e-01
1.358585858585858563e+00 5.618563890457153320e-01
1.368686868686868729e+00 3.547825515270233154e-01
1.378787878787878896e+00 1.406273543834686279e-01
1.388888888888888840e+00 6.009641289710998535e-02
1.398989898989899228e+00 2.255709767341613770e-01
1.409090909090909172e+00 3.357862532138824463e-01
1.419191919191919116e+00 3.769780099391937256e-01
1.429292929292929504e+00 3.458232879638671875e-01
1.439393939393939448e+00 2.522994279861450195e-01
1.449494949494949614e+00 1.198142990469932556e-01
1.459595959595959780e+00 1.829023659229278564e-02
1.469696969696969724e+00 1.264015585184097290e-01
1.479797979797979890e+00 1.771251410245895386e-01
1.489898989898990056e+00 1.609301269054412842e-01
1.500000000000000000e+00 9.129923582077026367e-02
