5.000000000000000000e-01 1.670428276062011719e+01
5.101010101010100550e-01 1.650220108032226562e+01
5.202020202020202211e-01 1.544143009185791016e+01
5.303030303030302761e-01 1.667228889465332031e+01
5.404040404040404422e-01 1.786616325378417969e+01
5.505050505050504972e-01 1.966743278503417969e+01
5.606060606060605522e-01 2.048080444335937500e+01
5.707070707070707183e-01 2.042278861999511719e+01
5.808080808080807733e-01 1.918930053710937500e+01
5.909090909090909394e-01 2.067026901245117188e+01
6.010101010101009944e-01 2.257437515258789062e+01
6.111111111111111605e-01 2.434947395324707031e+01
6.212121212121212155e-01 2.566630935668945312e+01
6.313131313131312705e-01 2.582033729553222656e+01
6.414141414141414366e-01 2.675300025939941406e+01
6.515151515151514916e-01 2.767463874816894531e+01
6.616161616161616577e-01 3.004608726501464844e+01
6.717171717171717127e-01 3.292594909667968750e+01
6.818181818181818787e-01 3.586715316772460938e+01
6.919191919191919338e-01 3.937626647949218750e+01
7.020202020202019888e-01 4.227379989624023438e+01
7.121212121212121549e-01 4.571297073364257812e+01
7.222222222222222099e-01 5.188745117187500000e+01
7.323232323232323759e-01 5.721558761596679688e+01
7.424242424242424310e-01 6.920606994628906250e+01
7.525252525252525970e-01 8.637889099121093750e+01
7.626262626262626521e-01 1.124001998901367188e+02
7.727272727272727071e-01 1.398489990234375000e+02
7.828282828282828731e-01 1.839196624755859375e+02
7.929292929292929282e-01 1.968233184814453125e+02
8.030303030303029832e-01 1.897151489257812500e+02
8.131313131313131493e-01 1.458713531494140625e+02
8.232323232323233153e-01 1.104552459716796875e+02
8.333333333333333703e-01 8.127384948730468750e+01
8.434343434343434254e-01 6.275636672973632812e+01
8.535353535353535914e-01 5.038401031494140625e+01
8.636363636363636465e-01 4.151823043823242188e+01
8.737373737373737015e-01 3.721195220947265625e+01
8.838383838383838675e-01 3.275860977172851562e+01
8.939393939393940336e-01 2.918416976928710938e+01
9.040404040404040886e-01 2.478905296325683594e+01
9.141414141414141437e-01 2.123360633850097656e+01
9.242424242424243097e-01 1.901812362670898438e+01
9.343434343434343647e-01 1.778400611877441406e+01
9.444444444444444198e-01 1.594458580017089844e+01
9.545454545454545858e-01 1.466678810119628906e+01
9.646464646464647519e-01 1.415457248687744141e+01
9.747474747474748069e-01 1.290058040618896484e+01
9.848484848484848619e-01 1.262781238555908203e+01
9.949494949494950280e-01 1.178380298614501953e+01
1.005050505050505194e+00 1.069516754150390625e+01
1.015151515151515138e+00 9.888542175292968750e+00
1.025252525252525304e+00 9.106069564819335938e+00
1.035353535353535470e+00 8.168160438537597656e+00
1.045454545454545414e+00 7.475584030151367188e+00
1.055555555555555580e+00 6.954664707183837891e+00
1.065656565656565746e+00 6.197831153869628906e+00
1.075757575757575690e+00 5.757056236267089844e+00
1.085858585858585856e+00 5.265353679656982422e+00
1.095959595959596022e+00 4.929239273071289062e+00
1.106060606060605966e+00 4.794084548950195312e+00
1.116161616161616355e+00 4.365830898284912109e+00
1.126262626262626299e+00 4.086853504180908203e+00
1.136363636363636465e+00 4.001305580139160156e+00
1.146464646464646631e+00 3.781667232513427734e+00
1.156565656565656575e+00 3.639935016632080078e+00
1.166666666666666741e+00 3.434982776641845703e+00
1.176767676767676907e+00 3.191483259201049805e+00
1.186868686868686851e+00 3.029572010040283203e+00
1.196969696969697017e+00 2.786426544189453125e+00
1.207070707070707183e+00 2.654733657836914062e+00
1.217171717171717127e+00 2.441802263259887695e+00
1.227272727272727293e+00 2.226928710937500000e+00
1.237373737373737459e+00 2.104750394821166992e+00
1.247474747474747403e+00 1.849987983703613281e+00
1.257575757575757791e+00 1.654291987419128418e+00
1.267676767676767735e+00 1.521030306816101074e+00
1.277777777777777679e+00 1.361372590065002441e+00
1.287878787878788067e+00 1.235674142837524414e+00
1.297979797979798011e+00 1.116969108581542969e+00
1.308080808080808177e+00 1.086021661758422852e+00
1.318181818181818343e+00 1.072230577468872070e+00
1.328282828282828287e+00 1.019965767860412598e+00
1.338383838383838453e+00 1.083610534667968750e+00
1.348484848484848619e+00 1.043884038925170898e+00
1.358585858585858563e+00 9.761069416999816895e-01
1.368686868686868729e+00 9.245188832283020020e-01
1.378787878787878896e+00 7.984674572944641113e-01
1.388888888888888840e+00 6.444417238235473633e-01
1.398989898989899228e+00 4.872017204761505127e-01
1.409090909090909172e+00 4.085684716701507568e-01
1.419191919191919116e+00 4.205939471721649170e-01
1.429292929292929504e+00 4.679649174213409424e-01
1.439393939393939448e+00 4.579012989997863770e-01
1.449494949494949614e+00 4.250440299510955811e-01
1.459595959595959780e+00 3.097305297851562500e-01
1.469696969696969724e+00 2.140550166368484497e-01
1.479797979797979890e+00 2.070479094982147217e-01
1.489898989898990056e+00 2.444221377372741699e-01
1.500000000000000000e+00 2.442471832036972046e-01
