5.000000000000000000e-01 6.631110800000000000e+07
5.101010101010100550e-01 6.299908000000000000e+07
5.202020202020202211e-01 6.422499600000000000e+07
5.303030303030302761e-01 6.929819200000000000e+07
5.404040404040404422e-01 7.485374400000000000e+07
5.505050505050504972e-01 8.085380000000000000e+07
5.606060606060605522e-01 8.418000000000000000e+07
5.707070707070707183e-01 8.079276000000000000e+07
5.808080808080807733e-01 8.585653600000000000e+07
5.909090909090909394e-01 9.221319200000000000e+07
6.010101010101009944e-01 9.948096000000000000e+07
6.111111111111111605e-01 1.087631520000000000e+08
6.212121212121212155e-01 1.136379920000000000e+08
6.313131313131312705e-01 1.158492480000000000e+08
6.414141414141414366e-01 1.242975840000000000e+08
6.515151515151514916e-01 1.276659440000000000e+08
6.616161616161616577e-01 1.424580640000000000e+08
6.717171717171717127e-01 1.498636000000000000e+08
6.818181818181818787e-01 1.523144000000000000e+08
6.919191919191919338e-01 1.583129280000000000e+08
7.020202020202019888e-01 1.565889920000000000e+08
7.121212121212121549e-01 1.544770240000000000e+08
7.222222222222222099e-01 1.551378560000000000e+08
7.323232323232323759e-01 1.484257920000000000e+08
7.424242424242424310e-01 1.371918880000000000e+08
7.525252525252525970e-01 1.260917520000000000e+08
7.626262626262626521e-01 1.112301520000000000e+08
7.727272727272727071e-01 1.020809200000000000e+08
7.828282828282828731e-01 9.586112800000000000e+07
7.929292929292929282e-01 9.257903200000000000e+07
8.030303030303029832e-01 8.447814400000000000e+07
8.131313131313131493e-01 7.649536000000000000e+07
8.232323232323233153e-01 6.847906400000000000e+07
8.333333333333333703e-01 6.279931600000000000e+07
8.434343434343434254e-01 5.456328400000000000e+07
8.535353535353535914e-01 5.170223200000000000e+07
8.636363636363636465e-01 4.886391600000000000e+07
8.737373737373737015e-01 4.790278800000000000e+07
8.838383838383838675e-01 4.588351200000000000e+07
8.939393939393940336e-01 4.363312800000000000e+07
9.040404040404040886e-01 4.041272000000000000e+07
9.141414141414141437e-01 3.596262800000000000e+07
9.242424242424243097e-01 3.228094000000000000e+07
9.343434343434343647e-01 2.954970800000000000e+07
9.444444444444444198e-01 2.692225200000000000e+07
9.545454545454545858e-01 2.546837600000000000e+07
9.646464646464647519e-01 2.499506800000000000e+07
9.747474747474748069e-01 2.499972000000000000e+07
9.848484848484848619e-01 2.462149600000000000e+07
9.949494949494950280e-01 2.329996600000000000e+07
1.005050505050505194e+00 2.281424000000000000e+07
1.015151515151515138e+00 2.083290000000000000e+07
1.025252525252525304e+00 1.999233000000000000e+07
1.035353535353535470e+00 1.750998200000000000e+07
1.045454545454545414e+00 1.593070500000000000e+07
1.055555555555555580e+00 1.458668400000000000e+07
1.065656565656565746e+00 1.347641000000000000e+07
1.075757575757575690e+00 1.187038200000000000e+07
1.085858585858585856e+00 1.159703000000000000e+07
1.095959595959596022e+00 1.046740900000000000e+07
1.106060606060605966e+00 1.028574400000000000e+07
1.116161616161616355e+00 9.961199000000000000e+06
1.126262626262626299e+00 9.185647000000000000e+06
1.136363636363636465e+00 8.984241000000000000e+06
1.146464646464646631e+00 8.554855000000000000e+06
1.156565656565656575e+00 8.457358000000000000e+06
1.166666666666666741e+00 7.647012500000000000e+06
1.176767676767676907e+00 7.409243500000000000e+06
1.186868686868686851e+00 7.232006500000000000e+06
1.196969696969697017e+00 6.671353500000000000e+06
1.207070707070707183e+00 6.215940000000000000e+06
1.217171717171717127e+00 5.863545000000000000e+06
1.227272727272727293e+00 5.341320000000000000e+06
1.237373737373737459e+00 4.925011000000000000e+06
1.247474747474747403e+00 4.481033500000000000e+06
1.257575757575757791e+00 4.083025250000000000e+06
1.267676767676767735e+00 3.667601000000000000e+06
1.277777777777777679e+00 3.138134250000000000e+06
1.287878787878788067e+00 2.940727500000000000e+06
1.297979797979798011e+00 2.727500000000000000e+06
1.308080808080808177e+00 2.598767500000000000e+06
1.318181818181818343e+00 2.589585750000000000e+06
1.328282828282828287e+00 2.616291500000000000e+06
1.338383838383838453e+00 2.716563750000000000e+06
1.348484848484848619e+00 2.577673000000000000e+06
1.358585858585858563e+00 2.619152500000000000e+06
1.368686868686868729e+00 2.380763250000000000e+06
1.378787878787878896e+00 2.044820500000000000e+06
1.388888888888888840e+00 1.612604875000000000e+06
1.398989898989899228e+00 1.184626250000000000e+06
1.409090909090909172e+00 1.019577125000000000e+06
1.419191919191919116e+00 1.080612375000000000e+06
1.429292929292929504e+00 1.191659500000000000e+06
1.439393939393939448e+00 1.238952625000000000e+06
1.449494949494949614e+00 1.078520125000000000e+06
1.459595959595959780e+00 8.158851250000000000e+05
1.469696969696969724e+00 5.372583750000000000e+05
1.479797979797979890e+00 5.341053750000000000e+05
1.489898989898990056e+00 6.557536875000000000e+05
1.500000000000000000e+00 6.290742500000000000e+05
