5.000000000000000000e-01 5.228831768035888672e+00
5.101010101010100550e-01 5.467218875885009766e+00
5.202020202020202211e-01 4.203029155731201172e+00
5.303030303030302761e-01 1.778113245964050293e+00
5.404040404040404422e-01 1.158255577087402344e+00
5.505050505050504972e-01 3.832219839096069336e+00
5.606060606060605522e-01 5.548843860626220703e+00
5.707070707070707183e-01 5.870102405548095703e+00
5.808080808080807733e-01 4.716309070587158203e+00
5.909090909090909394e-01 2.374227762222290039e+00
6.010101010101009944e-01 5.850474238395690918e-01
6.111111111111111605e-01 3.453349351882934570e+00
6.212121212121212155e-01 5.558125972747802734e+00
6.313131313131312705e-01 6.416235923767089844e+00
6.414141414141414366e-01 5.836196899414062500e+00
6.515151515151514916e-01 3.949016571044921875e+00
6.616161616161616577e-01 1.166393518447875977e+00
6.717171717171717127e-01 1.920571088790893555e+00
6.818181818181818787e-01 4.668672084808349609e+00
6.919191919191919338e-01 6.548531532287597656e+00
7.020202020202019888e-01 7.087553024291992188e+00
7.121212121212121549e-01 6.396881103515625000e+00
7.222222222222222099e-01 4.363948345184326172e+00
7.323232323232323759e-01 1.528308510780334473e+00
7.424242424242424310e-01 1.671918034553527832e+00
7.525252525252525970e-01 4.670685291290283203e+00
7.626262626262626521e-01 6.969739437103271484e+00
7.727272727272727071e-01 8.199334144592285156e+00
7.828282828282828731e-01 8.167885780334472656e+00
7.929292929292929282e-01 6.881621837615966797e+00
8.030303030303029832e-01 4.525582790374755859e+00
8.131313131313131493e-01 1.426590442657470703e+00
8.232323232323233153e-01 2.004944324493408203e+00
8.333333333333333703e-01 5.335103511810302734e+00
8.434343434343434254e-01 8.162706375122070312e+00
8.535353535353535914e-01 1.016465950012207031e+01
8.636363636363636465e-01 1.112469959259033203e+01
8.737373737373737015e-01 1.094342136383056641e+01
8.838383838383838675e-01 9.634330749511718750e+00
8.939393939393940336e-01 7.306267738342285156e+00
9.040404040404040886e-01 4.137231826782226562e+00
9.141414141414141437e-01 3.434725105762481689e-01
9.242424242424243097e-01 3.852727174758911133e+00
9.343434343434343647e-01 8.251494407653808594e+00
9.444444444444444198e-01 1.270082569122314453e+01
9.545454545454545858e-01 1.711931800842285156e+01
9.646464646464647519e-01 2.155039978027343750e+01
9.747474747474748069e-01 2.136106681823730469e+01
9.848484848484848619e-01 1.730061187744140625e+02
9.949494949494950280e-01 1.595467773437500000e+03
1.005050505050505194e+00 6.735189453125000000e+03
1.015151515151515138e+00 9.898486328125000000e+03
1.025252525252525304e+00 5.339908691406250000e+03
1.035353535353535470e+00 9.961812744140625000e+02
1.045454545454545414e+00 9.438648223876953125e+01
1.055555555555555580e+00 1.661455345153808594e+01
1.065656565656565746e+00 1.619668579101562500e+01
1.075757575757575690e+00 1.389931869506835938e+01
1.085858585858585856e+00 1.211423873901367188e+01
1.095959595959596022e+00 1.060385990142822266e+01
1.106060606060605966e+00 9.307019233703613281e+00
1.116161616161616355e+00 8.183618545532226562e+00
1.126262626262626299e+00 7.208298206329345703e+00
1.136363636363636465e+00 6.364500522613525391e+00
1.146464646464646631e+00 5.637166976928710938e+00
1.156565656565656575e+00 5.012825489044189453e+00
1.166666666666666741e+00 4.479013919830322266e+00
1.176767676767676907e+00 4.023722171783447266e+00
1.186868686868686851e+00 3.634986400604248047e+00
1.196969696969697017e+00 3.301791906356811523e+00
1.207070707070707183e+00 3.013416767120361328e+00
1.217171717171717127e+00 2.759222269058227539e+00
1.227272727272727293e+00 2.530336856842041016e+00
1.237373737373737459e+00 2.317609548568725586e+00
1.247474747474747403e+00 2.113084077835083008e+00
1.257575757575757791e+00 1.909523963928222656e+00
1.267676767676767735e+00 1.701187849044799805e+00
1.277777777777777679e+00 1.483276128768920898e+00
1.287878787878788067e+00 1.253179550170898438e+00
1.297979797979798011e+00 1.010271430015563965e+00
1.308080808080808177e+00 7.565282583236694336e-01
1.318181818181818343e+00 4.969781041145324707e-01
1.328282828282828287e+00 2.397822737693786621e-01
1.338383838383838453e+00 3.960364498198032379e-03
1.348484848484848619e+00 2.207311391830444336e-01
1.358585858585858563e+00 3.958326578140258789e-01
1.368686868686868729e+00 5.152199864387512207e-01
1.378787878787878896e+00 5.679974555969238281e-01
1.388888888888888840e+00 5.490291118621826172e-01
1.398989898989899228e+00 4.618621170520782471e-01
1.409090909090909172e+00 3.199903964996337891e-01
1.419191919191919116e+00 1.470207422971725464e-01
1.429292929292929504e+00 2.597225829958915710e-02
1.439393939393939448e+00 1.657760888338088989e-01
1.449494949494949614e+00 2.448041439056396484e-01
1.459595959595959780e+00 2.489597052335739136e-01
1.469696969696969724e+00 1.837295442819595337e-01
1.479797979797979890e+00 7.499134540557861328e-02
1.489898989898990056e+00 3.755958005785942078e-02
1.500000000000000000e+00 1.136778891086578369e-01
