5.000000000000000000e-01 2.631705319799948484e-05
5.101010101010100550e-01 1.307524235016899183e-05
5.202020202020202211e-01 1.853759022196754813e-05
5.303030303030302761e-01 5.097277608001604676e-06
5.404040404040404422e-01 2.687159030756447464e-05
5.505050505050504972e-01 1.999917913053650409e-05
5.606060606060605522e-01 2.264551949338056147e-05
5.707070707070707183e-01 8.260080903710331768e-06
5.808080808080807733e-01 3.236272823414765298e-05
5.909090909090909394e-01 1.290099862671922892e-05
6.010101010101009944e-01 9.732257240102626383e-06
6.111111111111111605e-01 2.259739267174154520e-05
6.212121212121212155e-01 1.050845912686781958e-05
6.313131313131312705e-01 8.633787729195319116e-06
6.414141414141414366e-01 4.717976844403892756e-05
6.515151515151514916e-01 8.174152753781527281e-05
6.616161616161616577e-01 1.748508948367089033e-04
6.717171717171717127e-01 2.133457892341539264e-04
6.818181818181818787e-01 5.460661486722528934e-05
6.919191919191919338e-01 1.737160491757094860e-04
7.020202020202019888e-01 4.080521466676145792e-04
7.121212121212121549e-01 3.304067067801952362e-04
7.222222222222222099e-01 1.165366265922784805e-04
7.323232323232323759e-01 2.121728030033409595e-04
7.424242424242424310e-01 3.280209493823349476e-04
7.525252525252525970e-01 1.185954199172556400e-03
7.626262626262626521e-01 1.788535300875082612e-04
7.727272727272727071e-01 3.543759521562606096e-04
7.828282828282828731e-01 1.037585083395242691e-03
7.929292929292929282e-01 1.276739058084785938e-03
8.030303030303029832e-01 2.356848446652293205e-03
8.131313131313131493e-01 4.256262036506086588e-04
8.232323232323233153e-01 3.297287970781326294e-03
8.333333333333333703e-01 6.534032057970762253e-03
8.434343434343434254e-01 7.767434697598218918e-03
8.535353535353535914e-01 9.395497851073741913e-03
8.636363636363636465e-01 1.820466108620166779e-02
8.737373737373737015e-01 2.201118879020214081e-02
8.838383838383838675e-01 2.341776341199874878e-02
8.939393939393940336e-01 4.520919919013977051e-02
9.040404040404040886e-01 4.696938022971153259e-02
9.141414141414141437e-01 7.074644416570663452e-02
9.242424242424243097e-01 7.736984640359878540e-02
9.343434343434343647e-01 1.060783118009567261e-01
9.444444444444444198e-01 1.197603568434715271e-01
9.545454545454545858e-01 1.171894147992134094e-01
9.646464646464647519e-01 1.319362372159957886e-01
9.747474747474748069e-01 1.419462412595748901e-01
9.848484848484848619e-01 1.302062571048736572e-01
9.949494949494950280e-01 1.411629319190979004e-01
1.005050505050505194e+00 1.303544044494628906e-01
1.015151515151515138e+00 1.113295108079910278e-01
1.025252525252525304e+00 1.172243729233741760e-01
1.035353535353535470e+00 1.126764416694641113e-01
1.045454545454545414e+00 1.194075420498847961e-01
1.055555555555555580e+00 1.167890131473541260e-01
1.065656565656565746e+00 1.018250361084938049e-01
1.075757575757575690e+00 8.068527281284332275e-02
1.085858585858585856e+00 6.707331538200378418e-02
1.095959595959596022e+00 6.139215081930160522e-02
1.106060606060605966e+00 6.677483767271041870e-02
1.116161616161616355e+00 4.824553430080413818e-02
1.126262626262626299e+00 4.229985922574996948e-02
1.136363636363636465e+00 2.800028771162033081e-02
1.146464646464646631e+00 1.611940562725067139e-02
1.156565656565656575e+00 2.102974802255630493e-02
1.166666666666666741e+00 1.305736135691404343e-02
1.176767676767676907e+00 7.427660748362541199e-03
1.186868686868686851e+00 3.677564440295100212e-03
1.196969696969697017e+00 8.475593291223049164e-03
1.207070707070707183e+00 5.101176910102367401e-03
1.217171717171717127e+00 1.828430104069411755e-03
1.227272727272727293e+00 1.616474706679582596e-03
1.237373737373737459e+00 1.668787328526377678e-03
1.247474747474747403e+00 5.673015257343649864e-04
1.257575757575757791e+00 8.234509732574224472e-04
1.267676767676767735e+00 1.022023730911314487e-03
1.277777777777777679e+00 2.165503829019144177e-04
1.287878787878788067e+00 9.386041347170248628e-05
1.297979797979798011e+00 3.601475909817963839e-04
1.308080808080808177e+00 5.235929274931550026e-04
1.318181818181818343e+00 1.685793395154178143e-04
1.328282828282828287e+00 1.405701477779075503e-04
1.338383838383838453e+00 1.474349992349743843e-04
1.348484848484848619e+00 5.468006929731927812e-05
1.358585858585858563e+00 1.831102235883008689e-05
1.368686868686868729e+00 1.469544372412201483e-06
1.378787878787878896e+00 1.922329829540103674e-06
1.388888888888888840e+00 1.489923420194827486e-06
1.398989898989899228e+00 9.835649734668550082e-07
1.409090909090909172e+00 1.083337906493397895e-06
1.419191919191919116e+00 1.345233187066696701e-07
1.429292929292929504e+00 1.322503294431953691e-06
1.439393939393939448e+00 6.586666927432816010e-07
1.449494949494949614e+00 9.342668931822117884e-07
1.459595959595959780e+00 6.876534826005809009e-07
1.469696969696969724e+00 1.112917615841979568e-07
1.479797979797979890e+00 3.750470511931780493e-07
1.489898989898990056e+00 5.993034619677928276e-07
1.500000000000000000e+00 1.083550159819424152e-06
