5.000000000000000000e-01 5.764414672851562500e+02
5.101010101010100550e-01 6.271422729492187500e+02
5.202020202020202211e-01 6.776976318359375000e+02
5.303030303030302761e-01 7.794763183593750000e+02
5.404040404040404422e-01 9.096738891601562500e+02
5.505050505050504972e-01 1.070185668945312500e+03
5.606060606060605522e-01 1.247210205078125000e+03
5.707070707070707183e-01 1.489972167968750000e+03
5.808080808080807733e-01 1.742638061523437500e+03
5.909090909090909394e-01 1.932968261718750000e+03
6.010101010101009944e-01 1.968931640625000000e+03
6.111111111111111605e-01 1.806825439453125000e+03
6.212121212121212155e-01 1.539605957031250000e+03
6.313131313131312705e-01 1.272701293945312500e+03
6.414141414141414366e-01 1.053740600585937500e+03
6.515151515151514916e-01 8.922951660156250000e+02
6.616161616161616577e-01 7.451502075195312500e+02
6.717171717171717127e-01 6.439833984375000000e+02
6.818181818181818787e-01 5.485482177734375000e+02
6.919191919191919338e-01 4.880292053222656250e+02
7.020202020202019888e-01 4.425794067382812500e+02
7.121212121212121549e-01 3.899044494628906250e+02
7.222222222222222099e-01 4.024769897460937500e+02
7.323232323232323759e-01 3.119467468261718750e+02
7.424242424242424310e-01 3.309872436523437500e+02
7.525252525252525970e-01 2.606079711914062500e+02
7.626262626262626521e-01 2.445411987304687500e+02
7.727272727272727071e-01 2.858022155761718750e+02
7.828282828282828731e-01 1.606095275878906250e+02
7.929292929292929282e-01 3.258268737792968750e+02
8.030303030303029832e-01 7.825712585449218750e+01
8.131313131313131493e-01 3.371058959960937500e+02
8.232323232323233153e-01 1.656196594238281250e+02
8.333333333333333703e-01 2.982289428710937500e+02
8.434343434343434254e-01 3.224158935546875000e+02
8.535353535353535914e-01 2.749075012207031250e+02
8.636363636363636465e-01 5.108501892089843750e+02
8.737373737373737015e-01 3.123446655273437500e+02
8.838383838383838675e-01 6.043966674804687500e+02
8.939393939393940336e-01 4.093781433105468750e+02
9.040404040404040886e-01 6.943684692382812500e+02
9.141414141414141437e-01 5.954865112304687500e+02
9.242424242424243097e-01 7.573629150390625000e+02
9.343434343434343647e-01 7.931421508789062500e+02
9.444444444444444198e-01 8.362870483398437500e+02
9.545454545454545858e-01 9.552513427734375000e+02
9.646464646464647519e-01 8.846202392578125000e+02
9.747474747474748069e-01 1.049500854492187500e+03
9.848484848484848619e-01 9.191677856445312500e+02
9.949494949494950280e-01 1.097618408203125000e+03
1.005050505050505194e+00 9.473483886718750000e+02
1.015151515151515138e+00 1.036106567382812500e+03
1.025252525252525304e+00 8.823908081054687500e+02
1.035353535353535470e+00 9.678510742187500000e+02
1.045454545454545414e+00 8.762455444335937500e+02
1.055555555555555580e+00 8.852224121093750000e+02
1.065656565656565746e+00 8.061637573242187500e+02
1.075757575757575690e+00 7.640300903320312500e+02
1.085858585858585856e+00 7.100212402343750000e+02
1.095959595959596022e+00 6.294040527343750000e+02
1.106060606060605966e+00 5.900576782226562500e+02
1.116161616161616355e+00 4.933738098144531250e+02
1.126262626262626299e+00 4.778865966796875000e+02
1.136363636363636465e+00 3.941239318847656250e+02
1.146464646464646631e+00 4.039526977539062500e+02
1.156565656565656575e+00 3.184304199218750000e+02
1.166666666666666741e+00 3.246366271972656250e+02
1.176767676767676907e+00 2.285399627685546875e+02
1.186868686868686851e+00 2.242171478271484375e+02
1.196969696969697017e+00 1.426173706054687500e+02
1.207070707070707183e+00 1.512316894531250000e+02
1.217171717171717127e+00 8.158354949951171875e+01
1.227272727272727293e+00 9.213101959228515625e+01
1.237373737373737459e+00 4.490036392211914062e+01
1.247474747474747403e+00 5.612821197509765625e+01
1.257575757575757791e+00 2.166967201232910156e+01
1.267676767676767735e+00 3.599351501464843750e+01
1.277777777777777679e+00 2.047900009155273438e+01
1.287878787878788067e+00 2.133867645263671875e+01
1.297979797979798011e+00 1.605620956420898438e+01
1.308080808080808177e+00 1.297318935394287109e+01
1.318181818181818343e+00 1.434769535064697266e+01
1.328282828282828287e+00 7.467836856842041016e+00
1.338383838383838453e+00 1.212945079803466797e+01
1.348484848484848619e+00 7.164780616760253906e+00
1.358585858585858563e+00 1.313757991790771484e+01
1.368686868686868729e+00 5.630901336669921875e+00
1.378787878787878896e+00 9.603609085083007812e+00
1.388888888888888840e+00 5.344469070434570312e+00
1.398989898989899228e+00 4.508664608001708984e+00
1.409090909090909172e+00 3.603364706039428711e+00
1.419191919191919116e+00 3.819056272506713867e+00
1.429292929292929504e+00 4.500423908233642578e+00
1.439393939393939448e+00 4.679220676422119141e+00
1.449494949494949614e+00 4.132649898529052734e+00
1.459595959595959780e+00 3.030377388000488281e+00
1.469696969696969724e+00 1.925756096839904785e+00
1.479797979797979890e+00 1.918915867805480957e+00
1.489898989898990056e+00 2.462207555770874023e+00
1.500000000000000000e+00 2.421736955642700195e+00
