5.000000000000000000e-01 2.222431300083209711e+24
5.101010101010100550e-01 2.026153475568109730e+24
5.202020202020202211e-01 2.014246534614094442e+24
5.303030303030302761e-01 2.184339638262127942e+24
5.404040404040404422e-01 2.387026121075773158e+24
5.505050505050504972e-01 2.432145848273750190e+24
5.606060606060605522e-01 2.345038449260248701e+24
5.707070707070707183e-01 2.188892525283820381e+24
5.808080808080807733e-01 2.185544008888877870e+24
5.909090909090909394e-01 2.338404538922740904e+24
6.010101010101009944e-01 2.588590090689495532e+24
6.111111111111111605e-01 2.653618610544211673e+24
6.212121212121212155e-01 2.522891435210226660e+24
6.313131313131312705e-01 2.436182226461378761e+24
6.414141414141414366e-01 2.331675224330726889e+24
6.515151515151514916e-01 2.483979757968993271e+24
6.616161616161616577e-01 2.645621370527506279e+24
6.717171717171717127e-01 2.762919027945454587e+24
6.818181818181818787e-01 2.697493614862777539e+24
6.919191919191919338e-01 2.563443719752515592e+24
7.020202020202019888e-01 2.434902483591265161e+24
7.121212121212121549e-01 2.452518259490529328e+24
7.222222222222222099e-01 2.589075182412558863e+24
7.323232323232323759e-01 2.689235814586030997e+24
7.424242424242424310e-01 2.698931307979022277e+24
7.525252525252525970e-01 2.593176412434821569e+24
7.626262626262626521e-01 2.437843298119141076e+24
7.727272727272727071e-01 2.304294635633006957e+24
7.828282828282828731e-01 2.283413786032696199e+24
7.929292929292929282e-01 2.317857027752449601e+24
8.030303030303029832e-01 2.358203371690978135e+24
8.131313131313131493e-01 2.377974678458292878e+24
8.232323232323233153e-01 2.264883022804338424e+24
8.333333333333333703e-01 2.126685492581253345e+24
8.434343434343434254e-01 1.948150697676488512e+24
8.535353535353535914e-01 1.844575832582311276e+24
8.636363636363636465e-01 1.763357268383965410e+24
8.737373737373737015e-01 1.782801577789536036e+24
8.838383838383838675e-01 1.808181847676763089e+24
8.939393939393940336e-01 1.784845851732392051e+24
9.040404040404040886e-01 1.706283762795848437e+24
9.141414141414141437e-01 1.610150861898720322e+24
9.242424242424243097e-01 1.475211776078030345e+24
9.343434343434343647e-01 1.350192715113353831e+24
9.444444444444444198e-01 1.229930464161497092e+24
9.545454545454545858e-01 1.174023282790478020e+24
9.646464646464647519e-01 1.141123802965393187e+24
9.747474747474748069e-01 1.145945392755253059e+24
9.848484848484848619e-01 1.132420326469522061e+24
9.949494949494950280e-01 1.118085404884398791e+24
1.005050505050505194e+00 1.102672789922844271e+24
1.015151515151515138e+00 1.046178915621168390e+24
1.025252525252525304e+00 9.941789852292619226e+23
1.035353535353535470e+00 9.182674628318094489e+23
1.045454545454545414e+00 8.429332658777888538e+23
1.055555555555555580e+00 7.696101243157727895e+23
1.065656565656565746e+00 7.035064331004167250e+23
1.075757575757575690e+00 6.372948716667858825e+23
1.085858585858585856e+00 5.921624983610551939e+23
1.095959595959596022e+00 5.439095268303239601e+23
1.106060606060605966e+00 5.087465738613197342e+23
1.116161616161616355e+00 4.894303108003545062e+23
1.126262626262626299e+00 4.724275288535709925e+23
1.136363636363636465e+00 4.573317871617982606e+23
1.146464646464646631e+00 4.359310780493008722e+23
1.156565656565656575e+00 4.153179224108410172e+23
1.166666666666666741e+00 3.936638587977062741e+23
1.176767676767676907e+00 3.764106406828439419e+23
1.186868686868686851e+00 3.566275524989039977e+23
1.196969696969697017e+00 3.368417621551876313e+23
1.207070707070707183e+00 3.167455476963558713e+23
1.217171717171717127e+00 2.977713600486871967e+23
1.227272727272727293e+00 2.685933126820896608e+23
1.237373737373737459e+00 2.517521018755376910e+23
1.247474747474747403e+00 2.265029768094596664e+23
1.257575757575757791e+00 2.064949788601288397e+23
1.267676767676767735e+00 1.866607838276174951e+23
1.277777777777777679e+00 1.682309372597098376e+23
1.287878787878788067e+00 1.580013529797094361e+23
1.297979797979798011e+00 1.472900186475692126e+23
1.308080808080808177e+00 1.438017825777871592e+23
1.318181818181818343e+00 1.416495573518630728e+23
1.328282828282828287e+00 1.465904835246490082e+23
1.338383838383838453e+00 1.471465069418434244e+23
1.348484848484848619e+00 1.460529699019230848e+23
1.358585858585858563e+00 1.398178443042196900e+23
1.368686868686868729e+00 1.216313092097803509e+23
1.378787878787878896e+00 1.047062864141630162e+23
1.388888888888888840e+00 8.184787018867685510e+22
1.398989898989899228e+00 6.313655314765816896e+22
1.409090909090909172e+00 5.545811394137507758e+22
1.419191919191919116e+00 5.972234724855083172e+22
1.429292929292929504e+00 6.690009876626100820e+22
1.439393939393939448e+00 6.685753974978235702e+22
1.449494949494949614e+00 5.640258183362945378e+22
1.459595959595959780e+00 4.032247486050347044e+22
1.469696969696969724e+00 2.777988909968166958e+22
1.479797979797979890e+00 2.943649543841344651e+22
1.489898989898990056e+00 3.595889664914755053e+22
1.500000000000000000e+00 3.349800821556237251e+22
