5.000000000000000000e-01 2.718252868652343750e+02
5.101010101010100550e-01 2.310238952636718750e+02
5.202020202020202211e-01 1.419495697021484375e+02
5.303030303030302761e-01 1.978001708984375000e+02
5.404040404040404422e-01 2.084713287353515625e+02
5.505050505050504972e-01 2.865397644042968750e+02
5.606060606060605522e-01 2.768333129882812500e+02
5.707070707070707183e-01 2.184163818359375000e+02
5.808080808080807733e-01 2.052099761962890625e+02
5.909090909090909394e-01 1.134315948486328125e+02
6.010101010101009944e-01 2.705387878417968750e+02
6.111111111111111605e-01 2.519485778808593750e+02
6.212121212121212155e-01 3.084961853027343750e+02
6.313131313131312705e-01 2.750305175781250000e+02
6.414141414141414366e-01 1.640413055419921875e+02
6.515151515151514916e-01 2.718728027343750000e+02
6.616161616161616577e-01 1.066441726684570312e+02
6.717171717171717127e-01 3.270781860351562500e+02
6.818181818181818787e-01 2.572825317382812500e+02
6.919191919191919338e-01 3.132148437500000000e+02
7.020202020202019888e-01 3.104864501953125000e+02
7.121212121212121549e-01 1.459625091552734375e+02
7.222222222222222099e-01 3.579875488281250000e+02
7.323232323232323759e-01 9.721408843994140625e+01
7.424242424242424310e-01 4.116845092773437500e+02
7.525252525252525970e-01 2.945310058593750000e+02
7.626262626262626521e-01 3.903449096679687500e+02
7.727272727272727071e-01 3.870943298339843750e+02
7.828282828282828731e-01 2.615569763183593750e+02
7.929292929292929282e-01 4.503001708984375000e+02
8.030303030303029832e-01 1.260148620605468750e+02
8.131313131313131493e-01 4.847653198242187500e+02
8.232323232323233153e-01 2.481478729248046875e+02
8.333333333333333703e-01 5.118299255371093750e+02
8.434343434343434254e-01 4.216987609863281250e+02
8.535353535353535914e-01 4.434078369140625000e+02
8.636363636363636465e-01 5.140933837890625000e+02
8.737373737373737015e-01 2.998464965820312500e+02
8.838383838383838675e-01 5.944190063476562500e+02
8.939393939393940336e-01 2.622060241699218750e+02
9.040404040404040886e-01 6.252952270507812500e+02
9.141414141414141437e-01 3.461515502929687500e+02
9.242424242424243097e-01 5.997442016601562500e+02
9.343434343434343647e-01 4.473392944335937500e+02
9.444444444444444198e-01 5.365797729492187500e+02
9.545454545454545858e-01 5.412948608398437500e+02
9.646464646464647519e-01 4.505408935546875000e+02
9.747474747474748069e-01 6.105481567382812500e+02
9.848484848484848619e-01 3.683998413085937500e+02
9.949494949494950280e-01 6.571554565429687500e+02
1.005050505050505194e+00 3.213695373535156250e+02
1.015151515151515138e+00 6.530615234375000000e+02
1.025252525252525304e+00 3.175252380371093750e+02
1.035353535353535470e+00 6.421231689453125000e+02
1.045454545454545414e+00 3.675277099609375000e+02
1.055555555555555580e+00 6.223938598632812500e+02
1.065656565656565746e+00 4.361000366210937500e+02
1.075757575757575690e+00 5.663715209960937500e+02
1.085858585858585856e+00 4.528020019531250000e+02
1.095959595959596022e+00 5.090311889648437500e+02
1.106060606060605966e+00 4.806669311523437500e+02
1.116161616161616355e+00 4.668457641601562500e+02
1.126262626262626299e+00 5.047125244140625000e+02
1.136363636363636465e+00 4.115220947265625000e+02
1.146464646464646631e+00 4.945789489746093750e+02
1.156565656565656575e+00 3.630626525878906250e+02
1.166666666666666741e+00 4.891062622070312500e+02
1.176767676767676907e+00 3.267281494140625000e+02
1.186868686868686851e+00 4.676046447753906250e+02
1.196969696969697017e+00 3.033465270996093750e+02
1.207070707070707183e+00 4.395102539062500000e+02
1.217171717171717127e+00 2.747250671386718750e+02
1.227272727272727293e+00 4.051053466796875000e+02
1.237373737373737459e+00 2.504589691162109375e+02
1.247474747474747403e+00 3.410911254882812500e+02
1.257575757575757791e+00 2.657663269042968750e+02
1.267676767676767735e+00 3.227065124511718750e+02
1.277777777777777679e+00 2.911522216796875000e+02
1.287878787878788067e+00 2.762736816406250000e+02
1.297979797979798011e+00 3.086534118652343750e+02
1.308080808080808177e+00 2.227031097412109375e+02
1.318181818181818343e+00 3.211846008300781250e+02
1.328282828282828287e+00 1.537775573730468750e+02
1.338383838383838453e+00 3.559738159179687500e+02
1.348484848484848619e+00 1.196988525390625000e+02
1.358585858585858563e+00 3.431444091796875000e+02
1.368686868686868729e+00 1.650046081542968750e+02
1.378787878787878896e+00 3.652113037109375000e+02
1.388888888888888840e+00 3.034561462402343750e+02
1.398989898989899228e+00 4.513682556152343750e+02
1.409090909090909172e+00 5.470745239257812500e+02
1.419191919191919116e+00 7.464921875000000000e+02
1.429292929292929504e+00 9.913569335937500000e+02
1.439393939393939448e+00 9.304853515625000000e+02
1.449494949494949614e+00 6.582038574218750000e+02
1.459595959595959780e+00 4.010816040039062500e+02
1.469696969696969724e+00 2.582888488769531250e+02
1.479797979797979890e+00 1.377610778808593750e+02
1.489898989898990056e+00 1.493669281005859375e+02
1.500000000000000000e+00 6.163030242919921875e+01
