5.000000000000000000e-01 6.873887992189243558e+32
5.101010101010100550e-01 5.341150327936114698e+32
5.202020202020202211e-01 3.611235121650659575e+32
5.303030303030302761e-01 4.273836337977962940e+32
5.404040404040404422e-01 6.289503696106613286e+32
5.505050505050504972e-01 7.482127392828903109e+32
5.606060606060605522e-01 6.821932422452960702e+32
5.707070707070707183e-01 5.326380929554915558e+32
5.808080808080807733e-01 3.679474632034954779e+32
5.909090909090909394e-01 4.144687469666991089e+32
6.010101010101009944e-01 6.092807016408296937e+32
6.111111111111111605e-01 7.140212222540903844e+32
6.212121212121212155e-01 6.979210383306594605e+32
6.313131313131312705e-01 5.683968033884005461e+32
6.414141414141414366e-01 3.999304952022102860e+32
6.515151515151514916e-01 3.838541416245356057e+32
6.616161616161616577e-01 5.050453379348498935e+32
6.717171717171717127e-01 6.486531524765438473e+32
6.818181818181818787e-01 6.943954624700271528e+32
6.919191919191919338e-01 6.515623502544907187e+32
7.020202020202019888e-01 5.466673966213291768e+32
7.121212121212121549e-01 3.874886562086250269e+32
7.222222222222222099e-01 3.841965481022766964e+32
7.323232323232323759e-01 5.167936983926779737e+32
7.424242424242424310e-01 6.239417802685913630e+32
7.525252525252525970e-01 6.867357084769488624e+32
7.626262626262626521e-01 6.405237549810616657e+32
7.727272727272727071e-01 5.454432286649808464e+32
7.828282828282828731e-01 4.243057280038705620e+32
7.929292929292929282e-01 3.696366323871003793e+32
8.030303030303029832e-01 4.287631245434487120e+32
8.131313131313131493e-01 5.369404761907754396e+32
8.232323232323233153e-01 6.100895407139977790e+32
8.333333333333333703e-01 6.473638379256281238e+32
8.434343434343434254e-01 6.382273375225610577e+32
8.535353535353535914e-01 5.580931576420447324e+32
8.636363636363636465e-01 4.417790969158787939e+32
8.737373737373737015e-01 3.730822450583200969e+32
8.838383838383838675e-01 3.678424704139135866e+32
8.939393939393940336e-01 4.308258034482817492e+32
9.040404040404040886e-01 5.037330054363287074e+32
9.141414141414141437e-01 5.492649816800121813e+32
9.242424242424243097e-01 5.929397770653839911e+32
9.343434343434343647e-01 5.932991278474128004e+32
9.444444444444444198e-01 5.530597708135628315e+32
9.545454545454545858e-01 4.833230880086306428e+32
9.646464646464647519e-01 4.351893873442578040e+32
9.747474747474748069e-01 3.811294742836947114e+32
9.848484848484848619e-01 3.497046758714451545e+32
9.949494949494950280e-01 3.510430824820437889e+32
1.005050505050505194e+00 3.841049018537433506e+32
1.015151515151515138e+00 3.931236045249471672e+32
1.025252525252525304e+00 4.589572944997699179e+32
1.035353535353535470e+00 4.970083604004256111e+32
1.045454545454545414e+00 5.073010968001852224e+32
1.055555555555555580e+00 5.078387496334973541e+32
1.065656565656565746e+00 4.898882708932232911e+32
1.075757575757575690e+00 4.963077637094425412e+32
1.085858585858585856e+00 4.858758364265157800e+32
1.095959595959596022e+00 4.483622299310410802e+32
1.106060606060605966e+00 4.241015065830147019e+32
1.116161616161616355e+00 4.119001761276868555e+32
1.126262626262626299e+00 3.872750341805958435e+32
1.136363636363636465e+00 3.622999033730231178e+32
1.146464646464646631e+00 3.529399934784912682e+32
1.156565656565656575e+00 3.468461949494827561e+32
1.166666666666666741e+00 3.270102174724983759e+32
1.176767676767676907e+00 3.268958627613693889e+32
1.186868686868686851e+00 3.071528275013969815e+32
1.196969696969697017e+00 2.995799033963866921e+32
1.207070707070707183e+00 2.961520474276054742e+32
1.217171717171717127e+00 2.943391229256982624e+32
1.227272727272727293e+00 2.921011207628014332e+32
1.237373737373737459e+00 2.931760395731634200e+32
1.247474747474747403e+00 2.888992662224422525e+32
1.257575757575757791e+00 2.997759814929216281e+32
1.267676767676767735e+00 2.919809632077382960e+32
1.277777777777777679e+00 2.815181841378949694e+32
1.287878787878788067e+00 2.924373568831592108e+32
1.297979797979798011e+00 2.896607540891076720e+32
1.308080808080808177e+00 2.887767101585529998e+32
1.318181818181818343e+00 2.791130213840683862e+32
1.328282828282828287e+00 2.532100158314250403e+32
1.338383838383838453e+00 2.427901197782550839e+32
1.348484848484848619e+00 2.195079106600313434e+32
1.358585858585858563e+00 1.960558136142287983e+32
1.368686868686868729e+00 1.815909871683200894e+32
1.378787878787878896e+00 1.645951149408399653e+32
1.388888888888888840e+00 1.636208174442961434e+32
1.398989898989899228e+00 1.713531069865513116e+32
1.409090909090909172e+00 1.662745353466354943e+32
1.419191919191919116e+00 1.669924438553554457e+32
1.429292929292929504e+00 1.574643385293922520e+32
1.439393939393939448e+00 1.334411739406234268e+32
1.449494949494949614e+00 1.110293817411156624e+32
1.459595959595959780e+00 1.014651827258820543e+32
1.469696969696969724e+00 9.889129261326349653e+31
1.479797979797979890e+00 1.017723756123494100e+32
1.489898989898990056e+00 9.633357309240810405e+31
1.500000000000000000e+00 7.862407678931274277e+31
