5.000000000000000000e-01 1.170474950687268335e+24
5.101010101010100550e-01 9.212040980192311640e+23
5.202020202020202211e-01 7.058534930534201138e+23
5.303030303030302761e-01 7.691224385193240932e+23
5.404040404040404422e-01 1.076021135846412017e+24
5.505050505050504972e-01 1.199694953587994454e+24
5.606060606060605522e-01 1.146610628463411209e+24
5.707070707070707183e-01 9.484586579849787610e+23
5.808080808080807733e-01 7.331076206736034832e+23
5.909090909090909394e-01 7.745753248905502518e+23
6.010101010101009944e-01 1.029980440539036228e+24
6.111111111111111605e-01 1.193580722618688193e+24
6.212121212121212155e-01 1.190237826716080640e+24
6.313131313131312705e-01 1.025793678152650501e+24
6.414141414141414366e-01 7.847717626772932065e+23
6.515151515151514916e-01 7.213426331798429132e+23
6.616161616161616577e-01 9.258479217245994678e+23
6.717171717171717127e-01 1.136225976241041187e+24
6.818181818181818787e-01 1.189647675020910011e+24
6.919191919191919338e-01 1.131089278592453456e+24
7.020202020202019888e-01 9.545274926700411276e+23
7.121212121212121549e-01 7.828219562402209145e+23
7.222222222222222099e-01 7.511528598333337004e+23
7.323232323232323759e-01 9.414296558593610047e+23
7.424242424242424310e-01 1.109988220984762791e+24
7.525252525252525970e-01 1.190207202238614521e+24
7.626262626262626521e-01 1.149831747032094664e+24
7.727272727272727071e-01 9.897166025456811214e+23
7.828282828282828731e-01 8.326111596470437528e+23
7.929292929292929282e-01 7.344240408590823887e+23
8.030303030303029832e-01 8.136739195307180257e+23
8.131313131313131493e-01 9.863954680364730228e+23
8.232323232323233153e-01 1.108438045964224847e+24
8.333333333333333703e-01 1.139823595738572815e+24
8.434343434343434254e-01 1.106417406912213272e+24
8.535353535353535914e-01 1.013736785345442285e+24
8.636363636363636465e-01 8.878996545156531754e+23
8.737373737373737015e-01 8.030391553994423555e+23
8.838383838383838675e-01 7.663552107354855467e+23
8.939393939393940336e-01 8.539617527028877623e+23
9.040404040404040886e-01 9.519584953274009209e+23
9.141414141414141437e-01 1.050609881193748655e+24
9.242424242424243097e-01 1.094035102010329774e+24
9.343434343434343647e-01 1.085507446043911192e+24
9.444444444444444198e-01 1.043723913392296185e+24
9.545454545454545858e-01 9.659940176092966001e+23
9.646464646464647519e-01 8.910239997355436928e+23
9.747474747474748069e-01 8.069540444835229802e+23
9.848484848484848619e-01 7.874280217663133440e+23
9.949494949494950280e-01 8.003898858970438970e+23
1.005050505050505194e+00 8.299132512686696930e+23
1.015151515151515138e+00 8.838423796257536050e+23
1.025252525252525304e+00 9.337988287083384742e+23
1.035353535353535470e+00 9.701399953974568598e+23
1.045454545454545414e+00 1.015221532070593790e+24
1.055555555555555580e+00 1.026177673071278619e+24
1.065656565656565746e+00 1.008831680804092455e+24
1.075757575757575690e+00 9.775938490975222392e+23
1.085858585858585856e+00 9.587907081637010961e+23
1.095959595959596022e+00 9.415147558779197975e+23
1.106060606060605966e+00 9.291887279569799207e+23
1.116161616161616355e+00 8.963711055587221732e+23
1.126262626262626299e+00 8.802981548054040816e+23
1.136363636363636465e+00 8.296886477480534716e+23
1.146464646464646631e+00 8.377821567103935374e+23
1.156565656565656575e+00 7.771350268035595659e+23
1.166666666666666741e+00 7.798647846384983899e+23
1.176767676767676907e+00 7.780003664503610425e+23
1.186868686868686851e+00 7.699111809436632524e+23
1.196969696969697017e+00 7.562271556054845856e+23
1.207070707070707183e+00 7.383121245181809042e+23
1.217171717171717127e+00 7.347434001158584853e+23
1.227272727272727293e+00 7.130645126615776761e+23
1.237373737373737459e+00 7.353941522476150125e+23
1.247474747474747403e+00 7.244209335971431947e+23
1.257575757575757791e+00 7.318263645940150866e+23
1.267676767676767735e+00 7.210052595245573346e+23
1.277777777777777679e+00 7.103948508600664840e+23
1.287878787878788067e+00 6.765942908215373616e+23
1.297979797979798011e+00 6.851604976007662346e+23
1.308080808080808177e+00 6.884963318591580705e+23
1.318181818181818343e+00 6.650578700160650990e+23
1.328282828282828287e+00 6.261693953201119229e+23
1.338383838383838453e+00 6.082344042792597355e+23
1.348484848484848619e+00 5.841601422551731069e+23
1.358585858585858563e+00 5.109979053006437357e+23
1.368686868686868729e+00 4.717849912875347891e+23
1.378787878787878896e+00 4.213545833801654490e+23
1.388888888888888840e+00 3.782075048765707319e+23
1.398989898989899228e+00 3.630994053074204953e+23
1.409090909090909172e+00 3.451781772670295521e+23
1.419191919191919116e+00 3.313926227788514449e+23
1.429292929292929504e+00 3.009466860163595481e+23
1.439393939393939448e+00 2.697283999321721206e+23
1.449494949494949614e+00 2.268789012775555364e+23
1.459595959595959780e+00 1.876864876499503803e+23
1.469696969696969724e+00 1.646789842623997464e+23
1.479797979797979890e+00 1.551166713175890670e+23
1.489898989898990056e+00 1.479734398910226854e+23
1.500000000000000000e+00 1.235830882234894312e+23
