5.000000000000000000e-01 1.879011993408203125e+02
5.101010101010100550e-01 1.566704254150390625e+02
5.202020202020202211e-01 1.195136489868164062e+02
5.303030303030302761e-01 1.147857513427734375e+02
5.404040404040404422e-01 2.164204406738281250e+02
5.505050505050504972e-01 1.603878784179687500e+02
5.606060606060605522e-01 2.486837158203125000e+02
5.707070707070707183e-01 1.823693389892578125e+02
5.808080808080807733e-01 1.315767974853515625e+02
5.909090909090909394e-01 1.336415252685546875e+02
6.010101010101009944e-01 1.778991851806640625e+02
6.111111111111111605e-01 2.299392700195312500e+02
6.212121212121212155e-01 2.406750946044921875e+02
6.313131313131312705e-01 2.232485198974609375e+02
6.414141414141414366e-01 1.740286712646484375e+02
6.515151515151514916e-01 1.225869598388671875e+02
6.616161616161616577e-01 1.434553527832031250e+02
6.717171717171717127e-01 2.087707977294921875e+02
6.818181818181818787e-01 1.860438690185546875e+02
6.919191919191919338e-01 2.042883148193359375e+02
7.020202020202019888e-01 1.295897216796875000e+02
7.121212121212121549e-01 1.643123474121093750e+02
7.222222222222222099e-01 1.250406265258789062e+02
7.323232323232323759e-01 1.721567230224609375e+02
7.424242424242424310e-01 1.392614898681640625e+02
7.525252525252525970e-01 2.086478729248046875e+02
7.626262626262626521e-01 1.804982452392578125e+02
7.727272727272727071e-01 1.611438446044921875e+02
7.828282828282828731e-01 1.583052825927734375e+02
7.929292929292929282e-01 1.576094360351562500e+02
8.030303030303029832e-01 1.121430892944335938e+02
8.131313131313131493e-01 1.348308410644531250e+02
8.232323232323233153e-01 1.784021759033203125e+02
8.333333333333333703e-01 1.702616271972656250e+02
8.434343434343434254e-01 2.276774749755859375e+02
8.535353535353535914e-01 1.839853668212890625e+02
8.636363636363636465e-01 1.564350738525390625e+02
8.737373737373737015e-01 1.213694305419921875e+02
8.838383838383838675e-01 1.088272323608398438e+02
8.939393939393940336e-01 1.483722076416015625e+02
9.040404040404040886e-01 1.408306884765625000e+02
9.141414141414141437e-01 1.618023681640625000e+02
9.242424242424243097e-01 1.616612854003906250e+02
9.343434343434343647e-01 1.554809265136718750e+02
9.444444444444444198e-01 1.799191436767578125e+02
9.545454545454545858e-01 1.406138458251953125e+02
9.646464646464647519e-01 1.612819061279296875e+02
9.747474747474748069e-01 9.237879943847656250e+01
9.848484848484848619e-01 9.028461303710937500e+02
9.949494949494950280e-01 4.869576660156250000e+03
1.005050505050505194e+00 9.770072265625000000e+03
1.015151515151515138e+00 7.228650878906250000e+03
1.025252525252525304e+00 1.788402465820312500e+03
1.035353535353535470e+00 3.255839233398437500e+02
1.045454545454545414e+00 1.973843688964843750e+02
1.055555555555555580e+00 2.038531188964843750e+02
1.065656565656565746e+00 2.131119079589843750e+02
1.075757575757575690e+00 1.775097045898437500e+02
1.085858585858585856e+00 1.833993988037109375e+02
1.095959595959596022e+00 1.781839752197265625e+02
1.106060606060605966e+00 1.926837463378906250e+02
1.116161616161616355e+00 1.469248962402343750e+02
1.126262626262626299e+00 1.597842559814453125e+02
1.136363636363636465e+00 1.716956024169921875e+02
1.146464646464646631e+00 1.657178039550781250e+02
1.156565656565656575e+00 1.870092163085937500e+02
1.166666666666666741e+00 1.482458038330078125e+02
1.176767676767676907e+00 1.291663513183593750e+02
1.186868686868686851e+00 1.510838165283203125e+02
1.196969696969697017e+00 1.823372955322265625e+02
1.207070707070707183e+00 1.386063995361328125e+02
1.217171717171717127e+00 1.323543548583984375e+02
1.227272727272727293e+00 1.303677215576171875e+02
1.237373737373737459e+00 1.290014038085937500e+02
1.247474747474747403e+00 1.686795806884765625e+02
1.257575757575757791e+00 1.369963226318359375e+02
1.267676767676767735e+00 1.451723480224609375e+02
1.277777777777777679e+00 1.436659088134765625e+02
1.287878787878788067e+00 1.764059600830078125e+02
1.297979797979798011e+00 1.707932739257812500e+02
1.308080808080808177e+00 1.548853607177734375e+02
1.318181818181818343e+00 1.394612121582031250e+02
1.328282828282828287e+00 1.172286758422851562e+02
1.338383838383838453e+00 1.695501403808593750e+02
1.348484848484848619e+00 2.401265869140625000e+02
1.358585858585858563e+00 1.894001464843750000e+02
1.368686868686868729e+00 1.705681762695312500e+02
1.378787878787878896e+00 2.223208007812500000e+02
1.388888888888888840e+00 3.034739990234375000e+02
1.398989898989899228e+00 3.168658142089843750e+02
1.409090909090909172e+00 3.673227844238281250e+02
1.419191919191919116e+00 6.194820556640625000e+02
1.429292929292929504e+00 4.499869079589843750e+02
1.439393939393939448e+00 3.980131225585937500e+02
1.449494949494949614e+00 2.918518371582031250e+02
1.459595959595959780e+00 2.276074981689453125e+02
1.469696969696969724e+00 1.526126708984375000e+02
1.479797979797979890e+00 7.840267181396484375e+01
1.489898989898990056e+00 9.091247558593750000e+01
1.500000000000000000e+00 5.621807861328125000e+01
