5.000000000000000000e-01 2.804655362872974751e+24
5.101010101010100550e-01 1.501859250814008399e+24
5.202020202020202211e-01 1.331675786943051338e+24
5.303030303030302761e-01 1.449823723970647195e+24
5.404040404040404422e-01 2.307246691145552788e+24
5.505050505050504972e-01 2.362601479000677104e+24
5.606060606060605522e-01 2.951142975174935363e+24
5.707070707070707183e-01 1.932839467749745357e+24
5.808080808080807733e-01 1.223450757075230460e+24
5.909090909090909394e-01 1.390722661801491006e+24
6.010101010101009944e-01 2.454244182982925778e+24
6.111111111111111605e-01 2.283352825308140112e+24
6.212121212121212155e-01 2.789440834237430495e+24
6.313131313131312705e-01 1.955978458232016700e+24
6.414141414141414366e-01 1.558738345013411043e+24
6.515151515151514916e-01 1.235485239970692881e+24
6.616161616161616577e-01 1.935353124860164435e+24
6.717171717171717127e-01 1.918384714385737013e+24
6.818181818181818787e-01 3.011880609419880972e+24
6.919191919191919338e-01 1.837857614859779103e+24
7.020202020202019888e-01 1.681659953530831551e+24
7.121212121212121549e-01 1.301994831613264593e+24
7.222222222222222099e-01 1.676188188069967455e+24
7.323232323232323759e-01 1.945390027133707417e+24
7.424242424242424310e-01 2.018534970265667686e+24
7.525252525252525970e-01 2.421943069418731898e+24
7.626262626262626521e-01 2.721976191243480086e+24
7.727272727272727071e-01 1.519322841074664462e+24
7.828282828282828731e-01 1.448867807928140043e+24
7.929292929292929282e-01 1.004551099430269346e+24
8.030303030303029832e-01 1.333593960096340979e+24
8.131313131313131493e-01 1.505606822164732955e+24
8.232323232323233153e-01 2.118635794636088340e+24
8.333333333333333703e-01 2.416416540186398977e+24
8.434343434343434254e-01 1.906249062628245341e+24
8.535353535353535914e-01 1.919823560423486358e+24
8.636363636363636465e-01 1.291976231968607245e+24
8.737373737373737015e-01 1.316494260685576453e+24
8.838383838383838675e-01 1.079305376867472697e+24
8.939393939393940336e-01 1.517886444995112407e+24
9.040404040404040886e-01 1.705923042480094569e+24
9.141414141414141437e-01 2.408404888650885997e+24
9.242424242424243097e-01 2.083148726609101514e+24
9.343434343434343647e-01 2.206342856947173465e+24
9.444444444444444198e-01 2.050365547740793896e+24
9.545454545454545858e-01 2.178266768351799452e+24
9.646464646464647519e-01 1.386800855188382740e+24
9.747474747474748069e-01 1.679823349573992843e+24
9.848484848484848619e-01 1.292374854578825062e+24
9.949494949494950280e-01 1.200800605310912421e+24
1.005050505050505194e+00 1.362694563563746252e+24
1.015151515151515138e+00 1.503029754371560501e+24
1.025252525252525304e+00 1.574670855515949213e+24
1.035353535353535470e+00 1.825833220027481992e+24
1.045454545454545414e+00 1.689519419427736426e+24
1.055555555555555580e+00 1.775926995087941559e+24
1.065656565656565746e+00 1.280063670522256999e+24
1.075757575757575690e+00 1.850857525400161682e+24
1.085858585858585856e+00 2.000428193920629078e+24
1.095959595959596022e+00 1.913162844660996451e+24
1.106060606060605966e+00 8.949035085409516949e+23
1.116161616161616355e+00 1.502691083679582239e+24
1.126262626262626299e+00 1.348240963121242515e+24
1.136363636363636465e+00 1.414643621294261943e+24
1.146464646464646631e+00 1.123650773159918155e+24
1.156565656565656575e+00 1.322655761436571595e+24
1.166666666666666741e+00 9.901423908688512376e+23
1.176767676767676907e+00 1.404095110103049672e+24
1.186868686868686851e+00 1.182749097140500904e+24
1.196969696969697017e+00 1.042169775204086156e+24
1.207070707070707183e+00 1.092342541183972884e+24
1.217171717171717127e+00 1.046241966015951577e+24
1.227272727272727293e+00 1.175343089682876708e+24
1.237373737373737459e+00 1.029052482843015792e+24
1.247474747474747403e+00 1.258281524535719839e+24
1.257575757575757791e+00 1.286255867808312298e+24
1.267676767676767735e+00 1.038877247559711114e+24
1.277777777777777679e+00 1.068382382360045315e+24
1.287878787878788067e+00 1.075993753960677605e+24
1.297979797979798011e+00 1.188338892940399125e+24
1.308080808080808177e+00 1.089629933056415087e+24
1.318181818181818343e+00 1.156284792808567262e+24
1.328282828282828287e+00 1.126687280172676439e+24
1.338383838383838453e+00 1.001869331952959782e+24
1.348484848484848619e+00 8.727617231025712367e+23
1.358585858585858563e+00 8.372047592093676208e+23
1.368686868686868729e+00 7.753642834876715248e+23
1.378787878787878896e+00 6.239201175222180024e+23
1.388888888888888840e+00 7.312780063033864550e+23
1.398989898989899228e+00 7.193246602588107414e+23
1.409090909090909172e+00 8.194796719399479175e+23
1.419191919191919116e+00 7.241878272804304978e+23
1.429292929292929504e+00 6.838318276243008814e+23
1.439393939393939448e+00 6.316333785608199225e+23
1.449494949494949614e+00 4.575485003758673288e+23
1.459595959595959780e+00 3.493298115763217891e+23
1.469696969696969724e+00 5.389274647785416226e+23
1.479797979797979890e+00 5.716116004838441086e+23
1.489898989898990056e+00 4.861187239223564331e+23
1.500000000000000000e+00 3.806091124282608321e+23
