5.000000000000000000e-01 5.503831863403320312e+00
5.101010101010100550e-01 9.468543052673339844e+00
5.202020202020202211e-01 6.682115554809570312e+00
5.303030303030302761e-01 1.082990169525146484e+01
5.404040404040404422e-01 6.852844238281250000e+00
5.505050505050504972e-01 8.903251647949218750e+00
5.606060606060605522e-01 1.189566326141357422e+01
5.707070707070707183e-01 1.138153076171875000e+01
5.808080808080807733e-01 1.148811340332031250e+01
5.909090909090909394e-01 1.044556331634521484e+01
6.010101010101009944e-01 1.335845756530761719e+01
6.111111111111111605e-01 1.669248962402343750e+01
6.212121212121212155e-01 1.595302963256835938e+01
6.313131313131312705e-01 1.615082740783691406e+01
6.414141414141414366e-01 1.337333965301513672e+01
6.515151515151514916e-01 1.904302787780761719e+01
6.616161616161616577e-01 2.220472145080566406e+01
6.717171717171717127e-01 2.305214309692382812e+01
6.818181818181818787e-01 2.955670356750488281e+01
6.919191919191919338e-01 3.669323348999023438e+01
7.020202020202019888e-01 2.699649620056152344e+01
7.121212121212121549e-01 3.539552688598632812e+01
7.222222222222222099e-01 5.583110427856445312e+01
7.323232323232323759e-01 6.267949676513671875e+01
7.424242424242424310e-01 8.668736267089843750e+01
7.525252525252525970e-01 2.309763336181640625e+01
7.626262626262626521e-01 9.168131256103515625e+01
7.727272727272727071e-01 7.253457641601562500e+01
7.828282828282828731e-01 8.479645538330078125e+01
7.929292929292929282e-01 1.366900329589843750e+02
8.030303030303029832e-01 1.158043899536132812e+02
8.131313131313131493e-01 1.894268188476562500e+02
8.232323232323233153e-01 2.012767486572265625e+02
8.333333333333333703e-01 2.559234008789062500e+02
8.434343434343434254e-01 2.875690307617187500e+02
8.535353535353535914e-01 3.363364868164062500e+02
8.636363636363636465e-01 3.954302368164062500e+02
8.737373737373737015e-01 4.377895507812500000e+02
8.838383838383838675e-01 5.196036376953125000e+02
8.939393939393940336e-01 5.691173095703125000e+02
9.040404040404040886e-01 6.416110229492187500e+02
9.141414141414141437e-01 6.693917846679687500e+02
9.242424242424243097e-01 7.191256103515625000e+02
9.343434343434343647e-01 7.654125976562500000e+02
9.444444444444444198e-01 8.162231445312500000e+02
9.545454545454545858e-01 8.645130004882812500e+02
9.646464646464647519e-01 8.960937500000000000e+02
9.747474747474748069e-01 9.158361816406250000e+02
9.848484848484848619e-01 9.192979736328125000e+02
9.949494949494950280e-01 9.431084594726562500e+02
1.005050505050505194e+00 9.452114257812500000e+02
1.015151515151515138e+00 9.626572265625000000e+02
1.025252525252525304e+00 9.648350219726562500e+02
1.035353535353535470e+00 9.689779052734375000e+02
1.045454545454545414e+00 9.286348876953125000e+02
1.055555555555555580e+00 8.720113525390625000e+02
1.065656565656565746e+00 8.180254516601562500e+02
1.075757575757575690e+00 7.789065551757812500e+02
1.085858585858585856e+00 7.185360717773437500e+02
1.095959595959596022e+00 6.489408569335937500e+02
1.106060606060605966e+00 5.982141723632812500e+02
1.116161616161616355e+00 5.483607177734375000e+02
1.126262626262626299e+00 5.058438110351562500e+02
1.136363636363636465e+00 4.549869689941406250e+02
1.146464646464646631e+00 3.933383789062500000e+02
1.156565656565656575e+00 3.214030761718750000e+02
1.166666666666666741e+00 2.516456146240234375e+02
1.176767676767676907e+00 2.022329254150390625e+02
1.186868686868686851e+00 1.793610687255859375e+02
1.196969696969697017e+00 1.544669494628906250e+02
1.207070707070707183e+00 1.248952102661132812e+02
1.217171717171717127e+00 9.703729248046875000e+01
1.227272727272727293e+00 8.424466705322265625e+01
1.237373737373737459e+00 7.167774200439453125e+01
1.247474747474747403e+00 6.248417663574218750e+01
1.257575757575757791e+00 5.059472274780273438e+01
1.267676767676767735e+00 3.731249237060546875e+01
1.277777777777777679e+00 2.642579460144042969e+01
1.287878787878788067e+00 2.087446975708007812e+01
1.297979797979798011e+00 1.677960586547851562e+01
1.308080808080808177e+00 1.252942180633544922e+01
1.318181818181818343e+00 9.647495269775390625e+00
1.328282828282828287e+00 6.819762229919433594e+00
1.338383838383838453e+00 4.304325103759765625e+00
1.348484848484848619e+00 8.015713095664978027e-01
1.358585858585858563e+00 5.800632238388061523e-01
1.368686868686868729e+00 3.005265593528747559e-01
1.378787878787878896e+00 5.239645242691040039e-01
1.388888888888888840e+00 6.330772042274475098e-01
1.398989898989899228e+00 1.110042095184326172e+00
1.409090909090909172e+00 5.251778364181518555e-01
1.419191919191919116e+00 6.984778493642807007e-02
1.429292929292929504e+00 1.537230610847473145e-01
1.439393939393939448e+00 2.027175873517990112e-01
1.449494949494949614e+00 1.352988928556442261e-01
1.459595959595959780e+00 1.249216496944427490e-01
1.469696969696969724e+00 7.672425359487533569e-02
1.479797979797979890e+00 6.411243230104446411e-02
1.489898989898990056e+00 9.978441894054412842e-02
1.500000000000000000e+00 9.836952388286590576e-02
