5.000000000000000000e-01 2.195324687500000000e+05
5.101010101010100550e-01 2.099082968750000000e+05
5.202020202020202211e-01 2.016874062500000000e+05
5.303030303030302761e-01 2.189167031250000000e+05
5.404040404040404422e-01 2.330054531250000000e+05
5.505050505050504972e-01 2.628473750000000000e+05
5.606060606060605522e-01 2.663894062500000000e+05
5.707070707070707183e-01 2.393999375000000000e+05
5.808080808080807733e-01 2.401602812500000000e+05
5.909090909090909394e-01 2.442823281250000000e+05
6.010101010101009944e-01 2.594896406250000000e+05
6.111111111111111605e-01 2.895920000000000000e+05
6.212121212121212155e-01 3.185100625000000000e+05
6.313131313131312705e-01 3.062530937500000000e+05
6.414141414141414366e-01 2.982533750000000000e+05
6.515151515151514916e-01 2.863891562500000000e+05
6.616161616161616577e-01 3.413722812500000000e+05
6.717171717171717127e-01 3.526275000000000000e+05
6.818181818181818787e-01 3.579351562500000000e+05
6.919191919191919338e-01 3.942123750000000000e+05
7.020202020202019888e-01 3.753659375000000000e+05
7.121212121212121549e-01 4.076067812500000000e+05
7.222222222222222099e-01 3.965229062500000000e+05
7.323232323232323759e-01 4.394054375000000000e+05
7.424242424242424310e-01 4.704030625000000000e+05
7.525252525252525970e-01 5.265040625000000000e+05
7.626262626262626521e-01 5.943812500000000000e+05
7.727272727272727071e-01 6.016491875000000000e+05
7.828282828282828731e-01 6.327965625000000000e+05
7.929292929292929282e-01 6.771130000000000000e+05
8.030303030303029832e-01 7.800572500000000000e+05
8.131313131313131493e-01 8.144116875000000000e+05
8.232323232323233153e-01 9.344921875000000000e+05
8.333333333333333703e-01 9.541818125000000000e+05
8.434343434343434254e-01 9.862213750000000000e+05
8.535353535353535914e-01 1.019241312500000000e+06
8.636363636363636465e-01 9.869120625000000000e+05
8.737373737373737015e-01 9.316591875000000000e+05
8.838383838383838675e-01 9.056179375000000000e+05
8.939393939393940336e-01 7.214910000000000000e+05
9.040404040404040886e-01 6.732408750000000000e+05
9.141414141414141437e-01 5.850374375000000000e+05
9.242424242424243097e-01 5.395401875000000000e+05
9.343434343434343647e-01 4.587035312500000000e+05
9.444444444444444198e-01 4.059844062500000000e+05
9.545454545454545858e-01 3.764362500000000000e+05
9.646464646464647519e-01 3.409822812500000000e+05
9.747474747474748069e-01 2.973049062500000000e+05
9.848484848484848619e-01 2.987354062500000000e+05
9.949494949494950280e-01 2.690223750000000000e+05
1.005050505050505194e+00 2.389714687500000000e+05
1.015151515151515138e+00 2.303399218750000000e+05
1.025252525252525304e+00 1.948879687500000000e+05
1.035353535353535470e+00 1.824026093750000000e+05
1.045454545454545414e+00 1.648293125000000000e+05
1.055555555555555580e+00 1.498914843750000000e+05
1.065656565656565746e+00 1.304710156250000000e+05
1.075757575757575690e+00 1.224658515625000000e+05
1.085858585858585856e+00 1.112748125000000000e+05
1.095959595959596022e+00 1.023460546875000000e+05
1.106060606060605966e+00 9.156412500000000000e+04
1.116161616161616355e+00 8.930900000000000000e+04
1.126262626262626299e+00 9.022071093750000000e+04
1.136363636363636465e+00 7.726765625000000000e+04
1.146464646464646631e+00 7.540542187500000000e+04
1.156565656565656575e+00 7.293295312500000000e+04
1.166666666666666741e+00 6.525880078125000000e+04
1.176767676767676907e+00 6.202438671875000000e+04
1.186868686868686851e+00 5.743066015625000000e+04
1.196969696969697017e+00 5.240124218750000000e+04
1.207070707070707183e+00 4.923106640625000000e+04
1.217171717171717127e+00 4.706864843750000000e+04
1.227272727272727293e+00 4.174474609375000000e+04
1.237373737373737459e+00 3.727168359375000000e+04
1.247474747474747403e+00 3.220126562500000000e+04
1.257575757575757791e+00 3.115564648437500000e+04
1.267676767676767735e+00 2.817748046875000000e+04
1.277777777777777679e+00 2.668099218750000000e+04
1.287878787878788067e+00 2.358644335937500000e+04
1.297979797979798011e+00 2.075330468750000000e+04
1.308080808080808177e+00 1.986214453125000000e+04
1.318181818181818343e+00 2.017096484375000000e+04
1.328282828282828287e+00 2.014192578125000000e+04
1.338383838383838453e+00 2.023111718750000000e+04
1.348484848484848619e+00 1.890014453125000000e+04
1.358585858585858563e+00 1.740506250000000000e+04
1.368686868686868729e+00 1.592210546875000000e+04
1.378787878787878896e+00 1.458249804687500000e+04
1.388888888888888840e+00 1.105467968750000000e+04
1.398989898989899228e+00 8.949490234375000000e+03
1.409090909090909172e+00 7.534987304687500000e+03
1.419191919191919116e+00 7.891374023437500000e+03
1.429292929292929504e+00 7.928010742187500000e+03
1.439393939393939448e+00 8.525772460937500000e+03
1.449494949494949614e+00 7.374741699218750000e+03
1.459595959595959780e+00 5.597443359375000000e+03
1.469696969696969724e+00 4.027677246093750000e+03
1.479797979797979890e+00 3.720645263671875000e+03
1.489898989898990056e+00 4.520031250000000000e+03
1.500000000000000000e+00 4.379972167968750000e+03
