5.000000000000000000e-01 2.164433249894400000e+13
5.101010101010100550e-01 1.801006455193600000e+13
5.202020202020202211e-01 1.503793879449600000e+13
5.303030303030302761e-01 1.601682748211200000e+13
5.404040404040404422e-01 1.943121428480000000e+13
5.505050505050504972e-01 2.231922746982400000e+13
5.606060606060605522e-01 2.192692163379200000e+13
5.707070707070707183e-01 1.895189341798400000e+13
5.808080808080807733e-01 1.607365715558400000e+13
5.909090909090909394e-01 1.602963688652800000e+13
6.010101010101009944e-01 1.953742454784000000e+13
6.111111111111111605e-01 2.262654831820800000e+13
6.212121212121212155e-01 2.261030587596800000e+13
6.313131313131312705e-01 2.020212106854400000e+13
6.414141414141414366e-01 1.742646175334400000e+13
6.515151515151514916e-01 1.712644633395200000e+13
6.616161616161616577e-01 1.898791829504000000e+13
6.717171717171717127e-01 2.213062429900800000e+13
6.818181818181818787e-01 2.367474473369600000e+13
6.919191919191919338e-01 2.269224999321600000e+13
7.020202020202019888e-01 2.096979614105600000e+13
7.121212121212121549e-01 1.826207301632000000e+13
7.222222222222222099e-01 1.825556345651200000e+13
7.323232323232323759e-01 2.062221626572800000e+13
7.424242424242424310e-01 2.297785902694400000e+13
7.525252525252525970e-01 2.491232655769600000e+13
7.626262626262626521e-01 2.392141804339200000e+13
7.727272727272727071e-01 2.231290665369600000e+13
7.828282828282828731e-01 2.050071566745600000e+13
7.929292929292929282e-01 1.909325614284800000e+13
8.030303030303029832e-01 2.005898625024000000e+13
8.131313131313131493e-01 2.241741193216000000e+13
8.232323232323233153e-01 2.533226446848000000e+13
8.333333333333333703e-01 2.550529209139200000e+13
8.434343434343434254e-01 2.503010890547200000e+13
8.535353535353535914e-01 2.408110148812800000e+13
8.636363636363636465e-01 2.250187472896000000e+13
8.737373737373737015e-01 2.184307330252800000e+13
8.838383838383838675e-01 2.176861811507200000e+13
8.939393939393940336e-01 2.328499322880000000e+13
9.040404040404040886e-01 2.577876910080000000e+13
9.141414141414141437e-01 2.640595805798400000e+13
9.242424242424243097e-01 2.797113599590400000e+13
9.343434343434343647e-01 2.777528087347200000e+13
9.444444444444444198e-01 2.809366210150400000e+13
9.545454545454545858e-01 2.699782048972800000e+13
9.646464646464647519e-01 2.590395439513600000e+13
9.747474747474748069e-01 2.617708956876800000e+13
9.848484848484848619e-01 2.608074850304000000e+13
9.949494949494950280e-01 2.681886212096000000e+13
1.005050505050505194e+00 2.815248511795200000e+13
1.015151515151515138e+00 2.924892441804800000e+13
1.025252525252525304e+00 3.096752160768000000e+13
1.035353535353535470e+00 3.149547962368000000e+13
1.045454545454545414e+00 3.303789507379200000e+13
1.055555555555555580e+00 3.403158860595200000e+13
1.065656565656565746e+00 3.400179017318400000e+13
1.075757575757575690e+00 3.520573787340800000e+13
1.085858585858585856e+00 3.584967258931200000e+13
1.095959595959596022e+00 3.525567945113600000e+13
1.106060606060605966e+00 3.549426823987200000e+13
1.116161616161616355e+00 3.464933408768000000e+13
1.126262626262626299e+00 3.568043661721600000e+13
1.136363636363636465e+00 3.408880310681600000e+13
1.146464646464646631e+00 3.391439975219200000e+13
1.156565656565656575e+00 3.321926726451200000e+13
1.166666666666666741e+00 3.215394970009600000e+13
1.176767676767676907e+00 3.083646638489600000e+13
1.186868686868686851e+00 2.891427138764800000e+13
1.196969696969697017e+00 2.732869025792000000e+13
1.207070707070707183e+00 2.483964136652800000e+13
1.217171717171717127e+00 2.312745517056000000e+13
1.227272727272727293e+00 2.128161328332800000e+13
1.237373737373737459e+00 1.890293540454400000e+13
1.247474747474747403e+00 1.729717128396800000e+13
1.257575757575757791e+00 1.577941204992000000e+13
1.267676767676767735e+00 1.394852390502400000e+13
1.277777777777777679e+00 1.270615847731200000e+13
1.287878787878788067e+00 1.132085431500800000e+13
1.297979797979798011e+00 1.057787111014400000e+13
1.308080808080808177e+00 9.218574778368000000e+12
1.318181818181818343e+00 8.469838036992000000e+12
1.328282828282828287e+00 7.916382846976000000e+12
1.338383838383838453e+00 7.074211692544000000e+12
1.348484848484848619e+00 6.697191997440000000e+12
1.358585858585858563e+00 5.858675654656000000e+12
1.368686868686868729e+00 5.433224855552000000e+12
1.378787878787878896e+00 4.472368529408000000e+12
1.388888888888888840e+00 3.861613117440000000e+12
1.398989898989899228e+00 3.175099400192000000e+12
1.409090909090909172e+00 2.813496918016000000e+12
1.419191919191919116e+00 2.729219981312000000e+12
1.429292929292929504e+00 2.636109316096000000e+12
1.439393939393939448e+00 2.431864012800000000e+12
1.449494949494949614e+00 2.076555739136000000e+12
1.459595959595959780e+00 1.669811929088000000e+12
1.469696969696969724e+00 1.282898395136000000e+12
1.479797979797979890e+00 1.216865370112000000e+12
1.489898989898990056e+00 1.244712665088000000e+12
1.500000000000000000e+00 1.120672677888000000e+12
