5.000000000000000000e-01 2.476309760000000000e+09
5.101010101010100550e-01 1.601355136000000000e+09
5.202020202020202211e-01 1.324123520000000000e+09
5.303030303030302761e-01 1.340962432000000000e+09
5.404040404040404422e-01 1.950666240000000000e+09
5.505050505050504972e-01 2.546980864000000000e+09
5.606060606060605522e-01 2.250260480000000000e+09
5.707070707070707183e-01 1.841093120000000000e+09
5.808080808080807733e-01 1.382046208000000000e+09
5.909090909090909394e-01 1.202663168000000000e+09
6.010101010101009944e-01 2.082649216000000000e+09
6.111111111111111605e-01 2.421613568000000000e+09
6.212121212121212155e-01 2.246708992000000000e+09
6.313131313131312705e-01 2.479776000000000000e+09
6.414141414141414366e-01 1.764242176000000000e+09
6.515151515151514916e-01 1.301993088000000000e+09
6.616161616161616577e-01 1.401409408000000000e+09
6.717171717171717127e-01 2.407604224000000000e+09
6.818181818181818787e-01 2.784848128000000000e+09
6.919191919191919338e-01 2.306393600000000000e+09
7.020202020202019888e-01 2.053857536000000000e+09
7.121212121212121549e-01 1.132821632000000000e+09
7.222222222222222099e-01 1.117299456000000000e+09
7.323232323232323759e-01 1.673559936000000000e+09
7.424242424242424310e-01 2.294556160000000000e+09
7.525252525252525970e-01 2.585746176000000000e+09
7.626262626262626521e-01 2.785536000000000000e+09
7.727272727272727071e-01 1.740326656000000000e+09
7.828282828282828731e-01 1.516111616000000000e+09
7.929292929292929282e-01 1.299385600000000000e+09
8.030303030303029832e-01 1.366640000000000000e+09
8.131313131313131493e-01 2.029558016000000000e+09
8.232323232323233153e-01 2.280353792000000000e+09
8.333333333333333703e-01 2.222393856000000000e+09
8.434343434343434254e-01 2.142930304000000000e+09
8.535353535353535914e-01 2.143386624000000000e+09
8.636363636363636465e-01 1.693600000000000000e+09
8.737373737373737015e-01 1.163618304000000000e+09
8.838383838383838675e-01 1.347984768000000000e+09
8.939393939393940336e-01 1.435510272000000000e+09
9.040404040404040886e-01 1.782247168000000000e+09
9.141414141414141437e-01 1.695615872000000000e+09
9.242424242424243097e-01 1.661838720000000000e+09
9.343434343434343647e-01 2.456093952000000000e+09
9.444444444444444198e-01 2.263166720000000000e+09
9.545454545454545858e-01 1.806074368000000000e+09
9.646464646464647519e-01 1.895479936000000000e+09
9.747474747474748069e-01 1.240135424000000000e+09
9.848484848484848619e-01 1.119543808000000000e+09
9.949494949494950280e-01 1.135020032000000000e+09
1.005050505050505194e+00 1.203714304000000000e+09
1.015151515151515138e+00 1.437411840000000000e+09
1.025252525252525304e+00 1.577625984000000000e+09
1.035353535353535470e+00 1.419470848000000000e+09
1.045454545454545414e+00 1.523150592000000000e+09
1.055555555555555580e+00 1.597270912000000000e+09
1.065656565656565746e+00 2.106612864000000000e+09
1.075757575757575690e+00 1.363941760000000000e+09
1.085858585858585856e+00 2.096250496000000000e+09
1.095959595959596022e+00 1.562736640000000000e+09
1.106060606060605966e+00 1.549093888000000000e+09
1.116161616161616355e+00 1.277917056000000000e+09
1.126262626262626299e+00 1.521035904000000000e+09
1.136363636363636465e+00 1.434189440000000000e+09
1.146464646464646631e+00 1.088786048000000000e+09
1.156565656565656575e+00 1.300957824000000000e+09
1.166666666666666741e+00 1.399884288000000000e+09
1.176767676767676907e+00 1.344840192000000000e+09
1.186868686868686851e+00 1.205611136000000000e+09
1.196969696969697017e+00 1.320807680000000000e+09
1.207070707070707183e+00 1.040841216000000000e+09
1.217171717171717127e+00 8.470354560000000000e+08
1.227272727272727293e+00 1.481794560000000000e+09
1.237373737373737459e+00 1.205611776000000000e+09
1.247474747474747403e+00 9.983391360000000000e+08
1.257575757575757791e+00 1.058698176000000000e+09
1.267676767676767735e+00 1.176331264000000000e+09
1.277777777777777679e+00 1.395554176000000000e+09
1.287878787878788067e+00 1.253733888000000000e+09
1.297979797979798011e+00 1.232913280000000000e+09
1.308080808080808177e+00 1.266126720000000000e+09
1.318181818181818343e+00 1.005595776000000000e+09
1.328282828282828287e+00 6.933877760000000000e+08
1.338383838383838453e+00 1.069058560000000000e+09
1.348484848484848619e+00 7.904938240000000000e+08
1.358585858585858563e+00 8.963127680000000000e+08
1.368686868686868729e+00 9.061065600000000000e+08
1.378787878787878896e+00 7.971052160000000000e+08
1.388888888888888840e+00 7.931173760000000000e+08
1.398989898989899228e+00 1.033159744000000000e+09
1.409090909090909172e+00 8.163612800000000000e+08
1.419191919191919116e+00 9.843511040000000000e+08
1.429292929292929504e+00 8.681776640000000000e+08
1.439393939393939448e+00 9.365347200000000000e+08
1.449494949494949614e+00 7.252635520000000000e+08
1.459595959595959780e+00 8.620558080000000000e+08
1.469696969696969724e+00 8.146782720000000000e+08
1.479797979797979890e+00 8.400937600000000000e+08
1.489898989898990056e+00 8.369780480000000000e+08
1.500000000000000000e+00 7.745713920000000000e+08
