5.000000000000000000e-01 8.825684728402149376e+18
5.101010101010100550e-01 8.521128253845405696e+18
5.202020202020202211e-01 8.630179466355671040e+18
5.303030303030302761e-01 9.391345527741743104e+18
5.404040404040404422e-01 9.981061992229634048e+18
5.505050505050504972e-01 1.014879578958174618e+19
5.606060606060605522e-01 1.000518527734303949e+19
5.707070707070707183e-01 9.539941225700786176e+18
5.808080808080807733e-01 9.677337298219302912e+18
5.909090909090909394e-01 1.039119302352961536e+19
6.010101010101009944e-01 1.087173567996074394e+19
6.111111111111111605e-01 1.091217241909546189e+19
6.212121212121212155e-01 1.047449092493829734e+19
6.313131313131312705e-01 9.942026030908702720e+18
6.414141414141414366e-01 1.008484269575215514e+19
6.515151515151514916e-01 1.039706551513356698e+19
6.616161616161616577e-01 1.068021284903007027e+19
6.717171717171717127e-01 1.055008784690603622e+19
6.818181818181818787e-01 1.007878218765985382e+19
6.919191919191919338e-01 9.366336036256350208e+18
7.020202020202019888e-01 9.056136868025860096e+18
7.121212121212121549e-01 9.023639702355312640e+18
7.222222222222222099e-01 9.093783596405096448e+18
7.323232323232323759e-01 9.073856047663284224e+18
7.424242424242424310e-01 8.527434502786514944e+18
7.525252525252525970e-01 7.991024011280646144e+18
7.626262626262626521e-01 7.335194462370398208e+18
7.727272727272727071e-01 6.956223040845774848e+18
7.828282828282828731e-01 6.901238113608138752e+18
7.929292929292929282e-01 6.992139687678705664e+18
8.030303030303029832e-01 6.847221856114573312e+18
8.131313131313131493e-01 6.532731843756687360e+18
8.232323232323233153e-01 6.024688752247439360e+18
8.333333333333333703e-01 5.473414512801480704e+18
8.434343434343434254e-01 4.954872734514413568e+18
8.535353535353535914e-01 4.713350711822254080e+18
8.636363636363636465e-01 4.613326489776029696e+18
8.737373737373737015e-01 4.693572696661819392e+18
8.838383838383838675e-01 4.635080877087391744e+18
8.939393939393940336e-01 4.525393597100457984e+18
9.040404040404040886e-01 4.240714093750648832e+18
9.141414141414141437e-01 3.907435626697326592e+18
9.242424242424243097e-01 3.525236039033552896e+18
9.343434343434343647e-01 3.220544049668685824e+18
9.444444444444444198e-01 2.938147132458139648e+18
9.545454545454545858e-01 2.850944315503411200e+18
9.646464646464647519e-01 2.831039031872061440e+18
9.747474747474748069e-01 2.811057607060488192e+18
9.848484848484848619e-01 2.829714944994312192e+18
9.949494949494950280e-01 2.810292896723369984e+18
1.005050505050505194e+00 2.676367982413742080e+18
1.015151515151515138e+00 2.580215415686823936e+18
1.025252525252525304e+00 2.411560227590635520e+18
1.035353535353535470e+00 2.178647106066055168e+18
1.045454545454545414e+00 1.999818686633869312e+18
1.055555555555555580e+00 1.788253957752094720e+18
1.065656565656565746e+00 1.652269520724688896e+18
1.075757575757575690e+00 1.509372591532408832e+18
1.085858585858585856e+00 1.396883481039994880e+18
1.095959595959596022e+00 1.317557977703514112e+18
1.106060606060605966e+00 1.242944843764727808e+18
1.116161616161616355e+00 1.186725577285959680e+18
1.126262626262626299e+00 1.156753852385460224e+18
1.136363636363636465e+00 1.123412193065304064e+18
1.146464646464646631e+00 1.073168359966638080e+18
1.156565656565656575e+00 1.039360232838397952e+18
1.166666666666666741e+00 9.987651640292802560e+17
1.176767676767676907e+00 9.540234245549588480e+17
1.186868686868686851e+00 9.021010495175393280e+17
1.196969696969697017e+00 8.599685885748838400e+17
1.207070707070707183e+00 7.901403918012252160e+17
1.217171717171717127e+00 7.438102703416279040e+17
1.227272727272727293e+00 6.875081968933928960e+17
1.237373737373737459e+00 6.366160642511994880e+17
1.247474747474747403e+00 5.725440513671168000e+17
1.257575757575757791e+00 5.187327497129164800e+17
1.267676767676767735e+00 4.661777775324037120e+17
1.277777777777777679e+00 4.144648938198138880e+17
1.287878787878788067e+00 3.833968527472066560e+17
1.297979797979798011e+00 3.629765509974589440e+17
1.308080808080808177e+00 3.496502639103836160e+17
1.318181818181818343e+00 3.543122962913689600e+17
1.328282828282828287e+00 3.678637083842314240e+17
1.338383838383838453e+00 3.719057880058429440e+17
1.348484848484848619e+00 3.747458265403883520e+17
1.358585858585858563e+00 3.585783670474014720e+17
1.368686868686868729e+00 3.233206712768921600e+17
1.378787878787878896e+00 2.714048417696317440e+17
1.388888888888888840e+00 2.115748821844623360e+17
1.398989898989899228e+00 1.586542708481064960e+17
1.409090909090909172e+00 1.352432802909388800e+17
1.419191919191919116e+00 1.505510591299584000e+17
1.429292929292929504e+00 1.707494656893255680e+17
1.439393939393939448e+00 1.731736654902722560e+17
1.449494949494949614e+00 1.492023534996684800e+17
1.459595959595959780e+00 1.072886352413982720e+17
1.469696969696969724e+00 6.958209085263052800e+16
1.479797979797979890e+00 7.528961705771008000e+16
1.489898989898990056e+00 9.275332345043353600e+16
1.500000000000000000e+00 8.870686296218009600e+16
