5.000000000000000000e-01 4.670812129974365234e+00
5.101010101010100550e-01 5.423496723175048828e+00
5.202020202020202211e-01 4.684858322143554688e+00
5.303030303030302761e-01 2.665939092636108398e+00
5.404040404040404422e-01 1.038595288991928101e-01
5.505050505050504972e-01 2.895106077194213867e+00
5.606060606060605522e-01 4.983247756958007812e+00
5.707070707070707183e-01 5.833050727844238281e+00
5.808080808080807733e-01 5.227888584136962891e+00
5.909090909090909394e-01 3.314325094223022461e+00
6.010101010101009944e-01 5.550575256347656250e-01
6.111111111111111605e-01 2.392561912536621094e+00
6.212121212121212155e-01 4.837831020355224609e+00
6.313131313131312705e-01 6.217071056365966797e+00
6.414141414141414366e-01 6.217959880828857422e+00
6.515151515151514916e-01 4.837986946105957031e+00
6.616161616161616577e-01 2.373297452926635742e+00
6.717171717171717127e-01 6.559563875198364258e-01
6.818181818181818787e-01 3.623986482620239258e+00
6.919191919191919338e-01 5.930974960327148438e+00
7.020202020202019888e-01 7.120208263397216797e+00
7.121212121212121549e-01 6.962029933929443359e+00
7.222222222222222099e-01 5.481787681579589844e+00
7.323232323232323759e-01 2.946373462677001953e+00
7.424242424242424310e-01 1.988642513751983643e-01
7.525252525252525970e-01 3.416321039199829102e+00
7.626262626262626521e-01 6.171527862548828125e+00
7.727272727272727071e-01 8.019492149353027344e+00
7.828282828282828731e-01 8.669593811035156250e+00
7.929292929292929282e-01 8.017355918884277344e+00
8.030303030303029832e-01 6.149685382843017578e+00
8.131313131313131493e-01 3.314834594726562500e+00
8.232323232323233153e-01 1.221206188201904297e-01
8.333333333333333703e-01 3.735535860061645508e+00
8.434343434343434254e-01 7.099069595336914062e+00
8.535353535353535914e-01 9.832711219787597656e+00
8.636363636363636465e-01 1.164598846435546875e+01
8.737373737373737015e-01 1.235330295562744141e+01
8.838383838383838675e-01 1.188058376312255859e+01
8.939393939393940336e-01 1.025840950012207031e+01
9.040404040404040886e-01 7.600090026855468750e+00
9.141414141414141437e-01 4.071855545043945312e+00
9.242424242424243097e-01 1.309030652046203613e-01
9.343434343434343647e-01 4.817296028137207031e+00
9.444444444444444198e-01 9.818220138549804688e+00
9.545454545454545858e-01 1.508729934692382812e+01
9.646464646464647519e-01 1.236448192596435547e+01
9.747474747474748069e-01 2.378796997070312500e+02
9.848484848484848619e-01 2.080538818359375000e+03
9.949494949494950280e-01 7.553074218750000000e+03
1.005050505050505194e+00 9.652462890625000000e+03
1.015151515151515138e+00 4.510947265625000000e+03
1.025252525252525304e+00 7.307902832031250000e+02
1.035353535353535470e+00 6.158057403564453125e+01
1.045454545454545414e+00 1.326379299163818359e+01
1.055555555555555580e+00 1.278941917419433594e+01
1.065656565656565746e+00 1.164545059204101562e+01
1.075757575757575690e+00 1.066268634796142578e+01
1.085858585858585856e+00 9.756002426147460938e+00
1.095959595959596022e+00 8.897380828857421875e+00
1.106060606060605966e+00 8.084188461303710938e+00
1.116161616161616355e+00 7.320546150207519531e+00
1.126262626262626299e+00 6.612899780273437500e+00
1.136363636363636465e+00 5.965408802032470703e+00
1.146464646464646631e+00 5.380290985107421875e+00
1.156565656565656575e+00 4.856354236602783203e+00
1.166666666666666741e+00 4.390626907348632812e+00
1.176767676767676907e+00 3.978382587432861328e+00
1.186868686868686851e+00 3.613997459411621094e+00
1.196969696969697017e+00 3.290444135665893555e+00
1.207070707070707183e+00 3.000590562820434570e+00
1.217171717171717127e+00 2.737103223800659180e+00
1.227272727272727293e+00 2.492531061172485352e+00
1.237373737373737459e+00 2.260116100311279297e+00
1.247474747474747403e+00 2.032958269119262695e+00
1.257575757575757791e+00 1.805704116821289062e+00
1.267676767676767735e+00 1.573487877845764160e+00
1.277777777777777679e+00 1.333271384239196777e+00
1.287878787878788067e+00 1.083446502685546875e+00
1.297979797979798011e+00 8.249958753585815430e-01
1.308080808080808177e+00 5.613940358161926270e-01
1.318181818181818343e+00 2.989031672477722168e-01
1.328282828282828287e+00 4.676898196339607239e-02
1.338383838383838453e+00 1.831061094999313354e-01
1.348484848484848619e+00 3.772045075893402100e-01
1.358585858585858563e+00 5.215080976486206055e-01
1.368686868686868729e+00 6.037170290946960449e-01
1.378787878787878896e+00 6.157144904136657715e-01
1.388888888888888840e+00 5.562877655029296875e-01
1.398989898989899228e+00 4.331471920013427734e-01
1.409090909090909172e+00 2.641853988170623779e-01
1.419191919191919116e+00 7.663948833942413330e-02
1.429292929292929504e+00 9.659127891063690186e-02
1.439393939393939448e+00 2.231016755104064941e-01
1.449494949494949614e+00 2.786291241645812988e-01
1.459595959595959780e+00 2.552251815795898438e-01
1.469696969696969724e+00 1.656729131937026978e-01
1.479797979797979890e+00 4.235634580254554749e-02
1.489898989898990056e+00 7.157252728939056396e-02
1.500000000000000000e+00 1.368865221738815308e-01
