5.000000000000000000e-01 3.596948602880000000e+11
5.101010101010100550e-01 2.832533422080000000e+11
5.202020202020202211e-01 1.767601930240000000e+11
5.303030303030302761e-01 1.996882575360000000e+11
5.404040404040404422e-01 3.005272883200000000e+11
5.505050505050504972e-01 3.590594232320000000e+11
5.606060606060605522e-01 3.623979253760000000e+11
5.707070707070707183e-01 2.804337541120000000e+11
5.808080808080807733e-01 1.878745088000000000e+11
5.909090909090909394e-01 1.902073118720000000e+11
6.010101010101009944e-01 2.789854085120000000e+11
6.111111111111111605e-01 3.479556259840000000e+11
6.212121212121212155e-01 3.525816483840000000e+11
6.313131313131312705e-01 3.008506429440000000e+11
6.414141414141414366e-01 2.148689510400000000e+11
6.515151515151514916e-01 1.774510735360000000e+11
6.616161616161616577e-01 2.218965893120000000e+11
6.717171717171717127e-01 3.099799060480000000e+11
6.818181818181818787e-01 3.535573483520000000e+11
6.919191919191919338e-01 3.539840204800000000e+11
7.020202020202019888e-01 2.750063575040000000e+11
7.121212121212121549e-01 2.101326315520000000e+11
7.222222222222222099e-01 1.816123310080000000e+11
7.323232323232323759e-01 2.234029834240000000e+11
7.424242424242424310e-01 3.064490229760000000e+11
7.525252525252525970e-01 3.314958336000000000e+11
7.626262626262626521e-01 3.420680028160000000e+11
7.727272727272727071e-01 2.976169656320000000e+11
7.828282828282828731e-01 2.228913930240000000e+11
7.929292929292929282e-01 1.720330485760000000e+11
8.030303030303029832e-01 1.854668636160000000e+11
8.131313131313131493e-01 2.411712020480000000e+11
8.232323232323233153e-01 2.968545853440000000e+11
8.333333333333333703e-01 3.038968217600000000e+11
8.434343434343434254e-01 3.180101304320000000e+11
8.535353535353535914e-01 2.846240276480000000e+11
8.636363636363636465e-01 2.411155128320000000e+11
8.737373737373737015e-01 1.856648478720000000e+11
8.838383838383838675e-01 1.644101632000000000e+11
8.939393939393940336e-01 1.851643822080000000e+11
9.040404040404040886e-01 2.237980016640000000e+11
9.141414141414141437e-01 2.547978240000000000e+11
9.242424242424243097e-01 2.960024535040000000e+11
9.343434343434343647e-01 3.046827622400000000e+11
9.444444444444444198e-01 2.878092083200000000e+11
9.545454545454545858e-01 2.521358663680000000e+11
9.646464646464647519e-01 2.326091694080000000e+11
9.747474747474748069e-01 1.988064378880000000e+11
9.848484848484848619e-01 1.758083153920000000e+11
9.949494949494950280e-01 1.595057111040000000e+11
1.005050505050505194e+00 1.769780510720000000e+11
1.015151515151515138e+00 1.863729315840000000e+11
1.025252525252525304e+00 2.121144893440000000e+11
1.035353535353535470e+00 2.217882255360000000e+11
1.045454545454545414e+00 2.298465976320000000e+11
1.055555555555555580e+00 2.531555082240000000e+11
1.065656565656565746e+00 2.454216212480000000e+11
1.075757575757575690e+00 2.483252428800000000e+11
1.085858585858585856e+00 2.484149944320000000e+11
1.095959595959596022e+00 2.414932951040000000e+11
1.106060606060605966e+00 2.356921139200000000e+11
1.116161616161616355e+00 2.137851166720000000e+11
1.126262626262626299e+00 2.088955248640000000e+11
1.136363636363636465e+00 2.012807004160000000e+11
1.146464646464646631e+00 1.871055585280000000e+11
1.156565656565656575e+00 1.861856133120000000e+11
1.166666666666666741e+00 1.729646428160000000e+11
1.176767676767676907e+00 1.646324449280000000e+11
1.186868686868686851e+00 1.632126074880000000e+11
1.196969696969697017e+00 1.613287424000000000e+11
1.207070707070707183e+00 1.589321728000000000e+11
1.217171717171717127e+00 1.630304993280000000e+11
1.227272727272727293e+00 1.545062973440000000e+11
1.237373737373737459e+00 1.528017551360000000e+11
1.247474747474747403e+00 1.554284707840000000e+11
1.257575757575757791e+00 1.580015452160000000e+11
1.267676767676767735e+00 1.562478018560000000e+11
1.277777777777777679e+00 1.539597598720000000e+11
1.287878787878788067e+00 1.574292684800000000e+11
1.297979797979798011e+00 1.550741012480000000e+11
1.308080808080808177e+00 1.453597327360000000e+11
1.318181818181818343e+00 1.394792693760000000e+11
1.328282828282828287e+00 1.334657761280000000e+11
1.338383838383838453e+00 1.208557813760000000e+11
1.348484848484848619e+00 1.140697661440000000e+11
1.358585858585858563e+00 1.005898219520000000e+11
1.368686868686868729e+00 9.775693824000000000e+10
1.378787878787878896e+00 9.782059008000000000e+10
1.388888888888888840e+00 9.868351897600000000e+10
1.398989898989899228e+00 1.070968995840000000e+11
1.409090909090909172e+00 1.123806986240000000e+11
1.419191919191919116e+00 1.009173544960000000e+11
1.429292929292929504e+00 9.056207667200000000e+10
1.439393939393939448e+00 8.354684108800000000e+10
1.449494949494949614e+00 7.534508441600000000e+10
1.459595959595959780e+00 7.659953356800000000e+10
1.469696969696969724e+00 8.783369830400000000e+10
1.479797979797979890e+00 8.154422476800000000e+10
1.489898989898990056e+00 7.070257971200000000e+10
1.500000000000000000e+00 6.767824486400000000e+10
