5.000000000000000000e-01 7.415105438232421875e+01
5.101010101010100550e-01 6.808580017089843750e+01
5.202020202020202211e-01 5.095027542114257812e+01
5.303030303030302761e-01 4.804251861572265625e+01
5.404040404040404422e-01 5.894870758056640625e+01
5.505050505050504972e-01 9.462935638427734375e+01
5.606060606060605522e-01 7.912350463867187500e+01
5.707070707070707183e-01 7.571176147460937500e+01
5.808080808080807733e-01 4.295221710205078125e+01
5.909090909090909394e-01 5.593010330200195312e+01
6.010101010101009944e-01 6.976448822021484375e+01
6.111111111111111605e-01 8.057135009765625000e+01
6.212121212121212155e-01 7.986495208740234375e+01
6.313131313131312705e-01 7.686399078369140625e+01
6.414141414141414366e-01 7.451154327392578125e+01
6.515151515151514916e-01 4.244393920898437500e+01
6.616161616161616577e-01 7.844895172119140625e+01
6.717171717171717127e-01 6.967397308349609375e+01
6.818181818181818787e-01 1.007797317504882812e+02
6.919191919191919338e-01 7.047970581054687500e+01
7.020202020202019888e-01 6.807535552978515625e+01
7.121212121212121549e-01 6.288714981079101562e+01
7.222222222222222099e-01 4.634806060791015625e+01
7.323232323232323759e-01 5.636546325683593750e+01
7.424242424242424310e-01 8.286093902587890625e+01
7.525252525252525970e-01 6.789077758789062500e+01
7.626262626262626521e-01 9.173409271240234375e+01
7.727272727272727071e-01 7.116349029541015625e+01
7.828282828282828731e-01 5.811418914794921875e+01
7.929292929292929282e-01 5.921575927734375000e+01
8.030303030303029832e-01 5.996010208129882812e+01
8.131313131313131493e-01 7.504971313476562500e+01
8.232323232323233153e-01 8.778335571289062500e+01
8.333333333333333703e-01 9.430361938476562500e+01
8.434343434343434254e-01 8.590713500976562500e+01
8.535353535353535914e-01 7.342934417724609375e+01
8.636363636363636465e-01 6.846943664550781250e+01
8.737373737373737015e-01 6.462351226806640625e+01
8.838383838383838675e-01 6.047308731079101562e+01
8.939393939393940336e-01 6.252714538574218750e+01
9.040404040404040886e-01 6.909535217285156250e+01
9.141414141414141437e-01 8.020864105224609375e+01
9.242424242424243097e-01 1.001203613281250000e+02
9.343434343434343647e-01 8.936891174316406250e+01
9.444444444444444198e-01 8.613587188720703125e+01
9.545454545454545858e-01 8.846759033203125000e+01
9.646464646464647519e-01 6.089526367187500000e+01
9.747474747474748069e-01 1.092936248779296875e+02
9.848484848484848619e-01 9.513715820312500000e+02
9.949494949494950280e-01 5.085630859375000000e+03
1.005050505050505194e+00 9.917758789062500000e+03
1.015151515151515138e+00 6.889799804687500000e+03
1.025252525252525304e+00 1.789308593750000000e+03
1.035353535353535470e+00 1.152904281616210938e+02
1.045454545454545414e+00 5.745682144165039062e+01
1.055555555555555580e+00 5.909192657470703125e+01
1.065656565656565746e+00 6.799234008789062500e+01
1.075757575757575690e+00 6.035558319091796875e+01
1.085858585858585856e+00 5.550008010864257812e+01
1.095959595959596022e+00 7.921578216552734375e+01
1.106060606060605966e+00 7.051162719726562500e+01
1.116161616161616355e+00 7.982672119140625000e+01
1.126262626262626299e+00 9.113335418701171875e+01
1.136363636363636465e+00 6.593680572509765625e+01
1.146464646464646631e+00 9.045088958740234375e+01
1.156565656565656575e+00 7.133376312255859375e+01
1.166666666666666741e+00 9.143165588378906250e+01
1.176767676767676907e+00 9.246325683593750000e+01
1.186868686868686851e+00 8.608040618896484375e+01
1.196969696969697017e+00 7.790048980712890625e+01
1.207070707070707183e+00 9.978349304199218750e+01
1.217171717171717127e+00 8.344515228271484375e+01
1.227272727272727293e+00 1.024541015625000000e+02
1.237373737373737459e+00 9.617996978759765625e+01
1.247474747474747403e+00 1.101273880004882812e+02
1.257575757575757791e+00 1.224131622314453125e+02
1.267676767676767735e+00 1.499851989746093750e+02
1.277777777777777679e+00 1.245401611328125000e+02
1.287878787878788067e+00 1.951722259521484375e+02
1.297979797979798011e+00 1.696114959716796875e+02
1.308080808080808177e+00 2.437466735839843750e+02
1.318181818181818343e+00 3.289919738769531250e+02
1.328282828282828287e+00 3.927138671875000000e+02
1.338383838383838453e+00 3.434369506835937500e+02
1.348484848484848619e+00 2.496174926757812500e+02
1.358585858585858563e+00 1.998004760742187500e+02
1.368686868686868729e+00 1.459104003906250000e+02
1.378787878787878896e+00 1.010404281616210938e+02
1.388888888888888840e+00 6.511112976074218750e+01
1.398989898989899228e+00 4.924478530883789062e+01
1.409090909090909172e+00 5.040754699707031250e+01
1.419191919191919116e+00 3.718003082275390625e+01
1.429292929292929504e+00 2.839326286315917969e+01
1.439393939393939448e+00 2.403642845153808594e+01
1.449494949494949614e+00 2.339681053161621094e+01
1.459595959595959780e+00 1.508548641204833984e+01
1.469696969696969724e+00 1.344779968261718750e+01
1.479797979797979890e+00 1.079821681976318359e+01
1.489898989898990056e+00 1.005904388427734375e+01
1.500000000000000000e+00 1.034744167327880859e+01
