5.000000000000000000e-01 1.630856640625000000e+04
5.101010101010100550e-01 1.277127246093750000e+04
5.202020202020202211e-01 8.586121093750000000e+03
5.303030303030302761e-01 8.796119140625000000e+03
5.404040404040404422e-01 1.312206152343750000e+04
5.505050505050504972e-01 1.607123730468750000e+04
5.606060606060605522e-01 1.597517285156250000e+04
5.707070707070707183e-01 1.271510351562500000e+04
5.808080808080807733e-01 8.883145507812500000e+03
5.909090909090909394e-01 8.634320312500000000e+03
6.010101010101009944e-01 1.225193164062500000e+04
6.111111111111111605e-01 1.540258789062500000e+04
6.212121212121212155e-01 1.597593066406250000e+04
6.313131313131312705e-01 1.380280078125000000e+04
6.414141414141414366e-01 1.007336914062500000e+04
6.515151515151514916e-01 8.255295898437500000e+03
6.616161616161616577e-01 1.032900781250000000e+04
6.717171717171717127e-01 1.381685449218750000e+04
6.818181818181818787e-01 1.540426660156250000e+04
6.919191919191919338e-01 1.517726074218750000e+04
7.020202020202019888e-01 1.279171679687500000e+04
7.121212121212121549e-01 9.581474609375000000e+03
7.222222222222222099e-01 8.369160156250000000e+03
7.323232323232323759e-01 1.031343066406250000e+04
7.424242424242424310e-01 1.322052832031250000e+04
7.525252525252525970e-01 1.483188476562500000e+04
7.626262626262626521e-01 1.515787402343750000e+04
7.727272727272727071e-01 1.349632519531250000e+04
7.828282828282828731e-01 1.067875292968750000e+04
7.929292929292929282e-01 8.511677734375000000e+03
8.030303030303029832e-01 8.901229492187500000e+03
8.131313131313131493e-01 1.075738183593750000e+04
8.232323232323233153e-01 1.326893164062500000e+04
8.333333333333333703e-01 1.434853027343750000e+04
8.434343434343434254e-01 1.465491503906250000e+04
8.535353535353535914e-01 1.302517285156250000e+04
8.636363636363636465e-01 1.136011718750000000e+04
8.737373737373737015e-01 9.368405273437500000e+03
8.838383838383838675e-01 8.261655273437500000e+03
8.939393939393940336e-01 8.958407226562500000e+03
9.040404040404040886e-01 1.037097753906250000e+04
9.141414141414141437e-01 1.206240136718750000e+04
9.242424242424243097e-01 1.316937109375000000e+04
9.343434343434343647e-01 1.346882519531250000e+04
9.444444444444444198e-01 1.326821191406250000e+04
9.545454545454545858e-01 1.244821191406250000e+04
9.646464646464647519e-01 1.091963964843750000e+04
9.747474747474748069e-01 9.774228515625000000e+03
9.848484848484848619e-01 8.564531250000000000e+03
9.949494949494950280e-01 7.986085937500000000e+03
1.005050505050505194e+00 8.131913574218750000e+03
1.015151515151515138e+00 8.910398437500000000e+03
1.025252525252525304e+00 9.645486328125000000e+03
1.035353535353535470e+00 1.041338085937500000e+04
1.045454545454545414e+00 1.106509570312500000e+04
1.055555555555555580e+00 1.152119335937500000e+04
1.065656565656565746e+00 1.167433105468750000e+04
1.075757575757575690e+00 1.166399316406250000e+04
1.085858585858585856e+00 1.158115722656250000e+04
1.095959595959596022e+00 1.129001757812500000e+04
1.106060606060605966e+00 1.092729882812500000e+04
1.116161616161616355e+00 1.064639355468750000e+04
1.126262626262626299e+00 1.028945117187500000e+04
1.136363636363636465e+00 9.846860351562500000e+03
1.146464646464646631e+00 9.430617187500000000e+03
1.156565656565656575e+00 9.144985351562500000e+03
1.166666666666666741e+00 8.765597656250000000e+03
1.176767676767676907e+00 8.724688476562500000e+03
1.186868686868686851e+00 8.610963867187500000e+03
1.196969696969697017e+00 8.451939453125000000e+03
1.207070707070707183e+00 8.416500976562500000e+03
1.217171717171717127e+00 8.276338867187500000e+03
1.227272727272727293e+00 8.136351074218750000e+03
1.237373737373737459e+00 8.230134765625000000e+03
1.247474747474747403e+00 8.271347656250000000e+03
1.257575757575757791e+00 8.321545898437500000e+03
1.267676767676767735e+00 8.314258789062500000e+03
1.277777777777777679e+00 8.238511718750000000e+03
1.287878787878788067e+00 8.247673828125000000e+03
1.297979797979798011e+00 8.102560546875000000e+03
1.308080808080808177e+00 8.022782226562500000e+03
1.318181818181818343e+00 7.681583007812500000e+03
1.328282828282828287e+00 7.168268066406250000e+03
1.338383838383838453e+00 6.768955078125000000e+03
1.348484848484848619e+00 6.487158203125000000e+03
1.358585858585858563e+00 6.194099609375000000e+03
1.368686868686868729e+00 6.013699707031250000e+03
1.378787878787878896e+00 6.205024902343750000e+03
1.388888888888888840e+00 6.470069335937500000e+03
1.398989898989899228e+00 6.705989746093750000e+03
1.409090909090909172e+00 6.785099121093750000e+03
1.419191919191919116e+00 6.720340332031250000e+03
1.429292929292929504e+00 6.483930175781250000e+03
1.439393939393939448e+00 6.235892578125000000e+03
1.449494949494949614e+00 6.393914062500000000e+03
1.459595959595959780e+00 6.994018066406250000e+03
1.469696969696969724e+00 7.501902343750000000e+03
1.479797979797979890e+00 8.132815917968750000e+03
1.489898989898990056e+00 8.792624023437500000e+03
1.500000000000000000e+00 1.014144433593750000e+04
