5.000000000000000000e-01 8.768685633301381120e+17
5.101010101010100550e-01 6.902807529017835520e+17
5.202020202020202211e-01 4.338711366111068160e+17
5.303030303030302761e-01 5.659066432676167680e+17
5.404040404040404422e-01 8.682805528834867200e+17
5.505050505050504972e-01 1.076331242602889216e+18
5.606060606060605522e-01 1.146470944764592128e+18
5.707070707070707183e-01 8.024796610439413760e+17
5.808080808080807733e-01 4.867256569907118080e+17
5.909090909090909394e-01 5.395806240469155840e+17
6.010101010101009944e-01 7.558071791512453120e+17
6.111111111111111605e-01 1.127378406384599040e+18
6.212121212121212155e-01 1.065586608817831936e+18
6.313131313131312705e-01 8.108009024819036160e+17
6.414141414141414366e-01 6.419306224235315200e+17
6.515151515151514916e-01 5.926063246430699520e+17
6.616161616161616577e-01 5.941608966457917440e+17
6.717171717171717127e-01 1.059282009144164352e+18
6.818181818181818787e-01 8.376540688086466560e+17
6.919191919191919338e-01 1.126405063716110336e+18
7.020202020202019888e-01 8.034473687153377280e+17
7.121212121212121549e-01 4.933749191999488000e+17
7.222222222222222099e-01 4.674196071964999680e+17
7.323232323232323759e-01 6.173988687404072960e+17
7.424242424242424310e-01 6.815030766993408000e+17
7.525252525252525970e-01 8.653137956338401280e+17
7.626262626262626521e-01 8.806055284750417920e+17
7.727272727272727071e-01 8.476754301010575360e+17
7.828282828282828731e-01 6.084064441731645440e+17
7.929292929292929282e-01 3.730111064294031360e+17
8.030303030303029832e-01 5.626109258828349440e+17
8.131313131313131493e-01 5.961488823882874880e+17
8.232323232323233153e-01 9.115386388550778880e+17
8.333333333333333703e-01 9.739118031950315520e+17
8.434343434343434254e-01 7.281510944583188480e+17
8.535353535353535914e-01 7.167193346253783040e+17
8.636363636363636465e-01 6.381638330257244160e+17
8.737373737373737015e-01 6.159847593481338880e+17
8.838383838383838675e-01 5.923987231038504960e+17
8.939393939393940336e-01 5.965123397007441920e+17
9.040404040404040886e-01 7.109782346609459200e+17
9.141414141414141437e-01 9.160842260827340800e+17
9.242424242424243097e-01 8.216870296695603200e+17
9.343434343434343647e-01 7.822773031146618880e+17
9.444444444444444198e-01 7.531467733288878080e+17
9.545454545454545858e-01 6.773009494164111360e+17
9.646464646464647519e-01 6.011274023193804800e+17
9.747474747474748069e-01 6.131181263760916480e+17
9.848484848484848619e-01 5.337942379473141760e+17
9.949494949494950280e-01 4.922698756542955520e+17
1.005050505050505194e+00 4.939584849963909120e+17
1.015151515151515138e+00 4.907597307932835840e+17
1.025252525252525304e+00 5.791215704426414080e+17
1.035353535353535470e+00 5.290350018664857600e+17
1.045454545454545414e+00 6.485773076523909120e+17
1.055555555555555580e+00 7.952537393456742400e+17
1.065656565656565746e+00 7.815874282877091840e+17
1.075757575757575690e+00 6.815355122923601920e+17
1.085858585858585856e+00 6.510195291361116160e+17
1.095959595959596022e+00 6.197879013491343360e+17
1.106060606060605966e+00 6.357150831917137920e+17
1.116161616161616355e+00 6.263231923062046720e+17
1.126262626262626299e+00 5.396549785207439360e+17
1.136363636363636465e+00 6.043048534846996480e+17
1.146464646464646631e+00 4.205064696962744320e+17
1.156565656565656575e+00 6.042380581533122560e+17
1.166666666666666741e+00 5.590388187626209280e+17
1.176767676767676907e+00 5.564400199511572480e+17
1.186868686868686851e+00 5.474571817509191680e+17
1.196969696969697017e+00 4.640090252063539200e+17
1.207070707070707183e+00 4.832160158748508160e+17
1.217171717171717127e+00 4.568337154027028480e+17
1.227272727272727293e+00 5.130708145856839680e+17
1.237373737373737459e+00 3.718272760036720640e+17
1.247474747474747403e+00 3.970080507848294400e+17
1.257575757575757791e+00 4.619852709762170880e+17
1.267676767676767735e+00 4.204391589688115200e+17
1.277777777777777679e+00 4.561157343097651200e+17
1.287878787878788067e+00 4.500066415474114560e+17
1.297979797979798011e+00 4.162832455339868160e+17
1.308080808080808177e+00 4.425634632234434560e+17
1.318181818181818343e+00 4.727679409916477440e+17
1.328282828282828287e+00 4.227093412425236480e+17
1.338383838383838453e+00 4.086411243248680960e+17
1.348484848484848619e+00 3.612436863123456000e+17
1.358585858585858563e+00 3.282033618976768000e+17
1.368686868686868729e+00 2.832612364291932160e+17
1.378787878787878896e+00 3.326525013397340160e+17
1.388888888888888840e+00 2.615776473587384320e+17
1.398989898989899228e+00 3.846424963422617600e+17
1.409090909090909172e+00 2.783522434286878720e+17
1.419191919191919116e+00 3.378313385455124480e+17
1.429292929292929504e+00 2.558946153521479680e+17
1.439393939393939448e+00 2.785928303167406080e+17
1.449494949494949614e+00 2.362826264475074560e+17
1.459595959595959780e+00 1.745613350638714880e+17
1.469696969696969724e+00 2.396072403722567680e+17
1.479797979797979890e+00 2.339316816087613440e+17
1.489898989898990056e+00 2.700244221008281600e+17
1.500000000000000000e+00 1.471944391089192960e+17
