5.000000000000000000e-01 2.565628906250000000e+03
5.101010101010100550e-01 2.533489746093750000e+03
5.202020202020202211e-01 1.821889770507812500e+03
5.303030303030302761e-01 2.536178710937500000e+03
5.404040404040404422e-01 2.830839111328125000e+03
5.505050505050504972e-01 2.731399169921875000e+03
5.606060606060605522e-01 4.243243164062500000e+03
5.707070707070707183e-01 3.275770507812500000e+03
5.808080808080807733e-01 2.847605712890625000e+03
5.909090909090909394e-01 3.158246337890625000e+03
6.010101010101009944e-01 2.528450927734375000e+03
6.111111111111111605e-01 2.661037353515625000e+03
6.212121212121212155e-01 3.212510742187500000e+03
6.313131313131312705e-01 3.003803466796875000e+03
6.414141414141414366e-01 2.951962646484375000e+03
6.515151515151514916e-01 2.751470703125000000e+03
6.616161616161616577e-01 3.367168945312500000e+03
6.717171717171717127e-01 3.302946044921875000e+03
6.818181818181818787e-01 4.832156738281250000e+03
6.919191919191919338e-01 3.569587890625000000e+03
7.020202020202019888e-01 2.885570556640625000e+03
7.121212121212121549e-01 3.052191894531250000e+03
7.222222222222222099e-01 3.590167968750000000e+03
7.323232323232323759e-01 4.135180175781250000e+03
7.424242424242424310e-01 3.312253662109375000e+03
7.525252525252525970e-01 3.927380126953125000e+03
7.626262626262626521e-01 3.782781738281250000e+03
7.727272727272727071e-01 4.390225097656250000e+03
7.828282828282828731e-01 4.472738281250000000e+03
7.929292929292929282e-01 4.746535156250000000e+03
8.030303030303029832e-01 4.223573242187500000e+03
8.131313131313131493e-01 4.763161132812500000e+03
8.232323232323233153e-01 4.843563964843750000e+03
8.333333333333333703e-01 5.112552734375000000e+03
8.434343434343434254e-01 5.444647949218750000e+03
8.535353535353535914e-01 4.430977539062500000e+03
8.636363636363636465e-01 5.096894531250000000e+03
8.737373737373737015e-01 6.308544921875000000e+03
8.838383838383838675e-01 5.831242675781250000e+03
8.939393939393940336e-01 7.035941406250000000e+03
9.040404040404040886e-01 7.289172363281250000e+03
9.141414141414141437e-01 7.029867187500000000e+03
9.242424242424243097e-01 8.853904296875000000e+03
9.343434343434343647e-01 7.814124511718750000e+03
9.444444444444444198e-01 1.158831542968750000e+04
9.545454545454545858e-01 1.434212207031250000e+04
9.646464646464647519e-01 1.282167187500000000e+04
9.747474747474748069e-01 1.477905468750000000e+04
9.848484848484848619e-01 1.753870312500000000e+04
9.949494949494950280e-01 1.479079980468750000e+04
1.005050505050505194e+00 1.244601464843750000e+04
1.015151515151515138e+00 1.892004882812500000e+04
1.025252525252525304e+00 1.232387500000000000e+04
1.035353535353535470e+00 1.324660839843750000e+04
1.045454545454545414e+00 8.244837890625000000e+03
1.055555555555555580e+00 9.454971679687500000e+03
1.065656565656565746e+00 6.993990234375000000e+03
1.075757575757575690e+00 5.790445800781250000e+03
1.085858585858585856e+00 4.932589843750000000e+03
1.095959595959596022e+00 3.918249511718750000e+03
1.106060606060605966e+00 3.668789794921875000e+03
1.116161616161616355e+00 3.088504394531250000e+03
1.126262626262626299e+00 2.787173095703125000e+03
1.136363636363636465e+00 1.796990966796875000e+03
1.146464646464646631e+00 2.251262451171875000e+03
1.156565656565656575e+00 1.855343261718750000e+03
1.166666666666666741e+00 2.238469238281250000e+03
1.176767676767676907e+00 1.621233398437500000e+03
1.186868686868686851e+00 1.839475830078125000e+03
1.196969696969697017e+00 1.336995605468750000e+03
1.207070707070707183e+00 1.786041259765625000e+03
1.217171717171717127e+00 1.103315307617187500e+03
1.227272727272727293e+00 1.416231933593750000e+03
1.237373737373737459e+00 1.106286743164062500e+03
1.247474747474747403e+00 9.862180175781250000e+02
1.257575757575757791e+00 7.131315917968750000e+02
1.267676767676767735e+00 7.720280761718750000e+02
1.277777777777777679e+00 5.758679199218750000e+02
1.287878787878788067e+00 6.729866333007812500e+02
1.297979797979798011e+00 5.322638549804687500e+02
1.308080808080808177e+00 5.326391601562500000e+02
1.318181818181818343e+00 5.307022705078125000e+02
1.328282828282828287e+00 4.659420776367187500e+02
1.338383838383838453e+00 4.278329162597656250e+02
1.348484848484848619e+00 4.415479125976562500e+02
1.358585858585858563e+00 3.774046630859375000e+02
1.368686868686868729e+00 3.703514404296875000e+02
1.378787878787878896e+00 3.056573181152343750e+02
1.388888888888888840e+00 3.184394531250000000e+02
1.398989898989899228e+00 1.604169616699218750e+02
1.409090909090909172e+00 2.471600494384765625e+02
1.419191919191919116e+00 1.014293746948242188e+02
1.429292929292929504e+00 1.578706359863281250e+02
1.439393939393939448e+00 2.196149291992187500e+02
1.449494949494949614e+00 1.436002655029296875e+02
1.459595959595959780e+00 1.398403320312500000e+02
1.469696969696969724e+00 1.003158111572265625e+02
1.479797979797979890e+00 9.163618469238281250e+01
1.489898989898990056e+00 8.528112792968750000e+01
1.500000000000000000e+00 8.175261688232421875e+01
