5.000000000000000000e-01 5.281977794560000000e+11
5.101010101010100550e-01 4.781685145600000000e+11
5.202020202020202211e-01 4.364533760000000000e+11
5.303030303030302761e-01 4.558197227520000000e+11
5.404040404040404422e-01 5.417314877440000000e+11
5.505050505050504972e-01 5.842830622720000000e+11
5.606060606060605522e-01 5.822351933440000000e+11
5.707070707070707183e-01 5.339185152000000000e+11
5.808080808080807733e-01 4.855912857600000000e+11
5.909090909090909394e-01 5.212006645760000000e+11
6.010101010101009944e-01 5.813096939520000000e+11
6.111111111111111605e-01 6.271902679040000000e+11
6.212121212121212155e-01 6.340183326720000000e+11
6.313131313131312705e-01 6.059667619840000000e+11
6.414141414141414366e-01 5.726816174080000000e+11
6.515151515151514916e-01 5.758225612800000000e+11
6.616161616161616577e-01 6.070981099520000000e+11
6.717171717171717127e-01 6.790225592320000000e+11
6.818181818181818787e-01 7.203591946240000000e+11
6.919191919191919338e-01 6.989731594240000000e+11
7.020202020202019888e-01 6.744015503360000000e+11
7.121212121212121549e-01 6.567078133760000000e+11
7.222222222222222099e-01 6.896871669760000000e+11
7.323232323232323759e-01 7.506424627200000000e+11
7.424242424242424310e-01 8.038496993280000000e+11
7.525252525252525970e-01 8.245299118080000000e+11
7.626262626262626521e-01 8.415764807680000000e+11
7.727272727272727071e-01 8.173115146240000000e+11
7.828282828282828731e-01 8.104287928320000000e+11
7.929292929292929282e-01 8.488699166720000000e+11
8.030303030303029832e-01 8.881382359040000000e+11
8.131313131313131493e-01 9.581180354560000000e+11
8.232323232323233153e-01 1.001604251648000000e+12
8.333333333333333703e-01 1.070219067392000000e+12
8.434343434343434254e-01 1.033606660096000000e+12
8.535353535353535914e-01 1.084957655040000000e+12
8.636363636363636465e-01 1.081548734464000000e+12
8.737373737373737015e-01 1.112384339968000000e+12
8.838383838383838675e-01 1.151678152704000000e+12
8.939393939393940336e-01 1.188751081472000000e+12
9.040404040404040886e-01 1.268676427776000000e+12
9.141414141414141437e-01 1.260713934848000000e+12
9.242424242424243097e-01 1.255303151616000000e+12
9.343434343434343647e-01 1.227963629568000000e+12
9.444444444444444198e-01 1.179190951936000000e+12
9.545454545454545858e-01 1.132901040128000000e+12
9.646464646464647519e-01 1.039746269184000000e+12
9.747474747474748069e-01 1.031260405760000000e+12
9.848484848484848619e-01 9.837570949120000000e+11
9.949494949494950280e-01 9.270034432000000000e+11
1.005050505050505194e+00 8.689190174720000000e+11
1.015151515151515138e+00 8.351514624000000000e+11
1.025252525252525304e+00 7.376599777280000000e+11
1.035353535353535470e+00 6.875492515840000000e+11
1.045454545454545414e+00 6.360121999360000000e+11
1.055555555555555580e+00 5.676810240000000000e+11
1.065656565656565746e+00 5.101928448000000000e+11
1.075757575757575690e+00 4.619568414720000000e+11
1.085858585858585856e+00 4.145171005440000000e+11
1.095959595959596022e+00 3.916197068800000000e+11
1.106060606060605966e+00 3.528126627840000000e+11
1.116161616161616355e+00 3.299870965760000000e+11
1.126262626262626299e+00 3.087191900160000000e+11
1.136363636363636465e+00 2.806934405120000000e+11
1.146464646464646631e+00 2.654723768320000000e+11
1.156565656565656575e+00 2.497258618880000000e+11
1.166666666666666741e+00 2.235682816000000000e+11
1.176767676767676907e+00 2.167651860480000000e+11
1.186868686868686851e+00 1.980861153280000000e+11
1.196969696969697017e+00 1.865119006720000000e+11
1.207070707070707183e+00 1.714505646080000000e+11
1.217171717171717127e+00 1.577341419520000000e+11
1.227272727272727293e+00 1.427286261760000000e+11
1.237373737373737459e+00 1.319604633600000000e+11
1.247474747474747403e+00 1.167434465280000000e+11
1.257575757575757791e+00 1.075504660480000000e+11
1.267676767676767735e+00 9.829545574400000000e+10
1.277777777777777679e+00 8.776879308800000000e+10
1.287878787878788067e+00 7.986629836800000000e+10
1.297979797979798011e+00 7.502918451200000000e+10
1.308080808080808177e+00 6.979303833600000000e+10
1.318181818181818343e+00 6.594653388800000000e+10
1.328282828282828287e+00 6.552864768000000000e+10
1.338383838383838453e+00 6.488760320000000000e+10
1.348484848484848619e+00 6.274424832000000000e+10
1.358585858585858563e+00 5.767075430400000000e+10
1.368686868686868729e+00 5.235077120000000000e+10
1.378787878787878896e+00 4.571632025600000000e+10
1.388888888888888840e+00 3.648289996800000000e+10
1.398989898989899228e+00 2.980815462400000000e+10
1.409090909090909172e+00 2.644532019200000000e+10
1.419191919191919116e+00 2.574470348800000000e+10
1.429292929292929504e+00 2.736232038400000000e+10
1.439393939393939448e+00 2.671054233600000000e+10
1.449494949494949614e+00 2.353598464000000000e+10
1.459595959595959780e+00 1.742119116800000000e+10
1.469696969696969724e+00 1.258031308800000000e+10
1.479797979797979890e+00 1.211498700800000000e+10
1.489898989898990056e+00 1.432273408000000000e+10
1.500000000000000000e+00 1.309213081600000000e+10
