5.000000000000000000e-01 1.543411272505098240e+17
5.101010101010100550e-01 2.081483400958443520e+17
5.202020202020202211e-01 1.669914036650639360e+17
5.303030303030302761e-01 2.150830630114426880e+17
5.404040404040404422e-01 2.237124769428275200e+17
5.505050505050504972e-01 2.523888568867225600e+17
5.606060606060605522e-01 2.767234028514836480e+17
5.707070707070707183e-01 2.186317196102205440e+17
5.808080808080807733e-01 1.742404494672527360e+17
5.909090909090909394e-01 1.530551281427415040e+17
6.010101010101009944e-01 1.854739192500715520e+17
6.111111111111111605e-01 2.357954740769259520e+17
6.212121212121212155e-01 2.881223319544135680e+17
6.313131313131312705e-01 2.254098651980759040e+17
6.414141414141414366e-01 2.370895477232107520e+17
6.515151515151514916e-01 1.768418939785707520e+17
6.616161616161616577e-01 2.684459529000714240e+17
6.717171717171717127e-01 2.811993085297295360e+17
6.818181818181818787e-01 2.202526230878617600e+17
6.919191919191919338e-01 1.866017089425244160e+17
7.020202020202019888e-01 2.082036077350092800e+17
7.121212121212121549e-01 2.437684452067901440e+17
7.222222222222222099e-01 2.553141591120281600e+17
7.323232323232323759e-01 2.785443830856417280e+17
7.424242424242424310e-01 2.574241734653378560e+17
7.525252525252525970e-01 3.199329385127608320e+17
7.626262626262626521e-01 2.191113471980994560e+17
7.727272727272727071e-01 2.155123535826124800e+17
7.828282828282828731e-01 2.006153110560440320e+17
7.929292929292929282e-01 2.512245599722536960e+17
8.030303030303029832e-01 3.114420974062141440e+17
8.131313131313131493e-01 2.004042735429877760e+17
8.232323232323233153e-01 2.231377244192768000e+17
8.333333333333333703e-01 2.306344523954913280e+17
8.434343434343434254e-01 2.638513686855024640e+17
8.535353535353535914e-01 2.300789069656883200e+17
8.636363636363636465e-01 2.073714492314746880e+17
8.737373737373737015e-01 1.656892898400010240e+17
8.838383838383838675e-01 2.109774350537195520e+17
8.939393939393940336e-01 1.879387322617692160e+17
9.040404040404040886e-01 2.033517377995407360e+17
9.141414141414141437e-01 1.615580466973245440e+17
9.242424242424243097e-01 1.476231799242752000e+17
9.343434343434343647e-01 1.414877246526586880e+17
9.444444444444444198e-01 1.484348600237424640e+17
9.545454545454545858e-01 1.084621577456189440e+17
9.646464646464647519e-01 1.295788540826746880e+17
9.747474747474748069e-01 1.141936369833082880e+17
9.848484848484848619e-01 1.183411494621020160e+17
9.949494949494950280e-01 1.201516585659924480e+17
1.005050505050505194e+00 9.016056336298803200e+16
1.015151515151515138e+00 1.225877554263490560e+17
1.025252525252525304e+00 8.776299235927654400e+16
1.035353535353535470e+00 1.091652782517125120e+17
1.045454545454545414e+00 7.459260399511142400e+16
1.055555555555555580e+00 7.815428293473075200e+16
1.065656565656565746e+00 6.796108000080691200e+16
1.075757575757575690e+00 6.365386775304601600e+16
1.085858585858585856e+00 7.300368943389081600e+16
1.095959595959596022e+00 6.231362320832921600e+16
1.106060606060605966e+00 4.829755148861440000e+16
1.116161616161616355e+00 4.691175022578892800e+16
1.126262626262626299e+00 5.235193619152896000e+16
1.136363636363636465e+00 5.083424077801062400e+16
1.146464646464646631e+00 4.303439118991360000e+16
1.156565656565656575e+00 3.496425286742835200e+16
1.166666666666666741e+00 4.110094294214246400e+16
1.176767676767676907e+00 3.487548018838732800e+16
1.186868686868686851e+00 3.181270464987136000e+16
1.196969696969697017e+00 3.245112576861798400e+16
1.207070707070707183e+00 3.338134267048755200e+16
1.217171717171717127e+00 3.156802251050188800e+16
1.227272727272727293e+00 2.689301073834803200e+16
1.237373737373737459e+00 2.046487062537830400e+16
1.247474747474747403e+00 2.689135932342272000e+16
1.257575757575757791e+00 2.645865854821990400e+16
1.267676767676767735e+00 2.036737057279180800e+16
1.277777777777777679e+00 1.580065854849024000e+16
1.287878787878788067e+00 1.405331015991296000e+16
1.297979797979798011e+00 1.507766630245990400e+16
1.308080808080808177e+00 1.184623598816460800e+16
1.318181818181818343e+00 1.507607609081856000e+16
1.328282828282828287e+00 1.619288033067008000e+16
1.338383838383838453e+00 1.250150089490432000e+16
1.348484848484848619e+00 9.932411445968896000e+15
1.358585858585858563e+00 1.278728801878016000e+16
1.368686868686868729e+00 1.368268669452288000e+16
1.378787878787878896e+00 9.373417157427200000e+15
1.388888888888888840e+00 6.854610501238784000e+15
1.398989898989899228e+00 5.205308699836416000e+15
1.409090909090909172e+00 5.847855134670848000e+15
1.419191919191919116e+00 6.041474944729088000e+15
1.429292929292929504e+00 6.215713177993216000e+15
1.439393939393939448e+00 5.528970455941120000e+15
1.449494949494949614e+00 5.979945780117504000e+15
1.459595959595959780e+00 4.370273641955328000e+15
1.469696969696969724e+00 2.840913097261056000e+15
1.479797979797979890e+00 2.553593743802368000e+15
1.489898989898990056e+00 2.943584558907392000e+15
1.500000000000000000e+00 2.904060122365952000e+15
