5.000000000000000000e-01 1.966608886718750000e+03
5.101010101010100550e-01 1.858086181640625000e+03
5.202020202020202211e-01 1.632808959960937500e+03
5.303030303030302761e-01 1.383800659179687500e+03
5.404040404040404422e-01 1.138414428710937500e+03
5.505050505050504972e-01 9.304822998046875000e+02
5.606060606060605522e-01 7.820086059570312500e+02
5.707070707070707183e-01 6.791330566406250000e+02
5.808080808080807733e-01 6.214667358398437500e+02
5.909090909090909394e-01 5.475820312500000000e+02
6.010101010101009944e-01 4.833479919433593750e+02
6.111111111111111605e-01 4.208862304687500000e+02
6.212121212121212155e-01 3.761571350097656250e+02
6.313131313131312705e-01 3.535654296875000000e+02
6.414141414141414366e-01 3.360692138671875000e+02
6.515151515151514916e-01 3.177784729003906250e+02
6.616161616161616577e-01 2.909194641113281250e+02
6.717171717171717127e-01 2.593528442382812500e+02
6.818181818181818787e-01 2.300585937500000000e+02
6.919191919191919338e-01 2.176923522949218750e+02
7.020202020202019888e-01 2.138334197998046875e+02
7.121212121212121549e-01 2.151951904296875000e+02
7.222222222222222099e-01 2.074969787597656250e+02
7.323232323232323759e-01 1.897318572998046875e+02
7.424242424242424310e-01 1.672746429443359375e+02
7.525252525252525970e-01 1.489228820800781250e+02
7.626262626262626521e-01 1.403571014404296875e+02
7.727272727272727071e-01 1.417256164550781250e+02
7.828282828282828731e-01 1.451606750488281250e+02
7.929292929292929282e-01 1.461388854980468750e+02
8.030303030303029832e-01 1.402606353759765625e+02
8.131313131313131493e-01 1.257536315917968750e+02
8.232323232323233153e-01 1.101870193481445312e+02
8.333333333333333703e-01 9.668794250488281250e+01
8.434343434343434254e-01 9.065792846679687500e+01
8.535353535353535914e-01 9.381756591796875000e+01
8.636363636363636465e-01 1.003493881225585938e+02
8.737373737373737015e-01 1.050684051513671875e+02
8.838383838383838675e-01 1.044994812011718750e+02
8.939393939393940336e-01 9.960579681396484375e+01
9.040404040404040886e-01 8.854973602294921875e+01
9.141414141414141437e-01 7.578516387939453125e+01
9.242424242424243097e-01 6.539379119873046875e+01
9.343434343434343647e-01 5.767444229125976562e+01
9.444444444444444198e-01 5.633273315429687500e+01
9.545454545454545858e-01 6.294187545776367188e+01
9.646464646464647519e-01 6.539692687988281250e+01
9.747474747474748069e-01 2.835290832519531250e+02
9.848484848484848619e-01 2.024594238281250000e+03
9.949494949494950280e-01 7.600376953125000000e+03
1.005050505050505194e+00 9.599093750000000000e+03
1.015151515151515138e+00 4.570770507812500000e+03
1.025252525252525304e+00 6.857607421875000000e+02
1.035353535353535470e+00 1.038936538696289062e+02
1.045454545454545414e+00 5.120709609985351562e+01
1.055555555555555580e+00 4.578850555419921875e+01
1.065656565656565746e+00 4.025123596191406250e+01
1.075757575757575690e+00 3.511502838134765625e+01
1.085858585858585856e+00 3.171203613281250000e+01
1.095959595959596022e+00 2.829940605163574219e+01
1.106060606060605966e+00 2.629162979125976562e+01
1.116161616161616355e+00 2.442508888244628906e+01
1.126262626262626299e+00 2.326337623596191406e+01
1.136363636363636465e+00 2.210631179809570312e+01
1.146464646464646631e+00 2.152273941040039062e+01
1.156565656565656575e+00 2.065210914611816406e+01
1.166666666666666741e+00 1.991501998901367188e+01
1.176767676767676907e+00 1.907197952270507812e+01
1.186868686868686851e+00 1.809144973754882812e+01
1.196969696969697017e+00 1.712389373779296875e+01
1.207070707070707183e+00 1.620569419860839844e+01
1.217171717171717127e+00 1.521037578582763672e+01
1.227272727272727293e+00 1.422064399719238281e+01
1.237373737373737459e+00 1.312150001525878906e+01
1.247474747474747403e+00 1.207671737670898438e+01
1.257575757575757791e+00 1.099301147460937500e+01
1.267676767676767735e+00 9.929104804992675781e+00
1.277777777777777679e+00 8.991229057312011719e+00
1.287878787878788067e+00 8.369656562805175781e+00
1.297979797979798011e+00 7.776975154876708984e+00
1.308080808080808177e+00 7.702261447906494141e+00
1.318181818181818343e+00 7.692001342773437500e+00
1.328282828282828287e+00 7.898945808410644531e+00
1.338383838383838453e+00 7.965081691741943359e+00
1.348484848484848619e+00 7.949148654937744141e+00
1.358585858585858563e+00 7.621660232543945312e+00
1.368686868686868729e+00 6.893239021301269531e+00
1.378787878787878896e+00 5.873650074005126953e+00
1.388888888888888840e+00 4.610234260559082031e+00
1.398989898989899228e+00 3.508950710296630859e+00
1.409090909090909172e+00 3.019770145416259766e+00
1.419191919191919116e+00 3.287910938262939453e+00
1.429292929292929504e+00 3.703526020050048828e+00
1.439393939393939448e+00 3.840666532516479492e+00
1.449494949494949614e+00 3.318898677825927734e+00
1.459595959595959780e+00 2.366562128067016602e+00
1.469696969696969724e+00 1.560151815414428711e+00
1.479797979797979890e+00 1.653065323829650879e+00
1.489898989898990056e+00 2.038572072982788086e+00
1.500000000000000000e+00 1.966486454010009766e+00
