5.000000000000000000e-01 1.368618821892130920e+25
5.101010101010100550e-01 1.184516741979845314e+25
5.202020202020202211e-01 1.106119232588084326e+25
5.303030303030302761e-01 1.221096635478011355e+25
5.404040404040404422e-01 1.385489522269042912e+25
5.505050505050504972e-01 1.499634515832643797e+25
5.606060606060605522e-01 1.419401670697699170e+25
5.707070707070707183e-01 1.268381866315053813e+25
5.808080808080807733e-01 1.183103721383799162e+25
5.909090909090909394e-01 1.290654349817500265e+25
6.010101010101009944e-01 1.456509717537125607e+25
6.111111111111111605e-01 1.577048929057426526e+25
6.212121212121212155e-01 1.499905682970527327e+25
6.313131313131312705e-01 1.406142958102569969e+25
6.414141414141414366e-01 1.297329419452722526e+25
6.515151515151514916e-01 1.337868675982009401e+25
6.616161616161616577e-01 1.503124063350637341e+25
6.717171717171717127e-01 1.630829489067123038e+25
6.818181818181818787e-01 1.665152077551419333e+25
6.919191919191919338e-01 1.582858615811290889e+25
7.020202020202019888e-01 1.464556302594228174e+25
7.121212121212121549e-01 1.427333655357243816e+25
7.222222222222222099e-01 1.505497698144321917e+25
7.323232323232323759e-01 1.627136335611415925e+25
7.424242424242424310e-01 1.742965516908946492e+25
7.525252525252525970e-01 1.762436401155198306e+25
7.626262626262626521e-01 1.701025114875110916e+25
7.727272727272727071e-01 1.600108857947519454e+25
7.828282828282828731e-01 1.529200496065383624e+25
7.929292929292929282e-01 1.583501023673657824e+25
8.030303030303029832e-01 1.671877760440693836e+25
8.131313131313131493e-01 1.784867296072377739e+25
8.232323232323233153e-01 1.852204714178294783e+25
8.333333333333333703e-01 1.823356312290022258e+25
8.434343434343434254e-01 1.743005984453758193e+25
8.535353535353535914e-01 1.656212670081149224e+25
8.636363636363636465e-01 1.608303593417964001e+25
8.737373737373737015e-01 1.604667624868885388e+25
8.838383838383838675e-01 1.680277024186055638e+25
8.939393939393940336e-01 1.724346756946749599e+25
9.040404040404040886e-01 1.754602184239244320e+25
9.141414141414141437e-01 1.769995876876604480e+25
9.242424242424243097e-01 1.717809115554876473e+25
9.343434343434343647e-01 1.635918484588457661e+25
9.444444444444444198e-01 1.529123826785327268e+25
9.545454545454545858e-01 1.454422468445185371e+25
9.646464646464647519e-01 1.413467353129186807e+25
9.747474747474748069e-01 1.384527755149899880e+25
9.848484848484848619e-01 1.379150183375962164e+25
9.949494949494950280e-01 1.396178603414704372e+25
1.005050505050505194e+00 1.376563719272527164e+25
1.015151515151515138e+00 1.354750905573967461e+25
1.025252525252525304e+00 1.314548648000477168e+25
1.035353535353535470e+00 1.255172383468171324e+25
1.045454545454545414e+00 1.175001104341572702e+25
1.055555555555555580e+00 1.100324418521629392e+25
1.065656565656565746e+00 1.018788426210027646e+25
1.075757575757575690e+00 9.242856410282631522e+24
1.085858585858585856e+00 8.539887310660955625e+24
1.095959595959596022e+00 8.118433972348161196e+24
1.106060606060605966e+00 7.445388950378556013e+24
1.116161616161616355e+00 6.885736640690795747e+24
1.126262626262626299e+00 6.577432748222374191e+24
1.136363636363636465e+00 6.280181914218618476e+24
1.146464646464646631e+00 5.879617784187043204e+24
1.156565656565656575e+00 5.548666478142877048e+24
1.166666666666666741e+00 5.311384856201246479e+24
1.176767676767676907e+00 4.990761420995348459e+24
1.186868686868686851e+00 4.592182333564330025e+24
1.196969696969697017e+00 4.369692406296429151e+24
1.207070707070707183e+00 4.077162785854038475e+24
1.217171717171717127e+00 3.763225718914107864e+24
1.227272727272727293e+00 3.479202065102330353e+24
1.237373737373737459e+00 3.194428435851806088e+24
1.247474747474747403e+00 2.950245137553222781e+24
1.257575757575757791e+00 2.731941756498925519e+24
1.267676767676767735e+00 2.461635850979336425e+24
1.277777777777777679e+00 2.256779569894021124e+24
1.287878787878788067e+00 2.082370216363115741e+24
1.297979797979798011e+00 1.972231480912835573e+24
1.308080808080808177e+00 1.909067235131068703e+24
1.318181818181818343e+00 1.842040702308868896e+24
1.328282828282828287e+00 1.832131053746396894e+24
1.338383838383838453e+00 1.777008147228886630e+24
1.348484848484848619e+00 1.696354082222233891e+24
1.358585858585858563e+00 1.571723988150174112e+24
1.368686868686868729e+00 1.419891719983232310e+24
1.378787878787878896e+00 1.177096106830631419e+24
1.388888888888888840e+00 9.508686962751712988e+23
1.398989898989899228e+00 7.680874752961573342e+23
1.409090909090909172e+00 6.995877970214461280e+23
1.419191919191919116e+00 7.244141601833036294e+23
1.429292929292929504e+00 7.655114163093014105e+23
1.439393939393939448e+00 7.419830265888491050e+23
1.449494949494949614e+00 6.283151263553733410e+23
1.459595959595959780e+00 4.586880551967801402e+23
1.469696969696969724e+00 3.408139730553254277e+23
1.479797979797979890e+00 3.499593067178371276e+23
1.489898989898990056e+00 3.973971627448113205e+23
1.500000000000000000e+00 3.591745002177685986e+23
