5.000000000000000000e-01 5.536477088928222656e+00
5.101010101010100550e-01 3.505754232406616211e+00
5.202020202020202211e-01 4.709355533123016357e-01
5.303030303030302761e-01 2.732484102249145508e+00
5.404040404040404422e-01 5.236552238464355469e+00
5.505050505050504972e-01 6.373057365417480469e+00
5.606060606060605522e-01 5.844727993011474609e+00
5.707070707070707183e-01 3.791765213012695312e+00
5.808080808080807733e-01 7.402346134185791016e-01
5.909090909090909394e-01 2.542082309722900391e+00
6.010101010101009944e-01 5.244937896728515625e+00
6.111111111111111605e-01 6.714917182922363281e+00
6.212121212121212155e-01 6.605019569396972656e+00
6.313131313131312705e-01 4.945051193237304688e+00
6.414141414141414366e-01 2.119744062423706055e+00
6.515151515151514916e-01 1.233153462409973145e+00
6.616161616161616577e-01 4.374901771545410156e+00
6.717171717171717127e-01 6.629771232604980469e+00
6.818181818181818787e-01 7.526071548461914062e+00
6.919191919191919338e-01 6.882845878601074219e+00
7.020202020202019888e-01 4.834496498107910156e+00
7.121212121212121549e-01 1.785191178321838379e+00
7.222222222222222099e-01 1.680624246597290039e+00
7.323232323232323759e-01 4.918584823608398438e+00
7.424242424242424310e-01 7.344896793365478516e+00
7.525252525252525970e-01 8.535989761352539062e+00
7.626262626262626521e-01 8.291290283203125000e+00
7.727272727272727071e-01 6.653404235839843750e+00
7.828282828282828731e-01 3.882008552551269531e+00
7.929292929292929282e-01 4.019627869129180908e-01
8.030303030303029832e-01 3.274512529373168945e+00
8.131313131313131493e-01 6.627502918243408203e+00
8.232323232323233153e-01 9.203349113464355469e+00
8.333333333333333703e-01 1.066667175292968750e+01
8.434343434343434254e-01 1.083399200439453125e+01
8.535353535353535914e-01 9.680809020996093750e+00
8.636363636363636465e-01 7.325072288513183594e+00
8.737373737373737015e-01 3.999896764755249023e+00
8.838383838383838675e-01 9.973408654332160950e-03
8.939393939393940336e-01 4.308749198913574219e+00
9.040404040404040886e-01 8.631237983703613281e+00
9.141414141414141437e-01 1.267797183990478516e+01
9.242424242424243097e-01 1.624248123168945312e+01
9.343434343434343647e-01 1.920991134643554688e+01
9.444444444444444198e-01 2.158281707763671875e+01
9.545454545454545858e-01 2.350450515747070312e+01
9.646464646464647519e-01 2.362618637084960938e+01
9.747474747474748069e-01 9.199002075195312500e+01
9.848484848484848619e-01 9.302222900390625000e+02
9.949494949494950280e-01 5.164047363281250000e+03
1.005050505050505194e+00 9.859974609375000000e+03
1.015151515151515138e+00 6.911881347656250000e+03
1.025252525252525304e+00 1.693383544921875000e+03
1.035353535353535470e+00 1.812698822021484375e+02
1.045454545454545414e+00 1.587314510345458984e+01
1.055555555555555580e+00 1.694385337829589844e+01
1.065656565656565746e+00 1.350352478027343750e+01
1.075757575757575690e+00 1.074298000335693359e+01
1.085858585858585856e+00 8.500629425048828125e+00
1.095959595959596022e+00 6.687400341033935547e+00
1.106060606060605966e+00 5.228822708129882812e+00
1.116161616161616355e+00 4.065344333648681641e+00
1.126262626262626299e+00 3.147570610046386719e+00
1.136363636363636465e+00 2.433763504028320312e+00
1.146464646464646631e+00 1.888955235481262207e+00
1.156565656565656575e+00 1.482882857322692871e+00
1.166666666666666741e+00 1.190141916275024414e+00
1.176767676767676907e+00 9.890144467353820801e-01
1.186868686868686851e+00 8.614656925201416016e-01
1.196969696969697017e+00 7.920710444450378418e-01
1.207070707070707183e+00 7.680230140686035156e-01
1.217171717171717127e+00 7.783523797988891602e-01
1.227272727272727293e+00 8.135598301887512207e-01
1.237373737373737459e+00 8.653635382652282715e-01
1.247474747474747403e+00 9.258655905723571777e-01
1.257575757575757791e+00 9.879240393638610840e-01
1.267676767676767735e+00 1.044558048248291016e+00
1.277777777777777679e+00 1.088861227035522461e+00
1.287878787878788067e+00 1.114027857780456543e+00
1.297979797979798011e+00 1.115858912467956543e+00
1.308080808080808177e+00 1.042780876159667969e+00
1.318181818181818343e+00 1.325085043907165527e+00
1.328282828282828287e+00 1.318439655005931854e-02
1.338383838383838453e+00 1.651599645614624023e+00
1.348484848484848619e+00 2.824464738368988037e-01
1.358585858585858563e+00 4.539287686347961426e-01
1.368686868686868729e+00 2.054418772459030151e-01
1.378787878787878896e+00 1.014539506286382675e-02
1.388888888888888840e+00 1.616594791412353516e-01
1.398989898989899228e+00 2.892442047595977783e-01
1.409090909090909172e+00 3.577391505241394043e-01
1.419191919191919116e+00 3.596872687339782715e-01
1.429292929292929504e+00 2.982133030891418457e-01
1.439393939393939448e+00 1.884383857250213623e-01
1.449494949494949614e+00 5.652584135532379150e-02
1.459595959595959780e+00 6.556611508131027222e-02
1.469696969696969724e+00 1.476762741804122925e-01
1.479797979797979890e+00 1.707818359136581421e-01
1.489898989898990056e+00 1.342412829399108887e-01
1.500000000000000000e+00 5.782895535230636597e-02
