5.000000000000000000e-01 2.346228160000000000e+08
5.101010101010100550e-01 2.292334400000000000e+08
5.202020202020202211e-01 2.272120320000000000e+08
5.303030303030302761e-01 2.193251680000000000e+08
5.404040404040404422e-01 2.080048960000000000e+08
5.505050505050504972e-01 1.898021120000000000e+08
5.606060606060605522e-01 1.726303520000000000e+08
5.707070707070707183e-01 1.600914240000000000e+08
5.808080808080807733e-01 1.535840480000000000e+08
5.909090909090909394e-01 1.436483520000000000e+08
6.010101010101009944e-01 1.322737200000000000e+08
6.111111111111111605e-01 1.187095920000000000e+08
6.212121212121212155e-01 1.085256160000000000e+08
6.313131313131312705e-01 1.009009600000000000e+08
6.414141414141414366e-01 9.872884000000000000e+07
6.515151515151514916e-01 9.537665600000000000e+07
6.616161616161616577e-01 8.913383200000000000e+07
6.717171717171717127e-01 8.116368800000000000e+07
6.818181818181818787e-01 7.311452800000000000e+07
6.919191919191919338e-01 6.697240800000000000e+07
7.020202020202019888e-01 6.548828400000000000e+07
7.121212121212121549e-01 6.549294400000000000e+07
7.222222222222222099e-01 6.370852000000000000e+07
7.323232323232323759e-01 6.023913600000000000e+07
7.424242424242424310e-01 5.389872400000000000e+07
7.525252525252525970e-01 4.871358000000000000e+07
7.626262626262626521e-01 4.474085200000000000e+07
7.727272727272727071e-01 4.427229600000000000e+07
7.828282828282828731e-01 4.444676800000000000e+07
7.929292929292929282e-01 4.510233200000000000e+07
8.030303030303029832e-01 4.342507600000000000e+07
8.131313131313131493e-01 3.985110800000000000e+07
8.232323232323233153e-01 3.613032400000000000e+07
8.333333333333333703e-01 3.198164400000000000e+07
8.434343434343434254e-01 2.963579800000000000e+07
8.535353535353535914e-01 2.950162400000000000e+07
8.636363636363636465e-01 2.993695400000000000e+07
8.737373737373737015e-01 3.061332600000000000e+07
8.838383838383838675e-01 3.041625400000000000e+07
8.939393939393940336e-01 2.920140000000000000e+07
9.040404040404040886e-01 2.689214000000000000e+07
9.141414141414141437e-01 2.411385600000000000e+07
9.242424242424243097e-01 2.136685200000000000e+07
9.343434343434343647e-01 1.928043000000000000e+07
9.444444444444444198e-01 1.844753400000000000e+07
9.545454545454545858e-01 1.839441800000000000e+07
9.646464646464647519e-01 1.873002800000000000e+07
9.747474747474748069e-01 1.921051600000000000e+07
9.848484848484848619e-01 1.928793800000000000e+07
9.949494949494950280e-01 1.908560600000000000e+07
1.005050505050505194e+00 1.836454400000000000e+07
1.015151515151515138e+00 1.723055000000000000e+07
1.025252525252525304e+00 1.595363800000000000e+07
1.035353535353535470e+00 1.445544900000000000e+07
1.045454545454545414e+00 1.279726300000000000e+07
1.055555555555555580e+00 1.168737400000000000e+07
1.065656565656565746e+00 1.051971700000000000e+07
1.075757575757575690e+00 9.630751000000000000e+06
1.085858585858585856e+00 9.051237000000000000e+06
1.095959595959596022e+00 8.634487000000000000e+06
1.106060606060605966e+00 8.393331000000000000e+06
1.116161616161616355e+00 8.197979500000000000e+06
1.126262626262626299e+00 7.977932500000000000e+06
1.136363636363636465e+00 7.834183000000000000e+06
1.146464646464646631e+00 7.723772000000000000e+06
1.156565656565656575e+00 7.405948500000000000e+06
1.166666666666666741e+00 7.239610000000000000e+06
1.176767676767676907e+00 6.925604000000000000e+06
1.186868686868686851e+00 6.600955000000000000e+06
1.196969696969697017e+00 6.305805500000000000e+06
1.207070707070707183e+00 5.873779500000000000e+06
1.217171717171717127e+00 5.394810500000000000e+06
1.227272727272727293e+00 5.074777500000000000e+06
1.237373737373737459e+00 4.604855000000000000e+06
1.247474747474747403e+00 4.180991750000000000e+06
1.257575757575757791e+00 3.757770750000000000e+06
1.267676767676767735e+00 3.346029500000000000e+06
1.277777777777777679e+00 2.975371500000000000e+06
1.287878787878788067e+00 2.683424000000000000e+06
1.297979797979798011e+00 2.500274000000000000e+06
1.308080808080808177e+00 2.444406000000000000e+06
1.318181818181818343e+00 2.479072250000000000e+06
1.328282828282828287e+00 2.623405500000000000e+06
1.338383838383838453e+00 2.719355000000000000e+06
1.348484848484848619e+00 2.770954500000000000e+06
1.358585858585858563e+00 2.687836750000000000e+06
1.368686868686868729e+00 2.464801500000000000e+06
1.378787878787878896e+00 2.097928250000000000e+06
1.388888888888888840e+00 1.636804750000000000e+06
1.398989898989899228e+00 1.177078375000000000e+06
1.409090909090909172e+00 9.598245625000000000e+05
1.419191919191919116e+00 1.088736500000000000e+06
1.429292929292929504e+00 1.269045250000000000e+06
1.439393939393939448e+00 1.327307250000000000e+06
1.449494949494949614e+00 1.163876375000000000e+06
1.459595959595959780e+00 8.386407500000000000e+05
1.469696969696969724e+00 5.146697812500000000e+05
1.479797979797979890e+00 5.379915625000000000e+05
1.489898989898990056e+00 7.031905000000000000e+05
1.500000000000000000e+00 6.923299375000000000e+05
