5.000000000000000000e-01 5.707159155827534096e+22
5.101010101010100550e-01 1.685093520404736954e+22
5.202020202020202211e-01 4.162337564166645717e+22
5.303030303030302761e-01 7.267636610873050530e+22
5.404040404040404422e-01 6.653805889581632140e+22
5.505050505050504972e-01 6.209060114140062600e+22
5.606060606060605522e-01 7.886546041464254628e+22
5.707070707070707183e-01 5.117066457812022854e+22
5.808080808080807733e-01 4.900432056736433570e+22
5.909090909090909394e-01 2.551594758140103072e+22
6.010101010101009944e-01 7.745617600484726119e+22
6.111111111111111605e-01 5.637855062601780481e+22
6.212121212121212155e-01 1.256325953491124512e+22
6.313131313131312705e-01 3.294337641065281382e+22
6.414141414141414366e-01 2.541691567739496720e+22
6.515151515151514916e-01 8.335696337341392513e+22
6.616161616161616577e-01 6.720074556658538041e+22
6.717171717171717127e-01 8.097904475576379376e+22
6.818181818181818787e-01 4.330551964208523851e+22
6.919191919191919338e-01 7.013121982971685267e+22
7.020202020202019888e-01 4.894938115551004302e+22
7.121212121212121549e-01 4.216894170052611906e+22
7.222222222222222099e-01 2.646590310980135787e+22
7.323232323232323759e-01 3.850808716062658186e+22
7.424242424242424310e-01 1.521473692702702200e+22
7.525252525252525970e-01 6.664521754534997498e+22
7.626262626262626521e-01 5.722106602990776772e+22
7.727272727272727071e-01 6.739516145889933735e+22
7.828282828282828731e-01 3.035905782208029262e+22
7.929292929292929282e-01 3.358298213333159903e+22
8.030303030303029832e-01 2.610778587463211077e+22
8.131313131313131493e-01 1.401154399157965187e+22
8.232323232323233153e-01 3.921177460240322186e+22
8.333333333333333703e-01 3.334114558874124445e+22
8.434343434343434254e-01 3.660320187803749686e+22
8.535353535353535914e-01 2.167480268941878415e+22
8.636363636363636465e-01 1.325489984768466905e+22
8.737373737373737015e-01 2.171444787693852662e+22
8.838383838383838675e-01 3.546968638422498935e+22
8.939393939393940336e-01 3.551904133254134261e+22
9.040404040404040886e-01 2.526825410549528081e+22
9.141414141414141437e-01 2.475774631793488455e+22
9.242424242424243097e-01 2.310467755671040714e+22
9.343434343434343647e-01 2.660608440360270561e+22
9.444444444444444198e-01 2.015614836267280656e+22
9.545454545454545858e-01 1.547787662375474587e+22
9.646464646464647519e-01 1.426921406655993427e+22
9.747474747474748069e-01 1.385775619740411101e+22
9.848484848484848619e-01 2.156584935543362342e+22
9.949494949494950280e-01 1.301947079946415584e+22
1.005050505050505194e+00 1.516880021082784295e+22
1.015151515151515138e+00 2.026497334406858723e+22
1.025252525252525304e+00 1.225958856743709363e+22
1.035353535353535470e+00 1.038768877441877698e+22
1.045454545454545414e+00 1.296163332124965025e+22
1.055555555555555580e+00 9.928976886172768797e+21
1.065656565656565746e+00 1.284224627282777892e+22
1.075757575757575690e+00 1.068539134648675572e+22
1.085858585858585856e+00 9.010615235058352521e+21
1.095959595959596022e+00 1.036022132029144433e+22
1.106060606060605966e+00 8.140528794249627435e+21
1.116161616161616355e+00 5.043614999689423749e+21
1.126262626262626299e+00 5.725349645082446266e+21
1.136363636363636465e+00 8.284564043432097481e+21
1.146464646464646631e+00 5.136122313735334265e+21
1.156565656565656575e+00 4.517677035380726039e+21
1.166666666666666741e+00 5.433295712847096971e+21
1.176767676767676907e+00 7.330642532609917190e+21
1.186868686868686851e+00 8.718999277886765007e+21
1.196969696969697017e+00 6.751632742917402001e+21
1.207070707070707183e+00 6.577234225047200072e+21
1.217171717171717127e+00 3.833062338026000089e+21
1.227272727272727293e+00 4.664013623972782408e+21
1.237373737373737459e+00 5.156643528387401351e+21
1.247474747474747403e+00 2.099561539256499306e+21
1.257575757575757791e+00 4.484898711392816726e+21
1.267676767676767735e+00 2.757067100129245266e+21
1.277777777777777679e+00 2.113254733923519300e+21
1.287878787878788067e+00 3.069894730070771106e+21
1.297979797979798011e+00 1.301504122775566025e+21
1.308080808080808177e+00 1.880255799914437542e+21
1.318181818181818343e+00 1.224573352465846501e+21
1.328282828282828287e+00 2.135921913798028427e+21
1.338383838383838453e+00 2.466415476227868459e+21
1.348484848484848619e+00 1.740980011113167978e+21
1.358585858585858563e+00 1.749508421432524145e+21
1.368686868686868729e+00 2.322950776823190913e+21
1.378787878787878896e+00 2.399214169963129471e+21
1.388888888888888840e+00 1.472174926791700382e+21
1.398989898989899228e+00 1.378361146641387356e+21
1.409090909090909172e+00 1.100008290372405953e+21
1.419191919191919116e+00 1.298398890832494068e+21
1.429292929292929504e+00 1.606282835020562301e+21
1.439393939393939448e+00 8.242827919047859896e+20
1.449494949494949614e+00 1.406380573198049608e+21
1.459595959595959780e+00 7.592877568762493010e+20
1.469696969696969724e+00 5.297576149270334013e+20
1.479797979797979890e+00 3.173889319391220204e+20
1.489898989898990056e+00 9.689056201011395297e+20
1.500000000000000000e+00 4.180197545503904236e+20
