5.000000000000000000e-01 2.148774909973144531e+01
5.101010101010100550e-01 2.594661903381347656e+01
5.202020202020202211e-01 2.854593086242675781e+01
5.303030303030302761e-01 2.763509178161621094e+01
5.404040404040404422e-01 2.714284515380859375e+01
5.505050505050504972e-01 2.997943687438964844e+01
5.606060606060605522e-01 3.302136993408203125e+01
5.707070707070707183e-01 3.631248855590820312e+01
5.808080808080807733e-01 4.203508377075195312e+01
5.909090909090909394e-01 5.026769256591796875e+01
6.010101010101009944e-01 5.918641281127929688e+01
6.111111111111111605e-01 7.022081756591796875e+01
6.212121212121212155e-01 7.793006134033203125e+01
6.313131313131312705e-01 7.871634674072265625e+01
6.414141414141414366e-01 8.680737304687500000e+01
6.515151515151514916e-01 9.738980102539062500e+01
6.616161616161616577e-01 9.705386352539062500e+01
6.717171717171717127e-01 9.696186828613281250e+01
6.818181818181818787e-01 1.024934005737304688e+02
6.919191919191919338e-01 1.104923858642578125e+02
7.020202020202019888e-01 1.259468002319335938e+02
7.121212121212121549e-01 1.446234283447265625e+02
7.222222222222222099e-01 1.546867828369140625e+02
7.323232323232323759e-01 1.669668426513671875e+02
7.424242424242424310e-01 1.898623199462890625e+02
7.525252525252525970e-01 2.052971801757812500e+02
7.626262626262626521e-01 2.140381774902343750e+02
7.727272727272727071e-01 2.271799316406250000e+02
7.828282828282828731e-01 2.401840667724609375e+02
7.929292929292929282e-01 2.597984008789062500e+02
8.030303030303029832e-01 2.899584960937500000e+02
8.131313131313131493e-01 3.110366821289062500e+02
8.232323232323233153e-01 3.202227172851562500e+02
8.333333333333333703e-01 3.347425842285156250e+02
8.434343434343434254e-01 3.489227905273437500e+02
8.535353535353535914e-01 3.526831359863281250e+02
8.636363636363636465e-01 3.561996765136718750e+02
8.737373737373737015e-01 3.675824279785156250e+02
8.838383838383838675e-01 3.879695434570312500e+02
8.939393939393940336e-01 4.189842224121093750e+02
9.040404040404040886e-01 4.412979431152343750e+02
9.141414141414141437e-01 4.401042785644531250e+02
9.242424242424243097e-01 4.359270324707031250e+02
9.343434343434343647e-01 4.395900878906250000e+02
9.444444444444444198e-01 4.449331665039062500e+02
9.545454545454545858e-01 4.553557128906250000e+02
9.646464646464647519e-01 4.808532104492187500e+02
9.747474747474748069e-01 5.038462524414062500e+02
9.848484848484848619e-01 5.071480712890625000e+02
9.949494949494950280e-01 5.001497192382812500e+02
1.005050505050505194e+00 4.961314697265625000e+02
1.015151515151515138e+00 5.030592346191406250e+02
1.025252525252525304e+00 5.025507812500000000e+02
1.035353535353535470e+00 5.029216308593750000e+02
1.045454545454545414e+00 4.990910644531250000e+02
1.055555555555555580e+00 4.844338684082031250e+02
1.065656565656565746e+00 4.857295227050781250e+02
1.075757575757575690e+00 4.870945739746093750e+02
1.085858585858585856e+00 4.695459594726562500e+02
1.095959595959596022e+00 4.384240722656250000e+02
1.106060606060605966e+00 4.311711120605468750e+02
1.116161616161616355e+00 4.492359008789062500e+02
1.126262626262626299e+00 4.526492309570312500e+02
1.136363636363636465e+00 4.342937927246093750e+02
1.146464646464646631e+00 4.075804443359375000e+02
1.156565656565656575e+00 3.867396850585937500e+02
1.166666666666666741e+00 3.743814392089843750e+02
1.176767676767676907e+00 3.618150024414062500e+02
1.186868686868686851e+00 3.488409118652343750e+02
1.196969696969697017e+00 3.436938476562500000e+02
1.207070707070707183e+00 3.352680664062500000e+02
1.217171717171717127e+00 3.200520019531250000e+02
1.227272727272727293e+00 3.085752258300781250e+02
1.237373737373737459e+00 2.955065917968750000e+02
1.247474747474747403e+00 2.698276977539062500e+02
1.257575757575757791e+00 2.428622131347656250e+02
1.267676767676767735e+00 2.208612213134765625e+02
1.277777777777777679e+00 2.088303985595703125e+02
1.287878787878788067e+00 2.058798370361328125e+02
1.297979797979798011e+00 2.009648132324218750e+02
1.308080808080808177e+00 1.920224761962890625e+02
1.318181818181818343e+00 1.807065124511718750e+02
1.328282828282828287e+00 1.645846557617187500e+02
1.338383838383838453e+00 1.474956970214843750e+02
1.348484848484848619e+00 1.409283599853515625e+02
1.358585858585858563e+00 1.317024230957031250e+02
1.368686868686868729e+00 1.124956741333007812e+02
1.378787878787878896e+00 9.627958679199218750e+01
1.388888888888888840e+00 8.765550231933593750e+01
1.398989898989899228e+00 7.780371093750000000e+01
1.409090909090909172e+00 6.861348724365234375e+01
1.419191919191919116e+00 6.466387176513671875e+01
1.429292929292929504e+00 5.654202651977539062e+01
1.439393939393939448e+00 4.622188949584960938e+01
1.449494949494949614e+00 4.367064666748046875e+01
1.459595959595959780e+00 4.695668029785156250e+01
1.469696969696969724e+00 4.803462982177734375e+01
1.479797979797979890e+00 4.048352050781250000e+01
1.489898989898990056e+00 3.218943405151367188e+01
1.500000000000000000e+00 3.116677665710449219e+01
