5.000000000000000000e-01 2.025438617600000000e+10
5.101010101010100550e-01 1.571064320000000000e+10
5.202020202020202211e-01 1.090519961600000000e+10
5.303030303030302761e-01 1.145340518400000000e+10
5.404040404040404422e-01 1.702292787200000000e+10
5.505050505050504972e-01 2.207214796800000000e+10
5.606060606060605522e-01 2.037753241600000000e+10
5.707070707070707183e-01 1.670451609600000000e+10
5.808080808080807733e-01 1.144814387200000000e+10
5.909090909090909394e-01 1.128138547200000000e+10
6.010101010101009944e-01 1.620735078400000000e+10
6.111111111111111605e-01 2.074861568000000000e+10
6.212121212121212155e-01 2.007020544000000000e+10
6.313131313131312705e-01 1.770310041600000000e+10
6.414141414141414366e-01 1.329539993600000000e+10
6.515151515151514916e-01 1.032118272000000000e+10
6.616161616161616577e-01 1.323915264000000000e+10
6.717171717171717127e-01 1.879154073600000000e+10
6.818181818181818787e-01 2.182170009600000000e+10
6.919191919191919338e-01 1.986614886400000000e+10
7.020202020202019888e-01 1.666814054400000000e+10
7.121212121212121549e-01 1.210610483200000000e+10
7.222222222222222099e-01 1.065132441600000000e+10
7.323232323232323759e-01 1.366913024000000000e+10
7.424242424242424310e-01 1.797442355200000000e+10
7.525252525252525970e-01 1.971871539200000000e+10
7.626262626262626521e-01 1.994455449600000000e+10
7.727272727272727071e-01 1.694466867200000000e+10
7.828282828282828731e-01 1.351542476800000000e+10
7.929292929292929282e-01 1.103252275200000000e+10
8.030303030303029832e-01 1.154089369600000000e+10
8.131313131313131493e-01 1.476837068800000000e+10
8.232323232323233153e-01 1.736160460800000000e+10
8.333333333333333703e-01 1.853011148800000000e+10
8.434343434343434254e-01 1.849220710400000000e+10
8.535353535353535914e-01 1.743955148800000000e+10
8.636363636363636465e-01 1.438811955200000000e+10
8.737373737373737015e-01 1.146811187200000000e+10
8.838383838383838675e-01 1.069119180800000000e+10
8.939393939393940336e-01 1.163643084800000000e+10
9.040404040404040886e-01 1.388835225600000000e+10
9.141414141414141437e-01 1.559753625600000000e+10
9.242424242424243097e-01 1.663707648000000000e+10
9.343434343434343647e-01 1.804622643200000000e+10
9.444444444444444198e-01 1.725977395200000000e+10
9.545454545454545858e-01 1.556882636800000000e+10
9.646464646464647519e-01 1.430123110400000000e+10
9.747474747474748069e-01 1.186059571200000000e+10
9.848484848484848619e-01 1.067346329600000000e+10
9.949494949494950280e-01 9.807045632000000000e+09
1.005050505050505194e+00 1.081424281600000000e+10
1.015151515151515138e+00 1.147448832000000000e+10
1.025252525252525304e+00 1.268209561600000000e+10
1.035353535353535470e+00 1.346485145600000000e+10
1.045454545454545414e+00 1.454620672000000000e+10
1.055555555555555580e+00 1.500546252800000000e+10
1.065656565656565746e+00 1.539883212800000000e+10
1.075757575757575690e+00 1.466540953600000000e+10
1.085858585858585856e+00 1.547478425600000000e+10
1.095959595959596022e+00 1.408337612800000000e+10
1.106060606060605966e+00 1.326572441600000000e+10
1.116161616161616355e+00 1.293662822400000000e+10
1.126262626262626299e+00 1.257820876800000000e+10
1.136363636363636465e+00 1.215900467200000000e+10
1.146464646464646631e+00 1.133163827200000000e+10
1.156565656565656575e+00 1.143822233600000000e+10
1.166666666666666741e+00 1.123356160000000000e+10
1.176767676767676907e+00 1.089629491200000000e+10
1.186868686868686851e+00 1.027121356800000000e+10
1.196969696969697017e+00 1.049614848000000000e+10
1.207070707070707183e+00 9.834281984000000000e+09
1.217171717171717127e+00 9.469135872000000000e+09
1.227272727272727293e+00 1.054315110400000000e+10
1.237373737373737459e+00 9.780853760000000000e+09
1.247474747474747403e+00 9.868706816000000000e+09
1.257575757575757791e+00 9.737711616000000000e+09
1.267676767676767735e+00 9.899645952000000000e+09
1.277777777777777679e+00 1.053394124800000000e+10
1.287878787878788067e+00 1.031431987200000000e+10
1.297979797979798011e+00 1.013264384000000000e+10
1.308080808080808177e+00 9.746624512000000000e+09
1.318181818181818343e+00 9.171487744000000000e+09
1.328282828282828287e+00 8.487019008000000000e+09
1.338383838383838453e+00 8.352322560000000000e+09
1.348484848484848619e+00 7.648496640000000000e+09
1.358585858585858563e+00 7.286504448000000000e+09
1.368686868686868729e+00 7.101429760000000000e+09
1.378787878787878896e+00 7.103213056000000000e+09
1.388888888888888840e+00 7.440766464000000000e+09
1.398989898989899228e+00 7.759998464000000000e+09
1.409090909090909172e+00 7.718624768000000000e+09
1.419191919191919116e+00 7.832048128000000000e+09
1.429292929292929504e+00 7.007177728000000000e+09
1.439393939393939448e+00 6.872119808000000000e+09
1.449494949494949614e+00 6.474676736000000000e+09
1.459595959595959780e+00 6.745500160000000000e+09
1.469696969696969724e+00 6.927002112000000000e+09
1.479797979797979890e+00 7.176111616000000000e+09
1.489898989898990056e+00 6.813705728000000000e+09
1.500000000000000000e+00 6.584434688000000000e+09
