5.000000000000000000e-01 1.061625280000000000e+08
5.101010101010100550e-01 1.052179440000000000e+08
5.202020202020202211e-01 1.082755280000000000e+08
5.303030303030302761e-01 1.182089680000000000e+08
5.404040404040404422e-01 1.287555760000000000e+08
5.505050505050504972e-01 1.374858080000000000e+08
5.606060606060605522e-01 1.433291520000000000e+08
5.707070707070707183e-01 1.464909440000000000e+08
5.808080808080807733e-01 1.590020480000000000e+08
5.909090909090909394e-01 1.695093920000000000e+08
6.010101010101009944e-01 1.827064160000000000e+08
6.111111111111111605e-01 1.917319200000000000e+08
6.212121212121212155e-01 1.945053760000000000e+08
6.313131313131312705e-01 1.943826240000000000e+08
6.414141414141414366e-01 2.003340960000000000e+08
6.515151515151514916e-01 2.016928320000000000e+08
6.616161616161616577e-01 1.981663840000000000e+08
6.717171717171717127e-01 1.902711200000000000e+08
6.818181818181818787e-01 1.783497920000000000e+08
6.919191919191919338e-01 1.581157920000000000e+08
7.020202020202019888e-01 1.497431840000000000e+08
7.121212121212121549e-01 1.394226080000000000e+08
7.222222222222222099e-01 1.309803520000000000e+08
7.323232323232323759e-01 1.222033440000000000e+08
7.424242424242424310e-01 1.108206640000000000e+08
7.525252525252525970e-01 9.840700800000000000e+07
7.626262626262626521e-01 9.024359200000000000e+07
7.727272727272727071e-01 8.364873600000000000e+07
7.828282828282828731e-01 7.923516000000000000e+07
7.929292929292929282e-01 7.492398400000000000e+07
8.030303030303029832e-01 7.178239200000000000e+07
8.131313131313131493e-01 6.633445600000000000e+07
8.232323232323233153e-01 6.041874800000000000e+07
8.333333333333333703e-01 5.334618400000000000e+07
8.434343434343434254e-01 4.931025200000000000e+07
8.535353535353535914e-01 4.684306400000000000e+07
8.636363636363636465e-01 4.504476400000000000e+07
8.737373737373737015e-01 4.495741200000000000e+07
8.838383838383838675e-01 4.333473200000000000e+07
8.939393939393940336e-01 4.150988800000000000e+07
9.040404040404040886e-01 3.835844800000000000e+07
9.141414141414141437e-01 3.470800800000000000e+07
9.242424242424243097e-01 3.104445800000000000e+07
9.343434343434343647e-01 2.835482800000000000e+07
9.444444444444444198e-01 2.673386200000000000e+07
9.545454545454545858e-01 2.598647600000000000e+07
9.646464646464647519e-01 2.521597200000000000e+07
9.747474747474748069e-01 2.532398000000000000e+07
9.848484848484848619e-01 2.519401000000000000e+07
9.949494949494950280e-01 2.413555800000000000e+07
1.005050505050505194e+00 2.356663600000000000e+07
1.015151515151515138e+00 2.201043200000000000e+07
1.025252525252525304e+00 2.037496200000000000e+07
1.035353535353535470e+00 1.863310200000000000e+07
1.045454545454545414e+00 1.677934400000000000e+07
1.055555555555555580e+00 1.515770200000000000e+07
1.065656565656565746e+00 1.388825100000000000e+07
1.075757575757575690e+00 1.295089300000000000e+07
1.085858585858585856e+00 1.187899700000000000e+07
1.095959595959596022e+00 1.133961700000000000e+07
1.106060606060605966e+00 1.057962500000000000e+07
1.116161616161616355e+00 1.038633600000000000e+07
1.126262626262626299e+00 9.934263000000000000e+06
1.136363636363636465e+00 9.725520000000000000e+06
1.146464646464646631e+00 9.264987000000000000e+06
1.156565656565656575e+00 8.950649000000000000e+06
1.166666666666666741e+00 8.594577000000000000e+06
1.176767676767676907e+00 8.156492000000000000e+06
1.186868686868686851e+00 7.849739500000000000e+06
1.196969696969697017e+00 7.400241000000000000e+06
1.207070707070707183e+00 6.886427000000000000e+06
1.217171717171717127e+00 6.328107500000000000e+06
1.227272727272727293e+00 5.860084500000000000e+06
1.237373737373737459e+00 5.439451500000000000e+06
1.247474747474747403e+00 4.890081500000000000e+06
1.257575757575757791e+00 4.407120500000000000e+06
1.267676767676767735e+00 3.981661750000000000e+06
1.277777777777777679e+00 3.546851500000000000e+06
1.287878787878788067e+00 3.208277500000000000e+06
1.297979797979798011e+00 3.010326750000000000e+06
1.308080808080808177e+00 2.894344250000000000e+06
1.318181818181818343e+00 2.902960000000000000e+06
1.328282828282828287e+00 2.980019750000000000e+06
1.338383838383838453e+00 3.061229500000000000e+06
1.348484848484848619e+00 3.037947000000000000e+06
1.358585858585858563e+00 2.893185750000000000e+06
1.368686868686868729e+00 2.677190500000000000e+06
1.378787878787878896e+00 2.296705000000000000e+06
1.388888888888888840e+00 1.778523250000000000e+06
1.398989898989899228e+00 1.357180625000000000e+06
1.409090909090909172e+00 1.128707000000000000e+06
1.419191919191919116e+00 1.206322000000000000e+06
1.429292929292929504e+00 1.384028250000000000e+06
1.439393939393939448e+00 1.427001875000000000e+06
1.449494949494949614e+00 1.239717875000000000e+06
1.459595959595959780e+00 9.039131250000000000e+05
1.469696969696969724e+00 5.891825000000000000e+05
1.479797979797979890e+00 6.134001250000000000e+05
1.489898989898990056e+00 7.424295625000000000e+05
1.500000000000000000e+00 7.300310000000000000e+05
