5.000000000000000000e-01 8.375598007189504000e+15
5.101010101010100550e-01 7.459093325283328000e+15
5.202020202020202211e-01 5.959721315991552000e+15
5.303030303030302761e-01 6.512176516825088000e+15
5.404040404040404422e-01 8.255605210873856000e+15
5.505050505050504972e-01 8.298320271245312000e+15
5.606060606060605522e-01 8.832275437322240000e+15
5.707070707070707183e-01 7.522386647711744000e+15
5.808080808080807733e-01 6.218735761227776000e+15
5.909090909090909394e-01 6.162054540951552000e+15
6.010101010101009944e-01 7.811967838322688000e+15
6.111111111111111605e-01 8.183475530104832000e+15
6.212121212121212155e-01 8.799916616843264000e+15
6.313131313131312705e-01 7.768742213713920000e+15
6.414141414141414366e-01 6.564213266841600000e+15
6.515151515151514916e-01 6.354747174944768000e+15
6.616161616161616577e-01 6.249379279142912000e+15
6.717171717171717127e-01 8.832710302760960000e+15
6.818181818181818787e-01 8.806020302241792000e+15
6.919191919191919338e-01 8.504080880107520000e+15
7.020202020202019888e-01 7.744454710525952000e+15
7.121212121212121549e-01 7.160426668228608000e+15
7.222222222222222099e-01 6.786089129869312000e+15
7.323232323232323759e-01 8.594893131743232000e+15
7.424242424242424310e-01 9.457133586219008000e+15
7.525252525252525970e-01 9.978121709158400000e+15
7.626262626262626521e-01 1.016821159297024000e+16
7.727272727272727071e-01 7.135262991712256000e+15
7.828282828282828731e-01 8.577360001499136000e+15
7.929292929292929282e-01 7.262132567539712000e+15
8.030303030303029832e-01 7.444764777512960000e+15
8.131313131313131493e-01 8.125016730238976000e+15
8.232323232323233153e-01 9.784973808631808000e+15
8.333333333333333703e-01 1.024264874491904000e+16
8.434343434343434254e-01 9.783652032446464000e+15
8.535353535353535914e-01 1.038943569471078400e+16
8.636363636363636465e-01 8.733945382305792000e+15
8.737373737373737015e-01 8.568655176531968000e+15
8.838383838383838675e-01 7.859326295212032000e+15
8.939393939393940336e-01 9.791308885393408000e+15
9.040404040404040886e-01 9.112966045630464000e+15
9.141414141414141437e-01 1.120623002648576000e+16
9.242424242424243097e-01 9.953310756831232000e+15
9.343434343434343647e-01 1.089695802143539200e+16
9.444444444444444198e-01 1.097980794057523200e+16
9.545454545454545858e-01 9.571457025703936000e+15
9.646464646464647519e-01 1.019136039295385600e+16
9.747474747474748069e-01 8.295562902241280000e+15
9.848484848484848619e-01 9.655596508774400000e+15
9.949494949494950280e-01 9.874983438254080000e+15
1.005050505050505194e+00 9.980438844014592000e+15
1.015151515151515138e+00 1.072840095616204800e+16
1.025252525252525304e+00 1.228178862165196800e+16
1.035353535353535470e+00 1.196886804188364800e+16
1.045454545454545414e+00 1.161204215893196800e+16
1.055555555555555580e+00 1.198374580859699200e+16
1.065656565656565746e+00 1.294291079004160000e+16
1.075757575757575690e+00 1.216100769883750400e+16
1.085858585858585856e+00 1.440287754813440000e+16
1.095959595959596022e+00 1.382661749106278400e+16
1.106060606060605966e+00 1.140025410034073600e+16
1.116161616161616355e+00 1.190476994995814400e+16
1.126262626262626299e+00 9.432422491881472000e+15
1.136363636363636465e+00 9.935121570332672000e+15
1.146464646464646631e+00 9.693317059051520000e+15
1.156565656565656575e+00 1.090898929857331200e+16
1.166666666666666741e+00 1.070554958266368000e+16
1.176767676767676907e+00 9.595416500764672000e+15
1.186868686868686851e+00 8.678671300689920000e+15
1.196969696969697017e+00 8.652382879612928000e+15
1.207070707070707183e+00 7.881973120892928000e+15
1.217171717171717127e+00 7.496425717891072000e+15
1.227272727272727293e+00 6.116486011682816000e+15
1.237373737373737459e+00 6.697185991196672000e+15
1.247474747474747403e+00 5.940005268619264000e+15
1.257575757575757791e+00 5.703831459463168000e+15
1.267676767676767735e+00 4.759786373513216000e+15
1.277777777777777679e+00 4.192160542883840000e+15
1.287878787878788067e+00 3.908046308769792000e+15
1.297979797979798011e+00 4.071755429707776000e+15
1.308080808080808177e+00 3.609406763696128000e+15
1.318181818181818343e+00 3.402690793046016000e+15
1.328282828282828287e+00 3.226540494028800000e+15
1.338383838383838453e+00 2.653270271066112000e+15
1.348484848484848619e+00 2.699747454353408000e+15
1.358585858585858563e+00 2.356611242786816000e+15
1.368686868686868729e+00 1.951002181763072000e+15
1.378787878787878896e+00 1.690094327037952000e+15
1.388888888888888840e+00 1.471321309446144000e+15
1.398989898989899228e+00 1.231593414852608000e+15
1.409090909090909172e+00 9.092375972413440000e+14
1.419191919191919116e+00 1.164454083428352000e+15
1.429292929292929504e+00 1.088869839667200000e+15
1.439393939393939448e+00 9.810319350169600000e+14
1.449494949494949614e+00 8.450944081592320000e+14
1.459595959595959780e+00 6.874738731253760000e+14
1.469696969696969724e+00 4.439449995837440000e+14
1.479797979797979890e+00 4.657434014515200000e+14
1.489898989898990056e+00 5.109468249456640000e+14
1.500000000000000000e+00 4.494072920145920000e+14
