5.000000000000000000e-01 5.939198287214018560e+17
5.101010101010100550e-01 5.470124636572221440e+17
5.202020202020202211e-01 5.163250254065172480e+17
5.303030303030302761e-01 5.641540217329418240e+17
5.404040404040404422e-01 6.408460916416839680e+17
5.505050505050504972e-01 6.604938146742272000e+17
5.606060606060605522e-01 6.377507602510643200e+17
5.707070707070707183e-01 6.097890800450928640e+17
5.808080808080807733e-01 5.784185014761553920e+17
5.909090909090909394e-01 6.329456882792529920e+17
6.010101010101009944e-01 6.968086908748431360e+17
6.111111111111111605e-01 7.321392292906926080e+17
6.212121212121212155e-01 7.317838121570140160e+17
6.313131313131312705e-01 6.953252435305431040e+17
6.414141414141414366e-01 6.595644524708495360e+17
6.515151515151514916e-01 6.814884394507960320e+17
6.616161616161616577e-01 7.848042557131980800e+17
6.717171717171717127e-01 8.222655102247239680e+17
6.818181818181818787e-01 8.329874665824583680e+17
6.919191919191919338e-01 8.203700896173916160e+17
7.020202020202019888e-01 7.770729022635376640e+17
7.121212121212121549e-01 7.731774012858040320e+17
7.222222222222222099e-01 7.961622108281241600e+17
7.323232323232323759e-01 8.893651314551029760e+17
7.424242424242424310e-01 9.177645547278827520e+17
7.525252525252525970e-01 9.217307680471777280e+17
7.626262626262626521e-01 9.232979157141422080e+17
7.727272727272727071e-01 8.871740109393756160e+17
7.828282828282828731e-01 8.634954782794055680e+17
7.929292929292929282e-01 9.030549445741117440e+17
8.030303030303029832e-01 9.617784175046164480e+17
8.131313131313131493e-01 1.002597992844230656e+18
8.232323232323233153e-01 9.973217801399173120e+17
8.333333333333333703e-01 9.886829859999580160e+17
8.434343434343434254e-01 9.530453402425753600e+17
8.535353535353535914e-01 9.245255204465541120e+17
8.636363636363636465e-01 8.952304075139973120e+17
8.737373737373737015e-01 8.709911926433382400e+17
8.838383838383838675e-01 8.999150829625671680e+17
8.939393939393940336e-01 9.032020729738035200e+17
9.040404040404040886e-01 8.662468686889615360e+17
9.141414141414141437e-01 8.302743529214443520e+17
9.242424242424243097e-01 7.535509125715722240e+17
9.343434343434343647e-01 7.288458483681198080e+17
9.444444444444444198e-01 6.878701423773614080e+17
9.545454545454545858e-01 6.271231557348884480e+17
9.646464646464647519e-01 5.980190829476577280e+17
9.747474747474748069e-01 5.636065680215244800e+17
9.848484848484848619e-01 5.550970352173056000e+17
9.949494949494950280e-01 5.373727359788646400e+17
1.005050505050505194e+00 5.262542338806251520e+17
1.015151515151515138e+00 5.110682946738585600e+17
1.025252525252525304e+00 4.681308881404559360e+17
1.035353535353535470e+00 4.259491209732423680e+17
1.045454545454545414e+00 4.079867431076495360e+17
1.055555555555555580e+00 3.451716438128066560e+17
1.065656565656565746e+00 3.321297522802032640e+17
1.075757575757575690e+00 2.975497679892643840e+17
1.085858585858585856e+00 2.821727027378257920e+17
1.095959595959596022e+00 2.569242220922142720e+17
1.106060606060605966e+00 2.419096692604272640e+17
1.116161616161616355e+00 2.275073726066196480e+17
1.126262626262626299e+00 2.141442518800138240e+17
1.136363636363636465e+00 2.042829382489210880e+17
1.146464646464646631e+00 1.857126850719907840e+17
1.156565656565656575e+00 1.833857061507563520e+17
1.166666666666666741e+00 1.709949144803573760e+17
1.176767676767676907e+00 1.606056462893711360e+17
1.186868686868686851e+00 1.528523713266319360e+17
1.196969696969697017e+00 1.401648403657523200e+17
1.207070707070707183e+00 1.339722534391644160e+17
1.217171717171717127e+00 1.228579088692674560e+17
1.227272727272727293e+00 1.097501840779509760e+17
1.237373737373737459e+00 1.031733178374553600e+17
1.247474747474747403e+00 9.451123638481715200e+16
1.257575757575757791e+00 8.418077488604774400e+16
1.267676767676767735e+00 7.878215561379840000e+16
1.277777777777777679e+00 7.037284587143168000e+16
1.287878787878788067e+00 6.361246426831257600e+16
1.297979797979798011e+00 6.102325182385356800e+16
1.308080808080808177e+00 5.965368983237427200e+16
1.318181818181818343e+00 5.534907603982745600e+16
1.328282828282828287e+00 5.610091435995955200e+16
1.338383838383838453e+00 5.628855718615449600e+16
1.348484848484848619e+00 5.407816515216998400e+16
1.358585858585858563e+00 5.095528584131379200e+16
1.368686868686868729e+00 4.619803833034342400e+16
1.378787878787878896e+00 3.800885425183129600e+16
1.388888888888888840e+00 3.160679103279923200e+16
1.398989898989899228e+00 2.458393753577062400e+16
1.409090909090909172e+00 2.153323085535641600e+16
1.419191919191919116e+00 2.269710686303027200e+16
1.429292929292929504e+00 2.490360765664460800e+16
1.439393939393939448e+00 2.381687999902515200e+16
1.449494949494949614e+00 2.050232488768307200e+16
1.459595959595959780e+00 1.537146031911731200e+16
1.469696969696969724e+00 1.076812403494092800e+16
1.479797979797979890e+00 1.125399328404275200e+16
1.489898989898990056e+00 1.285711237585305600e+16
1.500000000000000000e+00 1.191357785414041600e+16
