5.000000000000000000e-01 6.471910661554176000e+15
5.101010101010100550e-01 4.465268654866432000e+15
5.202020202020202211e-01 5.227687626932224000e+15
5.303030303030302761e-01 4.216869758173184000e+15
5.404040404040404422e-01 7.781138026201088000e+15
5.505050505050504972e-01 7.306361067012096000e+15
5.606060606060605522e-01 7.574697201893376000e+15
5.707070707070707183e-01 6.453972193771520000e+15
5.808080808080807733e-01 5.743624868331520000e+15
5.909090909090909394e-01 4.424957702438912000e+15
6.010101010101009944e-01 6.854056987328512000e+15
6.111111111111111605e-01 7.556503720427520000e+15
6.212121212121212155e-01 6.230630136283136000e+15
6.313131313131312705e-01 7.564532088045568000e+15
6.414141414141414366e-01 6.087475118211072000e+15
6.515151515151514916e-01 6.632769534820352000e+15
6.616161616161616577e-01 7.494681961168896000e+15
6.717171717171717127e-01 6.861728872660992000e+15
6.818181818181818787e-01 6.947771563114496000e+15
6.919191919191919338e-01 5.843571441664000000e+15
7.020202020202019888e-01 6.678874935001088000e+15
7.121212121212121549e-01 5.795754497015808000e+15
7.222222222222222099e-01 5.906589886185472000e+15
7.323232323232323759e-01 6.614198633103360000e+15
7.424242424242424310e-01 9.740466136285184000e+15
7.525252525252525970e-01 6.967106969010176000e+15
7.626262626262626521e-01 6.318079965396992000e+15
7.727272727272727071e-01 7.462409576906752000e+15
7.828282828282828731e-01 7.365068974981120000e+15
7.929292929292929282e-01 4.306321042046976000e+15
8.030303030303029832e-01 4.936997797888000000e+15
8.131313131313131493e-01 8.942280824061952000e+15
8.232323232323233153e-01 1.193916619554816000e+16
8.333333333333333703e-01 1.085772779015372800e+16
8.434343434343434254e-01 9.890631077855232000e+15
8.535353535353535914e-01 7.716546549907456000e+15
8.636363636363636465e-01 4.977201913004032000e+15
8.737373737373737015e-01 8.367639432790016000e+15
8.838383838383838675e-01 7.778168593186816000e+15
8.939393939393940336e-01 8.788464623419392000e+15
9.040404040404040886e-01 8.417929741729792000e+15
9.141414141414141437e-01 8.080469329444864000e+15
9.242424242424243097e-01 9.143631038382080000e+15
9.343434343434343647e-01 9.993690965606400000e+15
9.444444444444444198e-01 1.257843664407756800e+16
9.545454545454545858e-01 9.091976540454912000e+15
9.646464646464647519e-01 8.923235328458752000e+15
9.747474747474748069e-01 1.330471668757299200e+16
9.848484848484848619e-01 1.033544366083276800e+16
9.949494949494950280e-01 1.047419472681369600e+16
1.005050505050505194e+00 1.252823169761280000e+16
1.015151515151515138e+00 1.066442849202995200e+16
1.025252525252525304e+00 1.196996433228595200e+16
1.035353535353535470e+00 7.663608393629696000e+15
1.045454545454545414e+00 1.115507696599040000e+16
1.055555555555555580e+00 8.684766396153856000e+15
1.065656565656565746e+00 9.274506208083968000e+15
1.075757575757575690e+00 7.494328700108800000e+15
1.085858585858585856e+00 7.593012553056256000e+15
1.095959595959596022e+00 7.043603557777408000e+15
1.106060606060605966e+00 5.873091825631232000e+15
1.116161616161616355e+00 7.100301421051904000e+15
1.126262626262626299e+00 5.920816965353472000e+15
1.136363636363636465e+00 4.110575760048128000e+15
1.146464646464646631e+00 6.273949713301504000e+15
1.156565656565656575e+00 4.271572609138688000e+15
1.166666666666666741e+00 3.640965646516224000e+15
1.176767676767676907e+00 2.663160775442432000e+15
1.186868686868686851e+00 3.695022910210048000e+15
1.196969696969697017e+00 2.876946262261760000e+15
1.207070707070707183e+00 3.246559336595456000e+15
1.217171717171717127e+00 3.082302338891776000e+15
1.227272727272727293e+00 2.241130578051072000e+15
1.237373737373737459e+00 2.518562916794368000e+15
1.247474747474747403e+00 2.008446564040704000e+15
1.257575757575757791e+00 1.982726823477248000e+15
1.267676767676767735e+00 2.074513630035968000e+15
1.277777777777777679e+00 1.333195966513152000e+15
1.287878787878788067e+00 1.480685411893248000e+15
1.297979797979798011e+00 1.802393360531456000e+15
1.308080808080808177e+00 1.350432341360640000e+15
1.318181818181818343e+00 1.444313078693888000e+15
1.328282828282828287e+00 8.401534509383680000e+14
1.338383838383838453e+00 9.734472912076800000e+14
1.348484848484848619e+00 9.474458276331520000e+14
1.358585858585858563e+00 9.413826088796160000e+14
1.368686868686868729e+00 8.819687156613120000e+14
1.378787878787878896e+00 6.477769668034560000e+14
1.388888888888888840e+00 5.844868656005120000e+14
1.398989898989899228e+00 5.061884373893120000e+14
1.409090909090909172e+00 3.966388540538880000e+14
1.419191919191919116e+00 3.788506430177280000e+14
1.429292929292929504e+00 5.050283600117760000e+14
1.439393939393939448e+00 4.475003265351680000e+14
1.449494949494949614e+00 2.910682559283200000e+14
1.459595959595959780e+00 2.403041416314880000e+14
1.469696969696969724e+00 2.377498440499200000e+14
1.479797979797979890e+00 2.136396760350720000e+14
1.489898989898990056e+00 1.953430650224640000e+14
1.500000000000000000e+00 1.535646933975040000e+14
