5.000000000000000000e-01 7.011699037464166400e+17
5.101010101010100550e-01 7.593051379560611840e+17
5.202020202020202211e-01 6.596188782964244480e+17
5.303030303030302761e-01 7.343384587046748160e+17
5.404040404040404422e-01 9.160379778748907520e+17
5.505050505050504972e-01 9.188914854268764160e+17
5.606060606060605522e-01 7.008063777144832000e+17
5.707070707070707183e-01 8.812907303775764480e+17
5.808080808080807733e-01 7.440496889985761280e+17
5.909090909090909394e-01 7.400281565005086720e+17
6.010101010101009944e-01 8.429651222876651520e+17
6.111111111111111605e-01 1.145753375988514816e+18
6.212121212121212155e-01 7.076590839345971200e+17
6.313131313131312705e-01 9.916381983775129600e+17
6.414141414141414366e-01 7.449083388603924480e+17
6.515151515151514916e-01 6.902966271009095680e+17
6.616161616161616577e-01 9.240771258608517120e+17
6.717171717171717127e-01 9.655199868544614400e+17
6.818181818181818787e-01 7.253504321839431680e+17
6.919191919191919338e-01 8.346734989441761280e+17
7.020202020202019888e-01 3.728312331990466560e+17
7.121212121212121549e-01 1.274751653571985408e+18
7.222222222222222099e-01 8.649630514245795840e+17
7.323232323232323759e-01 1.000040322639593472e+18
7.424242424242424310e-01 9.555637716259962880e+17
7.525252525252525970e-01 8.954414450270535680e+17
7.626262626262626521e-01 1.160569570050703360e+18
7.727272727272727071e-01 1.110609342232526848e+18
7.828282828282828731e-01 1.143902554321584128e+18
7.929292929292929282e-01 1.036051046436175872e+18
8.030303030303029832e-01 1.123628934294929408e+18
8.131313131313131493e-01 7.518160893813719040e+17
8.232323232323233153e-01 8.085896471594926080e+17
8.333333333333333703e-01 1.122074431011684352e+18
8.434343434343434254e-01 1.000319461154095104e+18
8.535353535353535914e-01 6.579025406454661120e+17
8.636363636363636465e-01 8.010414311153336320e+17
8.737373737373737015e-01 5.862253776307486720e+17
8.838383838383838675e-01 8.818938125054115840e+17
8.939393939393940336e-01 9.605042209669775360e+17
9.040404040404040886e-01 6.415418076241592320e+17
9.141414141414141437e-01 7.126777360401039360e+17
9.242424242424243097e-01 6.088249457864867840e+17
9.343434343434343647e-01 6.051090775209410560e+17
9.444444444444444198e-01 4.477090058427432960e+17
9.545454545454545858e-01 5.425368328568832000e+17
9.646464646464647519e-01 5.492276703495454720e+17
9.747474747474748069e-01 4.641307961191301120e+17
9.848484848484848619e-01 4.901900463311421440e+17
9.949494949494950280e-01 4.196770599718092800e+17
1.005050505050505194e+00 4.573633707696455680e+17
1.015151515151515138e+00 3.760268950257008640e+17
1.025252525252525304e+00 3.256049066835968000e+17
1.035353535353535470e+00 3.253515723326095360e+17
1.045454545454545414e+00 3.475631503226961920e+17
1.055555555555555580e+00 2.598127593974661120e+17
1.065656565656565746e+00 3.021611884756336640e+17
1.075757575757575690e+00 2.209837983203328000e+17
1.085858585858585856e+00 1.342555065323356160e+17
1.095959595959596022e+00 1.813402022062325760e+17
1.106060606060605966e+00 2.077678918927646720e+17
1.116161616161616355e+00 1.344781834067640320e+17
1.126262626262626299e+00 1.636938995738869760e+17
1.136363636363636465e+00 1.639482647170252800e+17
1.146464646464646631e+00 1.505121982658641920e+17
1.156565656565656575e+00 1.036201576449966080e+17
1.166666666666666741e+00 1.415961983466864640e+17
1.176767676767676907e+00 1.503266900384153600e+17
1.186868686868686851e+00 1.073403552375767040e+17
1.196969696969697017e+00 9.938099915404083200e+16
1.207070707070707183e+00 1.259600692578877440e+17
1.217171717171717127e+00 1.144937778878873600e+17
1.227272727272727293e+00 1.021686304976404480e+17
1.237373737373737459e+00 8.036077084344320000e+16
1.247474747474747403e+00 6.515521652103577600e+16
1.257575757575757791e+00 8.661158893663027200e+16
1.267676767676767735e+00 6.120805138169856000e+16
1.277777777777777679e+00 7.674313706989158400e+16
1.287878787878788067e+00 8.620833445720883200e+16
1.297979797979798011e+00 3.440205668076748800e+16
1.308080808080808177e+00 5.141914230928179200e+16
1.318181818181818343e+00 4.677908727595008000e+16
1.328282828282828287e+00 5.169506389327872000e+16
1.338383838383838453e+00 3.603978354530713600e+16
1.348484848484848619e+00 4.482593801319219200e+16
1.358585858585858563e+00 5.658920489687449600e+16
1.368686868686868729e+00 3.856907260605235200e+16
1.378787878787878896e+00 4.454527049033318400e+16
1.388888888888888840e+00 2.434284384157696000e+16
1.398989898989899228e+00 1.455670609680793600e+16
1.409090909090909172e+00 1.071043940293017600e+16
1.419191919191919116e+00 2.180607939025305600e+16
1.429292929292929504e+00 2.114050978322841600e+16
1.439393939393939448e+00 1.611504263836467200e+16
1.449494949494949614e+00 1.975537209285017600e+16
1.459595959595959780e+00 1.148148696429363200e+16
1.469696969696969724e+00 6.541857425195008000e+15
1.479797979797979890e+00 9.729670735986688000e+15
1.489898989898990056e+00 9.297754866057216000e+15
1.500000000000000000e+00 1.135620706323660800e+16
