5.000000000000000000e-01 6.610432399769600000e+13
5.101010101010100550e-01 6.497655534387200000e+13
5.202020202020202211e-01 6.648791407001600000e+13
5.303030303030302761e-01 6.931091973734400000e+13
5.404040404040404422e-01 7.124735020236800000e+13
5.505050505050504972e-01 6.870636534169600000e+13
5.606060606060605522e-01 6.632271301836800000e+13
5.707070707070707183e-01 6.381683448217600000e+13
5.808080808080807733e-01 6.422734359756800000e+13
5.909090909090909394e-01 6.362497862860800000e+13
6.010101010101009944e-01 6.231615445401600000e+13
6.111111111111111605e-01 5.896143267430400000e+13
6.212121212121212155e-01 5.384944431923200000e+13
6.313131313131312705e-01 5.089712825958400000e+13
6.414141414141414366e-01 4.945871267430400000e+13
6.515151515151514916e-01 4.865472331776000000e+13
6.616161616161616577e-01 4.730907734835200000e+13
6.717171717171717127e-01 4.388621910016000000e+13
6.818181818181818787e-01 3.987347813171200000e+13
6.919191919191919338e-01 3.658895641804800000e+13
7.020202020202019888e-01 3.522330781286400000e+13
7.121212121212121549e-01 3.530870803660800000e+13
7.222222222222222099e-01 3.451763503923200000e+13
7.323232323232323759e-01 3.311708143616000000e+13
7.424242424242424310e-01 3.038785201766400000e+13
7.525252525252525970e-01 2.739952156672000000e+13
7.626262626262626521e-01 2.507742065459200000e+13
7.727272727272727071e-01 2.402065737318400000e+13
7.828282828282828731e-01 2.400822755328000000e+13
7.929292929292929282e-01 2.410792615936000000e+13
8.030303030303029832e-01 2.381624167628800000e+13
8.131313131313131493e-01 2.184111456256000000e+13
8.232323232323233153e-01 2.001694254694400000e+13
8.333333333333333703e-01 1.791261409280000000e+13
8.434343434343434254e-01 1.645420740608000000e+13
8.535353535353535914e-01 1.588552898969600000e+13
8.636363636363636465e-01 1.615308993331200000e+13
8.737373737373737015e-01 1.632573482598400000e+13
8.838383838383838675e-01 1.652861645619200000e+13
8.939393939393940336e-01 1.581474276966400000e+13
9.040404040404040886e-01 1.484747544985600000e+13
9.141414141414141437e-01 1.334183985152000000e+13
9.242424242424243097e-01 1.189436561817600000e+13
9.343434343434343647e-01 1.069018093977600000e+13
9.444444444444444198e-01 1.009948662169600000e+13
9.545454545454545858e-01 9.884532736000000000e+12
9.646464646464647519e-01 9.967031549952000000e+12
9.747474747474748069e-01 1.023374838988800000e+13
9.848484848484848619e-01 1.025019949875200000e+13
9.949494949494950280e-01 1.018407524761600000e+13
1.005050505050505194e+00 9.839087452160000000e+12
1.015151515151515138e+00 9.281613070336000000e+12
1.025252525252525304e+00 8.562174066688000000e+12
1.035353535353535470e+00 7.785344925696000000e+12
1.045454545454545414e+00 7.071279349760000000e+12
1.055555555555555580e+00 6.348732366848000000e+12
1.065656565656565746e+00 5.737664217088000000e+12
1.075757575757575690e+00 5.283670654976000000e+12
1.085858585858585856e+00 4.905663725568000000e+12
1.095959595959596022e+00 4.650239000576000000e+12
1.106060606060605966e+00 4.462420164608000000e+12
1.116161616161616355e+00 4.347083620352000000e+12
1.126262626262626299e+00 4.247215144960000000e+12
1.136363636363636465e+00 4.137456238592000000e+12
1.146464646464646631e+00 4.041124347904000000e+12
1.156565656565656575e+00 3.867015643136000000e+12
1.166666666666666741e+00 3.772180594688000000e+12
1.176767676767676907e+00 3.594670309376000000e+12
1.186868686868686851e+00 3.421197565952000000e+12
1.196969696969697017e+00 3.250027233280000000e+12
1.207070707070707183e+00 3.023581478912000000e+12
1.217171717171717127e+00 2.838684237824000000e+12
1.227272727272727293e+00 2.631791542272000000e+12
1.237373737373737459e+00 2.397850304512000000e+12
1.247474747474747403e+00 2.195633733632000000e+12
1.257575757575757791e+00 1.977572917248000000e+12
1.267676767676767735e+00 1.749277736960000000e+12
1.277777777777777679e+00 1.572398039040000000e+12
1.287878787878788067e+00 1.415223705600000000e+12
1.297979797979798011e+00 1.325912817664000000e+12
1.308080808080808177e+00 1.303585751040000000e+12
1.318181818181818343e+00 1.322213048320000000e+12
1.328282828282828287e+00 1.384497152000000000e+12
1.338383838383838453e+00 1.441945747456000000e+12
1.348484848484848619e+00 1.452249972736000000e+12
1.358585858585858563e+00 1.394442764288000000e+12
1.368686868686868729e+00 1.263309291520000000e+12
1.378787878787878896e+00 1.086864752640000000e+12
1.388888888888888840e+00 8.436470251520000000e+11
1.398989898989899228e+00 6.139595325440000000e+11
1.409090909090909172e+00 5.131077222400000000e+11
1.419191919191919116e+00 5.716726251520000000e+11
1.429292929292929504e+00 6.612734443520000000e+11
1.439393939393939448e+00 6.851510927360000000e+11
1.449494949494949614e+00 6.059490672640000000e+11
1.459595959595959780e+00 4.267134156800000000e+11
1.469696969696969724e+00 2.667647467520000000e+11
1.479797979797979890e+00 2.853347983360000000e+11
1.489898989898990056e+00 3.643332034560000000e+11
1.500000000000000000e+00 3.559888977920000000e+11
