5.000000000000000000e-01 2.536666717529296875e+02
5.101010101010100550e-01 2.691748046875000000e+02
5.202020202020202211e-01 2.722989196777343750e+02
5.303030303030302761e-01 2.956672973632812500e+02
5.404040404040404422e-01 3.220819396972656250e+02
5.505050505050504972e-01 3.620865173339843750e+02
5.606060606060605522e-01 3.877907714843750000e+02
5.707070707070707183e-01 4.150901794433593750e+02
5.808080808080807733e-01 4.715747070312500000e+02
5.909090909090909394e-01 5.273562011718750000e+02
6.010101010101009944e-01 6.189697265625000000e+02
6.111111111111111605e-01 7.281492309570312500e+02
6.212121212121212155e-01 8.778407592773437500e+02
6.313131313131312705e-01 1.046219604492187500e+03
6.414141414141414366e-01 1.199153930664062500e+03
6.515151515151514916e-01 1.356153930664062500e+03
6.616161616161616577e-01 1.351461181640625000e+03
6.717171717171717127e-01 1.181323974609375000e+03
6.818181818181818787e-01 9.948336791992187500e+02
6.919191919191919338e-01 8.026114501953125000e+02
7.020202020202019888e-01 6.428870849609375000e+02
7.121212121212121549e-01 5.531849975585937500e+02
7.222222222222222099e-01 4.447759094238281250e+02
7.323232323232323759e-01 4.253412475585937500e+02
7.424242424242424310e-01 3.220860595703125000e+02
7.525252525252525970e-01 3.219966430664062500e+02
7.626262626262626521e-01 2.601890258789062500e+02
7.727272727272727071e-01 2.283852844238281250e+02
7.828282828282828731e-01 2.722094726562500000e+02
7.929292929292929282e-01 1.365761260986328125e+02
8.030303030303029832e-01 3.197581176757812500e+02
8.131313131313131493e-01 4.247745895385742188e+01
8.232323232323233153e-01 3.158085632324218750e+02
8.333333333333333703e-01 1.724607543945312500e+02
8.434343434343434254e-01 2.874566345214843750e+02
8.535353535353535914e-01 3.208190917968750000e+02
8.636363636363636465e-01 2.664015808105468750e+02
8.737373737373737015e-01 4.566713256835937500e+02
8.838383838383838675e-01 3.281227722167968750e+02
8.939393939393940336e-01 6.099406738281250000e+02
9.040404040404040886e-01 4.817762145996093750e+02
9.141414141414141437e-01 7.110605468750000000e+02
9.242424242424243097e-01 6.363299560546875000e+02
9.343434343434343647e-01 7.559370727539062500e+02
9.444444444444444198e-01 7.794949340820312500e+02
9.545454545454545858e-01 8.043153076171875000e+02
9.646464646464647519e-01 8.879474487304687500e+02
9.747474747474748069e-01 8.630575561523437500e+02
9.848484848484848619e-01 1.010057312011718750e+03
9.949494949494950280e-01 9.194585571289062500e+02
1.005050505050505194e+00 1.047838378906250000e+03
1.015151515151515138e+00 9.319495239257812500e+02
1.025252525252525304e+00 1.034448364257812500e+03
1.035353535353535470e+00 9.570498657226562500e+02
1.045454545454545414e+00 1.005624816894531250e+03
1.055555555555555580e+00 8.858598632812500000e+02
1.065656565656565746e+00 8.511518554687500000e+02
1.075757575757575690e+00 7.574280395507812500e+02
1.085858585858585856e+00 7.410460815429687500e+02
1.095959595959596022e+00 6.921447143554687500e+02
1.106060606060605966e+00 6.316925659179687500e+02
1.116161616161616355e+00 5.854393310546875000e+02
1.126262626262626299e+00 5.298303833007812500e+02
1.136363636363636465e+00 5.049602050781250000e+02
1.146464646464646631e+00 4.177566833496093750e+02
1.156565656565656575e+00 3.850747985839843750e+02
1.166666666666666741e+00 3.129478454589843750e+02
1.176767676767676907e+00 2.923044738769531250e+02
1.186868686868686851e+00 2.217781524658203125e+02
1.196969696969697017e+00 2.092135009765625000e+02
1.207070707070707183e+00 1.497490844726562500e+02
1.217171717171717127e+00 1.394167480468750000e+02
1.227272727272727293e+00 9.117673492431640625e+01
1.237373737373737459e+00 8.312317657470703125e+01
1.247474747474747403e+00 5.473064422607421875e+01
1.257575757575757791e+00 5.437331390380859375e+01
1.267676767676767735e+00 3.918466186523437500e+01
1.277777777777777679e+00 3.534068298339843750e+01
1.287878787878788067e+00 2.603267097473144531e+01
1.297979797979798011e+00 1.757143402099609375e+01
1.308080808080808177e+00 1.927217674255371094e+01
1.318181818181818343e+00 7.620567798614501953e+00
1.328282828282828287e+00 1.416899776458740234e+01
1.338383838383838453e+00 2.812035799026489258e+00
1.348484848484848619e+00 1.204979419708251953e+01
1.358585858585858563e+00 2.647936105728149414e+00
1.368686868686868729e+00 8.668492317199707031e+00
1.378787878787878896e+00 4.992639064788818359e+00
1.388888888888888840e+00 4.422866344451904297e+00
1.398989898989899228e+00 3.240950822830200195e+00
1.409090909090909172e+00 2.674885034561157227e+00
1.419191919191919116e+00 2.829793214797973633e+00
1.429292929292929504e+00 3.321865797042846680e+00
1.439393939393939448e+00 3.430072784423828125e+00
1.449494949494949614e+00 2.984741449356079102e+00
1.459595959595959780e+00 2.209385871887207031e+00
1.469696969696969724e+00 1.431778430938720703e+00
1.479797979797979890e+00 1.451670765876770020e+00
1.489898989898990056e+00 1.743198990821838379e+00
1.500000000000000000e+00 1.777317643165588379e+00
