5.000000000000000000e-01 2.145065500000000000e+06
5.101010101010100550e-01 1.792948250000000000e+06
5.202020202020202211e-01 1.680757125000000000e+06
5.303030303030302761e-01 1.588083375000000000e+06
5.404040404040404422e-01 1.486030500000000000e+06
5.505050505050504972e-01 1.121570000000000000e+06
5.606060606060605522e-01 1.154545250000000000e+06
5.707070707070707183e-01 3.009570250000000000e+06
5.808080808080807733e-01 2.221786750000000000e+06
5.909090909090909394e-01 1.622195250000000000e+06
6.010101010101009944e-01 1.761444375000000000e+06
6.111111111111111605e-01 1.594834375000000000e+06
6.212121212121212155e-01 2.145327750000000000e+06
6.313131313131312705e-01 2.853767750000000000e+06
6.414141414141414366e-01 2.241090000000000000e+06
6.515151515151514916e-01 4.582794000000000000e+06
6.616161616161616577e-01 2.331719500000000000e+06
6.717171717171717127e-01 3.080947000000000000e+06
6.818181818181818787e-01 2.402552500000000000e+06
6.919191919191919338e-01 3.694090750000000000e+06
7.020202020202019888e-01 1.828528375000000000e+06
7.121212121212121549e-01 2.583670000000000000e+06
7.222222222222222099e-01 1.234795625000000000e+06
7.323232323232323759e-01 2.861629000000000000e+06
7.424242424242424310e-01 3.289686250000000000e+06
7.525252525252525970e-01 3.027326750000000000e+06
7.626262626262626521e-01 1.804751000000000000e+06
7.727272727272727071e-01 5.106180937500000000e+05
7.828282828282828731e-01 2.111377500000000000e+06
7.929292929292929282e-01 1.977304000000000000e+06
8.030303030303029832e-01 1.870671750000000000e+06
8.131313131313131493e-01 2.614845250000000000e+06
8.232323232323233153e-01 2.354376500000000000e+06
8.333333333333333703e-01 1.049224500000000000e+06
8.434343434343434254e-01 6.493750625000000000e+05
8.535353535353535914e-01 1.248588000000000000e+06
8.636363636363636465e-01 1.213461875000000000e+06
8.737373737373737015e-01 1.136180375000000000e+06
8.838383838383838675e-01 9.837750625000000000e+05
8.939393939393940336e-01 4.510659687500000000e+05
9.040404040404040886e-01 7.602436250000000000e+05
9.141414141414141437e-01 1.038964250000000000e+06
9.242424242424243097e-01 7.473188750000000000e+05
9.343434343434343647e-01 7.099966250000000000e+05
9.444444444444444198e-01 6.626868125000000000e+05
9.545454545454545858e-01 6.413368125000000000e+05
9.646464646464647519e-01 3.243084687500000000e+05
9.747474747474748069e-01 4.889154375000000000e+05
9.848484848484848619e-01 8.225565625000000000e+05
9.949494949494950280e-01 3.472761875000000000e+05
1.005050505050505194e+00 5.425235000000000000e+05
1.015151515151515138e+00 4.998458125000000000e+05
1.025252525252525304e+00 6.054410000000000000e+05
1.035353535353535470e+00 5.819216875000000000e+05
1.045454545454545414e+00 5.041644062500000000e+05
1.055555555555555580e+00 5.258530625000000000e+05
1.065656565656565746e+00 1.911597968750000000e+05
1.075757575757575690e+00 1.634292187500000000e+05
1.085858585858585856e+00 3.621721562500000000e+05
1.095959595959596022e+00 1.934820781250000000e+05
1.106060606060605966e+00 2.503899843750000000e+05
1.116161616161616355e+00 1.062131796875000000e+05
1.126262626262626299e+00 2.125030468750000000e+05
1.136363636363636465e+00 2.505421875000000000e+05
1.146464646464646631e+00 2.161627968750000000e+05
1.156565656565656575e+00 2.587337343750000000e+05
1.166666666666666741e+00 2.331458437500000000e+05
1.176767676767676907e+00 1.883355937500000000e+05
1.186868686868686851e+00 8.014425781250000000e+04
1.196969696969697017e+00 1.062193593750000000e+05
1.207070707070707183e+00 2.008680625000000000e+05
1.217171717171717127e+00 1.953253593750000000e+05
1.227272727272727293e+00 1.503827968750000000e+05
1.237373737373737459e+00 1.250827031250000000e+05
1.247474747474747403e+00 1.803028125000000000e+05
1.257575757575757791e+00 9.649531250000000000e+04
1.267676767676767735e+00 9.503354687500000000e+04
1.277777777777777679e+00 6.263405078125000000e+04
1.287878787878788067e+00 1.570831093750000000e+05
1.297979797979798011e+00 6.801827343750000000e+04
1.308080808080808177e+00 7.071385937500000000e+04
1.318181818181818343e+00 6.737663281250000000e+04
1.328282828282828287e+00 6.984413281250000000e+04
1.338383838383838453e+00 1.028104921875000000e+05
1.348484848484848619e+00 8.236610156250000000e+04
1.358585858585858563e+00 4.929567968750000000e+04
1.368686868686868729e+00 7.733197656250000000e+04
1.378787878787878896e+00 6.090220703125000000e+04
1.388888888888888840e+00 3.787073828125000000e+04
1.398989898989899228e+00 1.440182031250000000e+04
1.409090909090909172e+00 2.057959570312500000e+04
1.419191919191919116e+00 2.616242578125000000e+04
1.429292929292929504e+00 1.568484765625000000e+04
1.439393939393939448e+00 2.166012890625000000e+04
1.449494949494949614e+00 4.273378125000000000e+04
1.459595959595959780e+00 1.909193554687500000e+04
1.469696969696969724e+00 9.085286132812500000e+03
1.479797979797979890e+00 1.715086914062500000e+04
1.489898989898990056e+00 1.635709863281250000e+04
1.500000000000000000e+00 2.152888476562500000e+04
