5.000000000000000000e-01 9.824469120000000000e+08
5.101010101010100550e-01 7.358736640000000000e+08
5.202020202020202211e-01 5.560606720000000000e+08
5.303030303030302761e-01 5.040234880000000000e+08
5.404040404040404422e-01 7.278976000000000000e+08
5.505050505050504972e-01 8.369089280000000000e+08
5.606060606060605522e-01 8.845206400000000000e+08
5.707070707070707183e-01 5.962896000000000000e+08
5.808080808080807733e-01 4.790692480000000000e+08
5.909090909090909394e-01 6.009779840000000000e+08
6.010101010101009944e-01 8.730925440000000000e+08
6.111111111111111605e-01 8.352874880000000000e+08
6.212121212121212155e-01 1.005703808000000000e+09
6.313131313131312705e-01 7.592706560000000000e+08
6.414141414141414366e-01 7.284234240000000000e+08
6.515151515151514916e-01 6.026988800000000000e+08
6.616161616161616577e-01 4.565569280000000000e+08
6.717171717171717127e-01 1.024476480000000000e+09
6.818181818181818787e-01 6.627073920000000000e+08
6.919191919191919338e-01 9.926650240000000000e+08
7.020202020202019888e-01 6.742029440000000000e+08
7.121212121212121549e-01 6.959989120000000000e+08
7.222222222222222099e-01 6.644282240000000000e+08
7.323232323232323759e-01 9.179090560000000000e+08
7.424242424242424310e-01 7.625308160000000000e+08
7.525252525252525970e-01 9.354237440000000000e+08
7.626262626262626521e-01 1.012535552000000000e+09
7.727272727272727071e-01 6.468320000000000000e+08
7.828282828282828731e-01 7.882563840000000000e+08
7.929292929292929282e-01 6.545942400000000000e+08
8.030303030303029832e-01 5.637386880000000000e+08
8.131313131313131493e-01 8.185928320000000000e+08
8.232323232323233153e-01 6.257644160000000000e+08
8.333333333333333703e-01 1.193258112000000000e+09
8.434343434343434254e-01 9.850855680000000000e+08
8.535353535353535914e-01 6.829309440000000000e+08
8.636363636363636465e-01 7.195086080000000000e+08
8.737373737373737015e-01 7.818165120000000000e+08
8.838383838383838675e-01 6.093312000000000000e+08
8.939393939393940336e-01 7.182113280000000000e+08
9.040404040404040886e-01 8.761456000000000000e+08
9.141414141414141437e-01 8.363944960000000000e+08
9.242424242424243097e-01 1.106122240000000000e+09
9.343434343434343647e-01 1.017440256000000000e+09
9.444444444444444198e-01 7.316108800000000000e+08
9.545454545454545858e-01 9.352811520000000000e+08
9.646464646464647519e-01 7.425277440000000000e+08
9.747474747474748069e-01 7.037925760000000000e+08
9.848484848484848619e-01 6.169288960000000000e+08
9.949494949494950280e-01 7.031707520000000000e+08
1.005050505050505194e+00 6.878864640000000000e+08
1.015151515151515138e+00 6.247758080000000000e+08
1.025252525252525304e+00 7.232400640000000000e+08
1.035353535353535470e+00 6.890657920000000000e+08
1.045454545454545414e+00 8.284346880000000000e+08
1.055555555555555580e+00 1.070319744000000000e+09
1.065656565656565746e+00 9.910636160000000000e+08
1.075757575757575690e+00 8.593008000000000000e+08
1.085858585858585856e+00 9.238298880000000000e+08
1.095959595959596022e+00 9.192595200000000000e+08
1.106060606060605966e+00 8.043344640000000000e+08
1.116161616161616355e+00 9.221916160000000000e+08
1.126262626262626299e+00 8.558483200000000000e+08
1.136363636363636465e+00 7.444693120000000000e+08
1.146464646464646631e+00 6.682158720000000000e+08
1.156565656565656575e+00 7.719217280000000000e+08
1.166666666666666741e+00 8.185099520000000000e+08
1.176767676767676907e+00 7.635735040000000000e+08
1.186868686868686851e+00 6.376097280000000000e+08
1.196969696969697017e+00 6.223511680000000000e+08
1.207070707070707183e+00 7.554449280000000000e+08
1.217171717171717127e+00 7.152632320000000000e+08
1.227272727272727293e+00 7.495368320000000000e+08
1.237373737373737459e+00 6.772065920000000000e+08
1.247474747474747403e+00 5.991281920000000000e+08
1.257575757575757791e+00 7.036642560000000000e+08
1.267676767676767735e+00 8.202400000000000000e+08
1.277777777777777679e+00 7.282035200000000000e+08
1.287878787878788067e+00 1.017182272000000000e+09
1.297979797979798011e+00 8.180734720000000000e+08
1.308080808080808177e+00 1.042068992000000000e+09
1.318181818181818343e+00 8.612775680000000000e+08
1.328282828282828287e+00 1.246446464000000000e+09
1.338383838383838453e+00 1.046332160000000000e+09
1.348484848484848619e+00 9.372250880000000000e+08
1.358585858585858563e+00 8.424684160000000000e+08
1.368686868686868729e+00 1.160925696000000000e+09
1.378787878787878896e+00 7.949072640000000000e+08
1.388888888888888840e+00 7.786090880000000000e+08
1.398989898989899228e+00 5.058313600000000000e+08
1.409090909090909172e+00 6.220675200000000000e+08
1.419191919191919116e+00 5.693079680000000000e+08
1.429292929292929504e+00 4.945120640000000000e+08
1.439393939393939448e+00 4.557289280000000000e+08
1.449494949494949614e+00 3.172740160000000000e+08
1.459595959595959780e+00 2.295746880000000000e+08
1.469696969696969724e+00 2.210341440000000000e+08
1.479797979797979890e+00 1.832684800000000000e+08
1.489898989898990056e+00 1.751530240000000000e+08
1.500000000000000000e+00 1.558138080000000000e+08
