5.000000000000000000e-01 6.741285457100800000e+13
5.101010101010100550e-01 6.729088421068800000e+13
5.202020202020202211e-01 6.898721174323200000e+13
5.303030303030302761e-01 7.351968989184000000e+13
5.404040404040404422e-01 7.826729808691200000e+13
5.505050505050504972e-01 7.864158099865600000e+13
5.606060606060605522e-01 7.793247518720000000e+13
5.707070707070707183e-01 7.678066058854400000e+13
5.808080808080807733e-01 7.637132168396800000e+13
5.909090909090909394e-01 8.048690698649600000e+13
6.010101010101009944e-01 8.018870874931200000e+13
6.111111111111111605e-01 7.955793575936000000e+13
6.212121212121212155e-01 7.448027778252800000e+13
6.313131313131312705e-01 7.079429826150400000e+13
6.414141414141414366e-01 6.921850244300800000e+13
6.515151515151514916e-01 6.976887481958400000e+13
6.616161616161616577e-01 6.771127930060800000e+13
6.717171717171717127e-01 6.476861433446400000e+13
6.818181818181818787e-01 5.922137885900800000e+13
6.919191919191919338e-01 5.377210554777600000e+13
7.020202020202019888e-01 5.199878737100800000e+13
7.121212121212121549e-01 5.104857199411200000e+13
7.222222222222222099e-01 5.061996026265600000e+13
7.323232323232323759e-01 4.730696761344000000e+13
7.424242424242424310e-01 4.448551383859200000e+13
7.525252525252525970e-01 3.977948797337600000e+13
7.626262626262626521e-01 3.654324269875200000e+13
7.727272727272727071e-01 3.496905749299200000e+13
7.828282828282828731e-01 3.421352493056000000e+13
7.929292929292929282e-01 3.428577391411200000e+13
8.030303030303029832e-01 3.320195527475200000e+13
8.131313131313131493e-01 3.130858353459200000e+13
8.232323232323233153e-01 2.829971567411200000e+13
8.333333333333333703e-01 2.538647794483200000e+13
8.434343434343434254e-01 2.327736378982400000e+13
8.535353535353535914e-01 2.225240591564800000e+13
8.636363636363636465e-01 2.226835056230400000e+13
8.737373737373737015e-01 2.247790847590400000e+13
8.838383838383838675e-01 2.231003774976000000e+13
8.939393939393940336e-01 2.127693244006400000e+13
9.040404040404040886e-01 2.003065582387200000e+13
9.141414141414141437e-01 1.819411480576000000e+13
9.242424242424243097e-01 1.623330599731200000e+13
9.343434343434343647e-01 1.487495757824000000e+13
9.444444444444444198e-01 1.380531673497600000e+13
9.545454545454545858e-01 1.348798408294400000e+13
9.646464646464647519e-01 1.351861927936000000e+13
9.747474747474748069e-01 1.370078104780800000e+13
9.848484848484848619e-01 1.368243516211200000e+13
9.949494949494950280e-01 1.351282799411200000e+13
1.005050505050505194e+00 1.294682973798400000e+13
1.015151515151515138e+00 1.225347039232000000e+13
1.025252525252525304e+00 1.134980864409600000e+13
1.035353535353535470e+00 1.035806336614400000e+13
1.045454545454545414e+00 9.507666132992000000e+12
1.055555555555555580e+00 8.457689759744000000e+12
1.065656565656565746e+00 7.679349620736000000e+12
1.075757575757575690e+00 7.122149441536000000e+12
1.085858585858585856e+00 6.536262320128000000e+12
1.095959595959596022e+00 6.248916844544000000e+12
1.106060606060605966e+00 5.886496997376000000e+12
1.116161616161616355e+00 5.806730772480000000e+12
1.126262626262626299e+00 5.530430472192000000e+12
1.136363636363636465e+00 5.432603049984000000e+12
1.146464646464646631e+00 5.228280676352000000e+12
1.156565656565656575e+00 5.050969620480000000e+12
1.166666666666666741e+00 4.804377051136000000e+12
1.176767676767676907e+00 4.626910806016000000e+12
1.186868686868686851e+00 4.414102831104000000e+12
1.196969696969697017e+00 4.224992411648000000e+12
1.207070707070707183e+00 3.936385761280000000e+12
1.217171717171717127e+00 3.651200614400000000e+12
1.227272727272727293e+00 3.413671936000000000e+12
1.237373737373737459e+00 3.118926397440000000e+12
1.247474747474747403e+00 2.826333061120000000e+12
1.257575757575757791e+00 2.531249094656000000e+12
1.267676767676767735e+00 2.269819961344000000e+12
1.277777777777777679e+00 2.047472566272000000e+12
1.287878787878788067e+00 1.840994975744000000e+12
1.297979797979798011e+00 1.722015416320000000e+12
1.308080808080808177e+00 1.686450864128000000e+12
1.318181818181818343e+00 1.706323083264000000e+12
1.328282828282828287e+00 1.778915082240000000e+12
1.338383838383838453e+00 1.829809160192000000e+12
1.348484848484848619e+00 1.847201497088000000e+12
1.358585858585858563e+00 1.756253913088000000e+12
1.368686868686868729e+00 1.600735674368000000e+12
1.378787878787878896e+00 1.358306082816000000e+12
1.388888888888888840e+00 1.071944237056000000e+12
1.398989898989899228e+00 7.838907760640000000e+11
1.409090909090909172e+00 6.643255869440000000e+11
1.419191919191919116e+00 7.341994803200000000e+11
1.429292929292929504e+00 8.355491348480000000e+11
1.439393939393939448e+00 8.587504517120000000e+11
1.449494949494949614e+00 7.489278443520000000e+11
1.459595959595959780e+00 5.358306918400000000e+11
1.469696969696969724e+00 3.465741926400000000e+11
1.479797979797979890e+00 3.650193326080000000e+11
1.489898989898990056e+00 4.591190343680000000e+11
1.500000000000000000e+00 4.403266846720000000e+11
