5.000000000000000000e-01 8.368504932150244713e-04
5.101010101010100550e-01 4.174685163889080286e-04
5.202020202020202211e-01 1.798753044568002224e-03
5.303030303030302761e-01 2.942909719422459602e-03
5.404040404040404422e-01 3.626471152529120445e-03
5.505050505050504972e-01 3.613539971411228180e-03
5.606060606060605522e-01 2.803528215736150742e-03
5.707070707070707183e-01 2.101098420098423958e-03
5.808080808080807733e-01 2.230738848447799683e-02
5.909090909090909394e-01 2.089686095714569092e-01
6.010101010101009944e-01 7.333583235740661621e-01
6.111111111111111605e-01 9.168379306793212891e-01
6.212121212121212155e-01 4.274562001228332520e-01
6.313131313131312705e-01 6.257892400026321411e-02
6.414141414141414366e-01 1.017984375357627869e-02
6.515151515151514916e-01 4.380631260573863983e-03
6.616161616161616577e-01 3.621714422479271889e-03
6.717171717171717127e-01 1.850452506914734840e-03
6.818181818181818787e-01 4.881573840975761414e-04
6.919191919191919338e-01 8.922012057155370712e-04
7.020202020202019888e-01 1.422693138010799885e-03
7.121212121212121549e-01 2.085081301629543304e-03
7.222222222222222099e-01 1.096134656108915806e-03
7.323232323232323759e-01 1.732472446747124195e-03
7.424242424242424310e-01 9.202680666930973530e-04
7.525252525252525970e-01 9.067903738468885422e-04
7.626262626262626521e-01 2.435072674416005611e-04
7.727272727272727071e-01 1.695986255072057247e-03
7.828282828282828731e-01 9.517190046608448029e-04
7.929292929292929282e-01 1.226056134328246117e-03
8.030303030303029832e-01 1.720142434351146221e-03
8.131313131313131493e-01 1.532515045255422592e-03
8.232323232323233153e-01 2.376143587753176689e-03
8.333333333333333703e-01 1.429138239473104477e-03
8.434343434343434254e-01 1.031681778840720654e-03
8.535353535353535914e-01 2.194712869822978973e-03
8.636363636363636465e-01 2.354497788473963737e-03
8.737373737373737015e-01 3.455959260463714600e-03
8.838383838383838675e-01 1.468187547288835049e-03
8.939393939393940336e-01 3.940837923437356949e-03
9.040404040404040886e-01 1.872252556495368481e-03
9.141414141414141437e-01 4.121655598282814026e-03
9.242424242424243097e-01 1.479593571275472641e-03
9.343434343434343647e-01 1.524543389678001404e-03
9.444444444444444198e-01 2.081697108224034309e-03
9.545454545454545858e-01 2.355827484279870987e-03
9.646464646464647519e-01 1.682266243733465672e-03
9.747474747474748069e-01 2.264537848532199860e-03
9.848484848484848619e-01 1.926538185216486454e-03
9.949494949494950280e-01 3.014881629496812820e-03
1.005050505050505194e+00 3.025775542482733727e-03
1.015151515151515138e+00 2.848066156730055809e-03
1.025252525252525304e+00 2.676120726391673088e-03
1.035353535353535470e+00 2.623694483190774918e-03
1.045454545454545414e+00 2.970697358250617981e-03
1.055555555555555580e+00 3.792286850512027740e-03
1.065656565656565746e+00 2.337720943614840508e-03
1.075757575757575690e+00 1.466072979383170605e-03
1.085858585858585856e+00 5.289473920129239559e-04
1.095959595959596022e+00 5.674751009792089462e-04
1.106060606060605966e+00 1.203940366394817829e-03
1.116161616161616355e+00 2.466574776917695999e-03
1.126262626262626299e+00 2.790536964312195778e-03
1.136363636363636465e+00 1.372243161313235760e-03
1.146464646464646631e+00 3.895162662956863642e-04
1.156565656565656575e+00 1.573660178110003471e-03
1.166666666666666741e+00 1.513068564236164093e-04
1.176767676767676907e+00 8.649975643493235111e-04
1.186868686868686851e+00 4.012465651612728834e-04
1.196969696969697017e+00 2.678131859283894300e-04
1.207070707070707183e+00 2.174168475903570652e-04
1.217171717171717127e+00 7.175972568802535534e-04
1.227272727272727293e+00 5.222350009717047215e-04
1.237373737373737459e+00 5.571465007960796356e-04
1.247474747474747403e+00 2.984487218782305717e-04
1.257575757575757791e+00 4.873747238889336586e-04
1.267676767676767735e+00 5.791869480162858963e-04
1.277777777777777679e+00 2.743668446782976389e-04
1.287878787878788067e+00 3.235022813896648586e-05
1.297979797979798011e+00 1.872940047178417444e-04
1.308080808080808177e+00 1.461496431147679687e-04
1.318181818181818343e+00 1.793017290765419602e-04
1.328282828282828287e+00 7.898746116552501917e-05
1.338383838383838453e+00 3.357348032295703888e-05
1.348484848484848619e+00 1.322590251220390201e-04
1.358585858585858563e+00 7.294145325431600213e-05
1.368686868686868729e+00 3.419535642024129629e-05
1.378787878787878896e+00 3.081212344113737345e-05
1.388888888888888840e+00 1.796196193026844412e-05
1.398989898989899228e+00 6.041160759195918217e-06
1.409090909090909172e+00 5.895617505302652717e-06
1.419191919191919116e+00 1.545036320749204606e-05
1.429292929292929504e+00 2.119155942637007684e-05
1.439393939393939448e+00 2.211170613009016961e-05
1.449494949494949614e+00 1.784235428203828633e-05
1.459595959595959780e+00 9.757338375493418425e-06
1.469696969696969724e+00 5.638978564093122259e-07
1.479797979797979890e+00 7.397150056931423023e-06
1.489898989898990056e+00 1.160772717412328348e-05
1.500000000000000000e+00 1.088796398107660934e-05
