5.000000000000000000e-01 1.073895274591551488e+18
5.101010101010100550e-01 1.178059364074782720e+18
5.202020202020202211e-01 9.426719977903226880e+17
5.303030303030302761e-01 1.181873020155723776e+18
5.404040404040404422e-01 1.016894324064911360e+18
5.505050505050504972e-01 9.004462845177364480e+17
5.606060606060605522e-01 9.787379033267240960e+17
5.707070707070707183e-01 9.692115284252426240e+17
5.808080808080807733e-01 8.948419363120087040e+17
5.909090909090909394e-01 9.332594910617927680e+17
6.010101010101009944e-01 1.175395384839634944e+18
6.111111111111111605e-01 7.255521238481633280e+17
6.212121212121212155e-01 7.382762221606010880e+17
6.313131313131312705e-01 9.509423868155002880e+17
6.414141414141414366e-01 8.336258705213358080e+17
6.515151515151514916e-01 7.846621438353080320e+17
6.616161616161616577e-01 9.308286770112102400e+17
6.717171717171717127e-01 6.999678626593505280e+17
6.818181818181818787e-01 7.032022822708838400e+17
6.919191919191919338e-01 7.170667802997555200e+17
7.020202020202019888e-01 7.042730691573841920e+17
7.121212121212121549e-01 6.679289184596787200e+17
7.222222222222222099e-01 6.952435360727040000e+17
7.323232323232323759e-01 7.156528083464355840e+17
7.424242424242424310e-01 7.030009342040473600e+17
7.525252525252525970e-01 6.187209627533312000e+17
7.626262626262626521e-01 4.742252062153113600e+17
7.727272727272727071e-01 7.166296557082378240e+17
7.828282828282828731e-01 6.392175087625175040e+17
7.929292929292929282e-01 5.087264036261724160e+17
8.030303030303029832e-01 5.295930383773204480e+17
8.131313131313131493e-01 6.304573560266424320e+17
8.232323232323233153e-01 4.666579548760965120e+17
8.333333333333333703e-01 5.839924069536890880e+17
8.434343434343434254e-01 4.737574327371694080e+17
8.535353535353535914e-01 5.358358592414023680e+17
8.636363636363636465e-01 5.890741435388395520e+17
8.737373737373737015e-01 4.921431225794560000e+17
8.838383838383838675e-01 3.693882499756195840e+17
8.939393939393940336e-01 3.841453109280768000e+17
9.040404040404040886e-01 4.505139630844149760e+17
9.141414141414141437e-01 3.452931054879375360e+17
9.242424242424243097e-01 2.849656512509378560e+17
9.343434343434343647e-01 2.945748331218862080e+17
9.444444444444444198e-01 3.114312740886282240e+17
9.545454545454545858e-01 2.535140008793210880e+17
9.646464646464647519e-01 2.707312362787962880e+17
9.747474747474748069e-01 2.062145912003624960e+17
9.848484848484848619e-01 1.620752466591088640e+17
9.949494949494950280e-01 1.501038843149680640e+17
1.005050505050505194e+00 1.205055552812482560e+17
1.015151515151515138e+00 1.012267098098892800e+17
1.025252525252525304e+00 1.023505910821027840e+17
1.035353535353535470e+00 7.704109613108428800e+16
1.045454545454545414e+00 6.684325463248076800e+16
1.055555555555555580e+00 6.251623399555072000e+16
1.065656565656565746e+00 4.569910915943628800e+16
1.075757575757575690e+00 5.165117791744819200e+16
1.085858585858585856e+00 3.644731151718809600e+16
1.095959595959596022e+00 2.728270171104870400e+16
1.106060606060605966e+00 2.445474921447424000e+16
1.116161616161616355e+00 1.900383442042880000e+16
1.126262626262626299e+00 1.657514100994867200e+16
1.136363636363636465e+00 1.665117481598976000e+16
1.146464646464646631e+00 1.283160993379123200e+16
1.156565656565656575e+00 9.590530975465472000e+15
1.166666666666666741e+00 7.780121729564672000e+15
1.176767676767676907e+00 6.517575290716160000e+15
1.186868686868686851e+00 6.544555738398720000e+15
1.196969696969697017e+00 4.389576298725376000e+15
1.207070707070707183e+00 4.052196417077248000e+15
1.217171717171717127e+00 3.256000480018432000e+15
1.227272727272727293e+00 2.445162462576640000e+15
1.237373737373737459e+00 1.800710807093248000e+15
1.247474747474747403e+00 1.469978058424320000e+15
1.257575757575757791e+00 1.108430597128192000e+15
1.267676767676767735e+00 7.292942381219840000e+14
1.277777777777777679e+00 5.701905300848640000e+14
1.287878787878788067e+00 4.862622386094080000e+14
1.297979797979798011e+00 3.698682893434880000e+14
1.308080808080808177e+00 3.317508236902400000e+14
1.318181818181818343e+00 2.663874444656640000e+14
1.328282828282828287e+00 1.947897188843520000e+14
1.338383838383838453e+00 1.611966489559040000e+14
1.348484848484848619e+00 8.583810069299200000e+13
1.358585858585858563e+00 6.233612353536000000e+13
1.368686868686868729e+00 5.366675721420800000e+13
1.378787878787878896e+00 4.301033937305600000e+13
1.388888888888888840e+00 3.145574278758400000e+13
1.398989898989899228e+00 1.835418832076800000e+13
1.409090909090909172e+00 1.280498152243200000e+13
1.419191919191919116e+00 1.075514966016000000e+13
1.429292929292929504e+00 8.403719553024000000e+12
1.439393939393939448e+00 4.132309303296000000e+12
1.449494949494949614e+00 3.192732254208000000e+12
1.459595959595959780e+00 2.486604922880000000e+12
1.469696969696969724e+00 7.733213921280000000e+11
1.479797979797979890e+00 8.723833159680000000e+11
1.489898989898990056e+00 6.968561500160000000e+11
1.500000000000000000e+00 2.238498078720000000e+11
