5.000000000000000000e-01 7.020294363136191871e+26
5.101010101010100550e-01 5.261196615132464165e+26
5.202020202020202211e-01 4.262378841582505309e+26
5.303030303030302761e-01 4.561992703502103217e+26
5.404040404040404422e-01 6.571097698197290580e+26
5.505050505050504972e-01 6.978553070646201898e+26
5.606060606060605522e-01 6.712328184434899752e+26
5.707070707070707183e-01 5.605511365161238007e+26
5.808080808080807733e-01 4.536031124827645868e+26
5.909090909090909394e-01 5.582327866144281317e+26
6.010101010101009944e-01 6.188106766673814343e+26
6.111111111111111605e-01 7.348473008253929020e+26
6.212121212121212155e-01 6.457633989009191973e+26
6.313131313131312705e-01 5.599325065068678772e+26
6.414141414141414366e-01 4.877142044345697836e+26
6.515151515151514916e-01 4.834104683617089029e+26
6.616161616161616577e-01 5.975091513743127399e+26
6.717171717171717127e-01 5.716403229290580028e+26
6.818181818181818787e-01 7.394637092103031596e+26
6.919191919191919338e-01 7.217912118788553453e+26
7.020202020202019888e-01 5.289944390031814604e+26
7.121212121212121549e-01 4.552912109264378953e+26
7.222222222222222099e-01 4.054258616659217931e+26
7.323232323232323759e-01 5.792251444768214540e+26
7.424242424242424310e-01 6.965060384160927783e+26
7.525252525252525970e-01 8.642001499148693786e+26
7.626262626262626521e-01 7.440303851731906962e+26
7.727272727272727071e-01 4.294695323590355598e+26
7.828282828282828731e-01 4.413262508993886689e+26
7.929292929292929282e-01 4.570819470541373238e+26
8.030303030303029832e-01 5.441184817473581528e+26
8.131313131313131493e-01 6.594226963786670564e+26
8.232323232323233153e-01 6.697046901644238760e+26
8.333333333333333703e-01 7.168324319239370384e+26
8.434343434343434254e-01 7.426236364701296058e+26
8.535353535353535914e-01 5.708705402988621032e+26
8.636363636363636465e-01 4.631951611466765217e+26
8.737373737373737015e-01 5.380077026250366844e+26
8.838383838383838675e-01 5.097092904113218097e+26
8.939393939393940336e-01 5.229143183695104974e+26
9.040404040404040886e-01 6.196674541426289482e+26
9.141414141414141437e-01 6.215431190800437354e+26
9.242424242424243097e-01 7.792764315008749468e+26
9.343434343434343647e-01 6.139198176241425261e+26
9.444444444444444198e-01 7.284124124096963569e+26
9.545454545454545858e-01 5.267723442120624078e+26
9.646464646464647519e-01 5.423282990219809356e+26
9.747474747474748069e-01 4.280021676549482598e+26
9.848484848484848619e-01 4.195466966803938652e+26
9.949494949494950280e-01 4.091856770430252739e+26
1.005050505050505194e+00 5.652698505436668514e+26
1.015151515151515138e+00 5.544093299702703529e+26
1.025252525252525304e+00 4.974149782080521626e+26
1.035353535353535470e+00 6.269577549745115527e+26
1.045454545454545414e+00 4.897520162523924777e+26
1.055555555555555580e+00 6.671655327361659036e+26
1.065656565656565746e+00 7.002600246220689669e+26
1.075757575757575690e+00 5.567500373257833579e+26
1.085858585858585856e+00 5.937855654025700247e+26
1.095959595959596022e+00 5.498873320215293408e+26
1.106060606060605966e+00 5.454633231773078739e+26
1.116161616161616355e+00 5.373489325006763689e+26
1.126262626262626299e+00 5.447829334688931708e+26
1.136363636363636465e+00 4.960779950910778417e+26
1.146464646464646631e+00 4.248545628201630516e+26
1.156565656565656575e+00 4.492065523937247997e+26
1.166666666666666741e+00 5.831462581841054511e+26
1.176767676767676907e+00 3.281110193539629298e+26
1.186868686868686851e+00 3.931857091032525573e+26
1.196969696969697017e+00 4.510734735744486486e+26
1.207070707070707183e+00 4.748281944683918289e+26
1.217171717171717127e+00 3.961573688930627238e+26
1.227272727272727293e+00 3.445119088294336498e+26
1.237373737373737459e+00 3.753137655748797953e+26
1.247474747474747403e+00 3.618944602375308974e+26
1.257575757575757791e+00 3.733954886586547390e+26
1.267676767676767735e+00 3.649231204665288265e+26
1.277777777777777679e+00 4.142741376087817589e+26
1.287878787878788067e+00 3.897203775485417757e+26
1.297979797979798011e+00 2.888297662068987885e+26
1.308080808080808177e+00 3.296867771262273471e+26
1.318181818181818343e+00 3.100044332409725823e+26
1.328282828282828287e+00 3.858729770305763220e+26
1.338383838383838453e+00 3.042187779829502448e+26
1.348484848484848619e+00 2.470731629193276361e+26
1.358585858585858563e+00 2.807644438695033509e+26
1.368686868686868729e+00 2.088759880279872578e+26
1.378787878787878896e+00 2.198134684176592725e+26
1.388888888888888840e+00 2.124430349295204738e+26
1.398989898989899228e+00 1.775133871561884894e+26
1.409090909090909172e+00 1.622940116386388661e+26
1.419191919191919116e+00 2.041163222286005718e+26
1.429292929292929504e+00 1.604575829258688591e+26
1.439393939393939448e+00 1.300558821762416581e+26
1.449494949494949614e+00 1.116308868137950101e+26
1.459595959595959780e+00 6.123727814324008745e+25
1.469696969696969724e+00 7.987797128414062130e+25
1.479797979797979890e+00 5.778230904701271227e+25
1.489898989898990056e+00 7.416761102374114778e+25
1.500000000000000000e+00 6.027640569118463062e+25
