5.000000000000000000e-01 1.892166933494525930e+25
5.101010101010100550e-01 1.709811760246020619e+25
5.202020202020202211e-01 1.637525541873729145e+25
5.303030303030302761e-01 1.805288187638425595e+25
5.404040404040404422e-01 2.028927865876795647e+25
5.505050505050504972e-01 2.118098043223302091e+25
5.606060606060605522e-01 2.030705209668297562e+25
5.707070707070707183e-01 1.836253583993457212e+25
5.808080808080807733e-01 1.810782550360779984e+25
5.909090909090909394e-01 1.946162859241283002e+25
6.010101010101009944e-01 2.172647140707969528e+25
6.111111111111111605e-01 2.254670588231719049e+25
6.212121212121212155e-01 2.204158791271883869e+25
6.313131313131312705e-01 2.049230582988621301e+25
6.414141414141414366e-01 1.978528594055810096e+25
6.515151515151514916e-01 2.034164435350719946e+25
6.616161616161616577e-01 2.237542786359279730e+25
6.717171717171717127e-01 2.400255059473045887e+25
6.818181818181818787e-01 2.401393454166694687e+25
6.919191919191919338e-01 2.276942956442015040e+25
7.020202020202019888e-01 2.135351974708345399e+25
7.121212121212121549e-01 2.141042103502182032e+25
7.222222222222222099e-01 2.257483024950056991e+25
7.323232323232323759e-01 2.450457873469646431e+25
7.424242424242424310e-01 2.536765116135913153e+25
7.525252525252525970e-01 2.472407193074351584e+25
7.626262626262626521e-01 2.386036539725331486e+25
7.727272727272727071e-01 2.226563284286607805e+25
7.828282828282828731e-01 2.225162254074209565e+25
7.929292929292929282e-01 2.277293675163716443e+25
8.030303030303029832e-01 2.351336138863975527e+25
8.131313131313131493e-01 2.459329143278994276e+25
8.232323232323233153e-01 2.449023869702216435e+25
8.333333333333333703e-01 2.336859595283530113e+25
8.434343434343434254e-01 2.217498784833087853e+25
8.535353535353535914e-01 2.088350823730038068e+25
8.636363636363636465e-01 2.036818230070023986e+25
8.737373737373737015e-01 2.030951704285982506e+25
8.838383838383838675e-01 2.052702721391895281e+25
8.939393939393940336e-01 2.091993594515993862e+25
9.040404040404040886e-01 2.038721472889828969e+25
9.141414141414141437e-01 1.965352776516862127e+25
9.242424242424243097e-01 1.860826607066196166e+25
9.343434343434343647e-01 1.734571556602505882e+25
9.444444444444444198e-01 1.597514208101401745e+25
9.545454545454545858e-01 1.498665254723720821e+25
9.646464646464647519e-01 1.438331950050440833e+25
9.747474747474748069e-01 1.407418319870966063e+25
9.848484848484848619e-01 1.409846372559668083e+25
9.949494949494950280e-01 1.405874327391996573e+25
1.005050505050505194e+00 1.365456127620693418e+25
1.015151515151515138e+00 1.330299746304265451e+25
1.025252525252525304e+00 1.248037182860460469e+25
1.035353535353535470e+00 1.176806694709937485e+25
1.045454545454545414e+00 1.078108312880758215e+25
1.055555555555555580e+00 9.849474130382056306e+24
1.065656565656565746e+00 9.057845943516866181e+24
1.075757575757575690e+00 8.421507636410933792e+24
1.085858585858585856e+00 7.713804064630589878e+24
1.095959595959596022e+00 7.161948963078485718e+24
1.106060606060605966e+00 6.633072740034700626e+24
1.116161616161616355e+00 6.421678817557512198e+24
1.126262626262626299e+00 5.954810171795997156e+24
1.136363636363636465e+00 5.724130178389745393e+24
1.146464646464646631e+00 5.411329315592604830e+24
1.156565656565656575e+00 5.152758998068408831e+24
1.166666666666666741e+00 4.958898129372529029e+24
1.176767676767676907e+00 4.640573907877193214e+24
1.186868686868686851e+00 4.416403309285951708e+24
1.196969696969697017e+00 4.138441428515020847e+24
1.207070707070707183e+00 3.878521904600058685e+24
1.217171717171717127e+00 3.597205022250721899e+24
1.227272727272727293e+00 3.356338679120892491e+24
1.237373737373737459e+00 3.073727065921882216e+24
1.247474747474747403e+00 2.816228100705842130e+24
1.257575757575757791e+00 2.516543737636237513e+24
1.267676767676767735e+00 2.305932216515112907e+24
1.277777777777777679e+00 2.114654468450304746e+24
1.287878787878788067e+00 1.975562127024456678e+24
1.297979797979798011e+00 1.860705925007701445e+24
1.308080808080808177e+00 1.810827946645023879e+24
1.318181818181818343e+00 1.787355473617545006e+24
1.328282828282828287e+00 1.777015785333854650e+24
1.338383838383838453e+00 1.767479106878122964e+24
1.348484848484848619e+00 1.707271384179732277e+24
1.358585858585858563e+00 1.598484593308791713e+24
1.368686868686868729e+00 1.451587693872695671e+24
1.378787878787878896e+00 1.230335427839990247e+24
1.388888888888888840e+00 9.584659445873721548e+23
1.398989898989899228e+00 7.643716092868094664e+23
1.409090909090909172e+00 6.744077751880504763e+23
1.419191919191919116e+00 7.260634864532377620e+23
1.429292929292929504e+00 7.802303328130527983e+23
1.439393939393939448e+00 7.753684628281257246e+23
1.449494949494949614e+00 6.546687502228647250e+23
1.459595959595959780e+00 4.759629266186508698e+23
1.469696969696969724e+00 3.391010559586528238e+23
1.479797979797979890e+00 3.513336251801255081e+23
1.489898989898990056e+00 4.135196891228275065e+23
1.500000000000000000e+00 3.834757076342776812e+23
