5.000000000000000000e-01 2.091611968353390694e-04
5.101010101010100550e-01 2.452494809404015541e-04
5.202020202020202211e-01 3.763340355362743139e-04
5.303030303030302761e-01 1.758364960551261902e-04
5.404040404040404422e-01 2.263443748233839869e-04
5.505050505050504972e-01 3.459275467321276665e-04
5.606060606060605522e-01 1.476500910939648747e-04
5.707070707070707183e-01 1.832560228649526834e-04
5.808080808080807733e-01 3.635256143752485514e-04
5.909090909090909394e-01 1.727549970382824540e-04
6.010101010101009944e-01 1.223195868078619242e-04
6.111111111111111605e-01 3.552034322638064623e-04
6.212121212121212155e-01 2.077291428577154875e-04
6.313131313131312705e-01 6.541858601849526167e-05
6.414141414141414366e-01 2.816249325405806303e-04
6.515151515151514916e-01 2.904027060139924288e-04
6.616161616161616577e-01 2.852912621165160090e-05
6.717171717171717127e-01 2.314771409146487713e-04
6.818181818181818787e-01 2.867758448701351881e-04
6.919191919191919338e-01 1.224414154421538115e-04
7.020202020202019888e-01 1.137556246249005198e-04
7.121212121212121549e-01 2.585408510640263557e-04
7.222222222222222099e-01 2.203423646278679371e-04
7.323232323232323759e-01 2.000812492042314261e-05
7.424242424242424310e-01 1.705598988337442279e-04
7.525252525252525970e-01 2.494146465323865414e-04
7.626262626262626521e-01 1.778470614226534963e-04
7.727272727272727071e-01 1.601095573278144002e-05
7.828282828282828731e-01 1.835956209106370807e-04
7.929292929292929282e-01 2.379075012868270278e-04
8.030303030303029832e-01 1.553659094497561455e-04
8.131313131313131493e-01 1.165462890639901161e-05
8.232323232323233153e-01 1.535293849883601069e-04
8.333333333333333703e-01 2.027737355092540383e-04
8.434343434343434254e-01 1.410063559887930751e-04
8.535353535353535914e-01 4.126521889702416956e-05
8.636363636363636465e-01 6.066852074582129717e-05
8.737373737373737015e-01 1.604153512744233012e-04
8.838383838383838675e-01 1.830405526561662555e-04
8.939393939393940336e-01 3.355823282618075609e-04
9.040404040404040886e-01 6.518606562167406082e-03
9.141414141414141437e-01 8.614376187324523926e-02
9.242424242424243097e-01 2.765778005123138428e-01
9.343434343434343647e-01 5.247393846511840820e-01
9.444444444444444198e-01 2.732573449611663818e-01
9.545454545454545858e-01 5.491598322987556458e-02
9.646464646464647519e-01 5.856305360794067383e-03
9.747474747474748069e-01 3.579711616039276123e-01
9.848484848484848619e-01 2.075720024108886719e+01
9.949494949494950280e-01 4.339810791015625000e+02
1.005050505050505194e+00 3.271431396484375000e+03
1.015151515151515138e+00 8.891741210937500000e+03
1.025252525252525304e+00 8.710562500000000000e+03
1.035353535353535470e+00 3.074517333984375000e+03
1.045454545454545414e+00 3.914462585449218750e+02
1.055555555555555580e+00 1.795814704895019531e+01
1.065656565656565746e+00 2.972006797790527344e-01
1.075757575757575690e+00 1.754078664816915989e-03
1.085858585858585856e+00 2.148128442058805376e-05
1.095959595959596022e+00 1.237851829500868917e-04
1.106060606060605966e+00 4.941918421536684036e-03
1.116161616161616355e+00 7.169260084629058838e-02
1.126262626262626299e+00 3.222818970680236816e-01
1.136363636363636465e+00 5.126585364341735840e-01
1.146464646464646631e+00 3.267379105091094971e-01
1.156565656565656575e+00 7.352527976036071777e-02
1.166666666666666741e+00 5.535432137548923492e-03
1.176767676767676907e+00 1.381949987262487411e-04
1.186868686868686851e+00 4.137237283430295065e-06
1.196969696969697017e+00 2.108637545461533591e-06
1.207070707070707183e+00 1.319493549090111628e-05
1.217171717171717127e+00 1.919345049827825278e-05
1.227272727272727293e+00 1.463081662222975865e-05
1.237373737373737459e+00 5.320259788277326152e-06
1.247474747474747403e+00 8.322571375174447894e-06
1.257575757575757791e+00 9.053734174813143909e-06
1.267676767676767735e+00 2.558519918238744140e-05
1.277777777777777679e+00 9.479142136115115136e-06
1.287878787878788067e+00 8.507850907335523516e-06
1.297979797979798011e+00 4.334156983532011509e-06
1.308080808080808177e+00 4.265247753210132942e-06
1.318181818181818343e+00 1.613771382835693657e-05
1.328282828282828287e+00 1.004085333988768980e-06
1.338383838383838453e+00 1.398000949848210439e-05
1.348484848484848619e+00 6.654971002717502415e-06
1.358585858585858563e+00 2.218282361354795285e-06
1.368686868686868729e+00 1.169328515970846638e-05
1.378787878787878896e+00 2.746388054220005870e-05
1.388888888888888840e+00 1.667705691943410784e-05
1.398989898989899228e+00 2.753493390628136694e-06
1.409090909090909172e+00 1.374782527818751987e-06
1.419191919191919116e+00 7.122696842998266220e-06
1.429292929292929504e+00 5.167625204194337130e-06
1.439393939393939448e+00 2.858426341845188290e-05
1.449494949494949614e+00 1.604290082468651235e-05
1.459595959595959780e+00 1.220904050569515675e-05
1.469696969696969724e+00 1.433430497854715213e-06
1.479797979797979890e+00 1.075841282727196813e-05
1.489898989898990056e+00 1.105916726373834535e-05
1.500000000000000000e+00 1.533943577669560909e-05
