5.000000000000000000e-01 1.015045783598735284e+24
5.101010101010100550e-01 1.026759682258322963e+24
5.202020202020202211e-01 1.021608068687769381e+24
5.303030303030302761e-01 9.397122351630610302e+23
5.404040404040404422e-01 1.033296386901473596e+24
5.505050505050504972e-01 1.348474862071489629e+24
5.606060606060605522e-01 2.013329241441991620e+24
5.707070707070707183e-01 1.271919721244090383e+24
5.808080808080807733e-01 7.471977626117799118e+23
5.909090909090909394e-01 7.188944043648102737e+23
6.010101010101009944e-01 1.363425659912855069e+24
6.111111111111111605e-01 1.897730702091457653e+24
6.212121212121212155e-01 1.113596937351776260e+24
6.313131313131312705e-01 1.160102043852726495e+24
6.414141414141414366e-01 8.004888930312520099e+23
6.515151515151514916e-01 1.103923637697748662e+24
6.616161616161616577e-01 1.000655017378232620e+24
6.717171717171717127e-01 1.200490829714143368e+24
6.818181818181818787e-01 1.374700943997533881e+24
6.919191919191919338e-01 1.321162728088105728e+24
7.020202020202019888e-01 4.709708125325002413e+23
7.121212121212121549e-01 1.137659634132019801e+24
7.222222222222222099e-01 1.099965802287621432e+24
7.323232323232323759e-01 1.318548622691597778e+24
7.424242424242424310e-01 1.543650637743373540e+24
7.525252525252525970e-01 1.641326868189605995e+24
7.626262626262626521e-01 1.230379815317917611e+24
7.727272727272727071e-01 2.916581018569004475e+23
7.828282828282828731e-01 1.406277014050518130e+24
7.929292929292929282e-01 1.825396983353176377e+24
8.030303030303029832e-01 1.756232501715871247e+24
8.131313131313131493e-01 9.239580672057667318e+23
8.232323232323233153e-01 1.184509680335629597e+24
8.333333333333333703e-01 1.663934361858253582e+24
8.434343434343434254e-01 1.801656456075876411e+24
8.535353535353535914e-01 1.082946879439773423e+24
8.636363636363636465e-01 1.960745068077625633e+24
8.737373737373737015e-01 1.482595517739096821e+24
8.838383838383838675e-01 1.598576971144348337e+24
8.939393939393940336e-01 1.309162400492217285e+24
9.040404040404040886e-01 1.142651063671027069e+24
9.141414141414141437e-01 1.177593232171899084e+24
9.242424242424243097e-01 2.209290156658512793e+24
9.343434343434343647e-01 1.556656745236843381e+24
9.444444444444444198e-01 1.469030387431080735e+24
9.545454545454545858e-01 1.010563945364764242e+24
9.646464646464647519e-01 1.453867019687303408e+24
9.747474747474748069e-01 1.169879466730138899e+24
9.848484848484848619e-01 1.026320058877097565e+24
9.949494949494950280e-01 1.116900417750445066e+24
1.005050505050505194e+00 1.692167968354194506e+24
1.015151515151515138e+00 1.040667950829147662e+24
1.025252525252525304e+00 1.045901998287280633e+24
1.035353535353535470e+00 1.078330509677733570e+24
1.045454545454545414e+00 1.295554900318906898e+24
1.055555555555555580e+00 1.101162750982185453e+24
1.065656565656565746e+00 1.098179134243451009e+24
1.075757575757575690e+00 8.960758135383547445e+23
1.085858585858585856e+00 6.542307841663021991e+23
1.095959595959596022e+00 9.543151389404113540e+23
1.106060606060605966e+00 6.429298475781458850e+23
1.116161616161616355e+00 5.915939639440959424e+23
1.126262626262626299e+00 6.520580315332765580e+23
1.136363636363636465e+00 6.251247043217500437e+23
1.146464646464646631e+00 5.607087460739503274e+23
1.156565656565656575e+00 7.214190142295231169e+23
1.166666666666666741e+00 4.898805626767004989e+23
1.176767676767676907e+00 3.852402539970784605e+23
1.186868686868686851e+00 4.530072866844090344e+23
1.196969696969697017e+00 4.396225885918639203e+23
1.207070707070707183e+00 3.549944752164254180e+23
1.217171717171717127e+00 2.371593762333452245e+23
1.227272727272727293e+00 3.076194534114522982e+23
1.237373737373737459e+00 3.293653183993913614e+23
1.247474747474747403e+00 2.417499493767194996e+23
1.257575757575757791e+00 2.324071058489498392e+23
1.267676767676767735e+00 1.486700927101813727e+23
1.277777777777777679e+00 1.278391339865426258e+23
1.287878787878788067e+00 1.917538506030152606e+23
1.297979797979798011e+00 1.360771364393272465e+23
1.308080808080808177e+00 1.710562794931399730e+23
1.318181818181818343e+00 1.660070597637142867e+23
1.328282828282828287e+00 9.887305304000690966e+22
1.338383838383838453e+00 7.239814273095081080e+22
1.348484848484848619e+00 1.531884101011341155e+23
1.358585858585858563e+00 1.309596151179528592e+23
1.368686868686868729e+00 1.540639278830934494e+23
1.378787878787878896e+00 1.146804265232989631e+23
1.388888888888888840e+00 1.171335102187299081e+23
1.398989898989899228e+00 7.393039342497181991e+22
1.409090909090909172e+00 6.767057008691192529e+22
1.419191919191919116e+00 9.703747590388324290e+22
1.429292929292929504e+00 6.457789868320070461e+22
1.439393939393939448e+00 5.747603732281134835e+22
1.449494949494949614e+00 6.096611086124136897e+22
1.459595959595959780e+00 4.742135483793950743e+22
1.469696969696969724e+00 2.946988287425095768e+22
1.479797979797979890e+00 2.537723446107820576e+22
1.489898989898990056e+00 5.300397640363132794e+22
1.500000000000000000e+00 2.521715401232332148e+22
