5.000000000000000000e-01 4.695550918579101562e+00
5.101010101010100550e-01 4.097633838653564453e+00
5.202020202020202211e-01 2.741749286651611328e+00
5.303030303030302761e-01 9.670629501342773438e-01
5.404040404040404422e-01 2.542949914932250977e+00
5.505050505050504972e-01 4.361821651458740234e+00
5.606060606060605522e-01 5.286745548248291016e+00
5.707070707070707183e-01 4.511789321899414062e+00
5.808080808080807733e-01 3.592925786972045898e+00
5.909090909090909394e-01 8.474979996681213379e-01
6.010101010101009944e-01 1.814435362815856934e+00
6.111111111111111605e-01 4.101666927337646484e+00
6.212121212121212155e-01 5.868426799774169922e+00
6.313131313131312705e-01 6.003054141998291016e+00
6.414141414141414366e-01 4.379333019256591797e+00
6.515151515151514916e-01 2.318547725677490234e+00
6.616161616161616577e-01 6.217668652534484863e-01
6.717171717171717127e-01 3.392679929733276367e+00
6.818181818181818787e-01 4.608943939208984375e+00
6.919191919191919338e-01 6.442378520965576172e+00
7.020202020202019888e-01 7.291902542114257812e+00
7.121212121212121549e-01 5.723793506622314453e+00
7.222222222222222099e-01 3.694656610488891602e+00
7.323232323232323759e-01 9.493578672409057617e-01
7.424242424242424310e-01 3.162297725677490234e+00
7.525252525252525970e-01 6.105912685394287109e+00
7.626262626262626521e-01 8.951243400573730469e+00
7.727272727272727071e-01 9.555518150329589844e+00
7.828282828282828731e-01 1.033813571929931641e+01
7.929292929292929282e-01 9.592925071716308594e+00
8.030303030303029832e-01 7.351792812347412109e+00
8.131313131313131493e-01 4.309614658355712891e+00
8.232323232323233153e-01 9.317250251770019531e+00
8.333333333333333703e-01 1.651862907409667969e+01
8.434343434343434254e-01 2.341096115112304688e+01
8.535353535353535914e-01 3.560190582275390625e+01
8.636363636363636465e-01 4.726239776611328125e+01
8.737373737373737015e-01 4.397482681274414062e+01
8.838383838383838675e-01 4.099020004272460938e+01
8.939393939393940336e-01 3.906703567504882812e+01
9.040404040404040886e-01 3.485542678833007812e+01
9.141414141414141437e-01 3.462914657592773438e+01
9.242424242424243097e-01 2.948204421997070312e+01
9.343434343434343647e-01 2.646078491210937500e+01
9.444444444444444198e-01 2.375185775756835938e+01
9.545454545454545858e-01 2.067156791687011719e+01
9.646464646464647519e-01 1.804129981994628906e+01
9.747474747474748069e-01 1.538145065307617188e+01
9.848484848484848619e-01 5.474414443969726562e+01
9.949494949494950280e-01 6.883201904296875000e+02
1.005050505050505194e+00 4.340968750000000000e+03
1.015151515151515138e+00 9.583859375000000000e+03
1.025252525252525304e+00 7.704763671875000000e+03
1.035353535353535470e+00 2.198518310546875000e+03
1.045454545454545414e+00 2.476478424072265625e+02
1.055555555555555580e+00 5.143827915191650391e+00
1.065656565656565746e+00 1.082081127166748047e+01
1.075757575757575690e+00 8.212294578552246094e+00
1.085858585858585856e+00 7.959772109985351562e+00
1.095959595959596022e+00 4.335852146148681641e+00
1.106060606060605966e+00 3.763729095458984375e+00
1.116161616161616355e+00 3.148215532302856445e+00
1.126262626262626299e+00 2.458445072174072266e+00
1.136363636363636465e+00 1.795740127563476562e+00
1.146464646464646631e+00 1.559161543846130371e+00
1.156565656565656575e+00 1.459662318229675293e+00
1.166666666666666741e+00 1.184391736984252930e+00
1.176767676767676907e+00 1.078900098800659180e+00
1.186868686868686851e+00 1.043435215950012207e+00
1.196969696969697017e+00 1.038736701011657715e+00
1.207070707070707183e+00 9.395723938941955566e-01
1.217171717171717127e+00 9.304136633872985840e-01
1.227272727272727293e+00 8.612474203109741211e-01
1.237373737373737459e+00 8.173922896385192871e-01
1.247474747474747403e+00 8.714199066162109375e-01
1.257575757575757791e+00 8.911299109458923340e-01
1.267676767676767735e+00 8.306595087051391602e-01
1.277777777777777679e+00 8.656980395317077637e-01
1.287878787878788067e+00 8.772842884063720703e-01
1.297979797979798011e+00 9.343758821487426758e-01
1.308080808080808177e+00 8.255178332328796387e-01
1.318181818181818343e+00 7.785090804100036621e-01
1.328282828282828287e+00 6.589831113815307617e-01
1.338383838383838453e+00 5.986669063568115234e-01
1.348484848484848619e+00 4.501788914203643799e-01
1.358585858585858563e+00 3.126085102558135986e-01
1.368686868686868729e+00 2.536378502845764160e-01
1.378787878787878896e+00 1.899375468492507935e-01
1.388888888888888840e+00 2.109142988920211792e-01
1.398989898989899228e+00 2.583288550376892090e-01
1.409090909090909172e+00 2.757769525051116943e-01
1.419191919191919116e+00 2.668671905994415283e-01
1.429292929292929504e+00 1.960776448249816895e-01
1.439393939393939448e+00 1.509297192096710205e-01
1.449494949494949614e+00 8.318085968494415283e-02
1.459595959595959780e+00 9.564165025949478149e-02
1.469696969696969724e+00 1.242458298802375793e-01
1.479797979797979890e+00 1.255159229040145874e-01
1.489898989898990056e+00 8.635400235652923584e-02
1.500000000000000000e+00 5.583809316158294678e-02
