5.000000000000000000e-01 7.801301777362823486e-03
5.101010101010100550e-01 1.036876160651445389e-02
5.202020202020202211e-01 1.486533600836992264e-02
5.303030303030302761e-01 2.050379291176795959e-02
5.404040404040404422e-01 1.800602860748767853e-02
5.505050505050504972e-01 1.354816649109125137e-02
5.606060606060605522e-01 1.525510940700769424e-02
5.707070707070707183e-01 2.322331815958023071e-02
5.808080808080807733e-01 1.811961270868778229e-02
5.909090909090909394e-01 2.406297437846660614e-02
6.010101010101009944e-01 1.848770491778850555e-02
6.111111111111111605e-01 9.339955635368824005e-03
6.212121212121212155e-01 1.098146568983793259e-02
6.313131313131312705e-01 2.008510380983352661e-02
6.414141414141414366e-01 3.440228849649429321e-02
6.515151515151514916e-01 8.558055758476257324e-02
6.616161616161616577e-01 8.096122741699218750e-01
6.717171717171717127e-01 3.122338294982910156e+00
6.818181818181818787e-01 7.994778633117675781e+00
6.919191919191919338e-01 1.339654064178466797e+01
7.020202020202019888e-01 1.629469871520996094e+01
7.121212121212121549e-01 1.940061187744140625e+01
7.222222222222222099e-01 2.398441314697265625e+01
7.323232323232323759e-01 2.900351905822753906e+01
7.424242424242424310e-01 3.684861755371093750e+01
7.525252525252525970e-01 4.572124481201171875e+01
7.626262626262626521e-01 5.244186401367187500e+01
7.727272727272727071e-01 6.297722244262695312e+01
7.828282828282828731e-01 8.044372558593750000e+01
7.929292929292929282e-01 9.749285888671875000e+01
8.030303030303029832e-01 1.191463241577148438e+02
8.131313131313131493e-01 1.555389099121093750e+02
8.232323232323233153e-01 1.960729217529296875e+02
8.333333333333333703e-01 2.357320404052734375e+02
8.434343434343434254e-01 2.852321166992187500e+02
8.535353535353535914e-01 3.461231689453125000e+02
8.636363636363636465e-01 4.085216064453125000e+02
8.737373737373737015e-01 4.555175170898437500e+02
8.838383838383838675e-01 4.885964050292968750e+02
8.939393939393940336e-01 5.393493652343750000e+02
9.040404040404040886e-01 6.115417480468750000e+02
9.141414141414141437e-01 6.656587524414062500e+02
9.242424242424243097e-01 6.977633056640625000e+02
9.343434343434343647e-01 7.488288574218750000e+02
9.444444444444444198e-01 8.270421752929687500e+02
9.545454545454545858e-01 8.961791992187500000e+02
9.646464646464647519e-01 9.356132202148437500e+02
9.747474747474748069e-01 9.647932128906250000e+02
9.848484848484848619e-01 9.764456787109375000e+02
9.949494949494950280e-01 9.609546508789062500e+02
1.005050505050505194e+00 9.549484252929687500e+02
1.015151515151515138e+00 9.689232177734375000e+02
1.025252525252525304e+00 9.937263793945312500e+02
1.035353535353535470e+00 9.968745727539062500e+02
1.045454545454545414e+00 9.502915039062500000e+02
1.055555555555555580e+00 9.021024780273437500e+02
1.065656565656565746e+00 8.553893432617187500e+02
1.075757575757575690e+00 7.707103271484375000e+02
1.085858585858585856e+00 6.746133422851562500e+02
1.095959595959596022e+00 6.048038940429687500e+02
1.106060606060605966e+00 5.641595458984375000e+02
1.116161616161616355e+00 5.343031616210937500e+02
1.126262626262626299e+00 4.922910461425781250e+02
1.136363636363636465e+00 4.327908325195312500e+02
1.146464646464646631e+00 3.751439208984375000e+02
1.156565656565656575e+00 3.228640441894531250e+02
1.166666666666666741e+00 2.712962341308593750e+02
1.176767676767676907e+00 2.270958862304687500e+02
1.186868686868686851e+00 1.844303894042968750e+02
1.196969696969697017e+00 1.503282928466796875e+02
1.207070707070707183e+00 1.289607391357421875e+02
1.217171717171717127e+00 1.061462402343750000e+02
1.227272727272727293e+00 8.179598999023437500e+01
1.237373737373737459e+00 6.519934844970703125e+01
1.247474747474747403e+00 5.688504409790039062e+01
1.257575757575757791e+00 4.906873703002929688e+01
1.267676767676767735e+00 3.295846176147460938e+01
1.277777777777777679e+00 1.598140335083007812e+01
1.287878787878788067e+00 8.899560928344726562e+00
1.297979797979798011e+00 8.871155738830566406e+00
1.308080808080808177e+00 8.708074569702148438e+00
1.318181818181818343e+00 6.171124458312988281e+00
1.328282828282828287e+00 3.606436491012573242e+00
1.338383838383838453e+00 2.326126575469970703e+00
1.348484848484848619e+00 1.672424435615539551e+00
1.358585858585858563e+00 1.020834088325500488e+00
1.368686868686868729e+00 4.121595025062561035e-01
1.378787878787878896e+00 6.002690196037292480e-01
1.388888888888888840e+00 1.345533609390258789e+00
1.398989898989899228e+00 1.603831648826599121e+00
1.409090909090909172e+00 1.018807411193847656e+00
1.419191919191919116e+00 2.954313755035400391e-01
1.429292929292929504e+00 3.573710098862648010e-02
1.439393939393939448e+00 6.641508080065250397e-04
1.449494949494949614e+00 8.536195382475852966e-04
1.459595959595959780e+00 1.648572651902213693e-04
1.469696969696969724e+00 7.886391831561923027e-04
1.479797979797979890e+00 1.100200810469686985e-03
1.489898989898990056e+00 9.757849038578569889e-04
1.500000000000000000e+00 4.999118973501026630e-04
