5.000000000000000000e-01 1.760545264011191695e+25
5.101010101010100550e-01 1.074884167893125167e+25
5.202020202020202211e-01 6.686216656789553237e+24
5.303030303030302761e-01 1.128432414219643400e+25
5.404040404040404422e-01 9.592415292950399884e+24
5.505050505050504972e-01 1.684459592820468357e+25
5.606060606060605522e-01 1.849008585183223681e+25
5.707070707070707183e-01 1.397063124793038745e+25
5.808080808080807733e-01 1.088765688685042987e+25
5.909090909090909394e-01 1.228543240184116519e+25
6.010101010101009944e-01 1.252177323983503657e+25
6.111111111111111605e-01 2.049052802492610925e+25
6.212121212121212155e-01 1.418339138239053500e+25
6.313131313131312705e-01 1.126633741380306258e+25
6.414141414141414366e-01 1.284923868771002392e+25
6.515151515151514916e-01 9.728129142022185662e+24
6.616161616161616577e-01 1.391914869106367331e+25
6.717171717171717127e-01 1.795963704385616798e+25
6.818181818181818787e-01 2.131740332803013990e+25
6.919191919191919338e-01 1.500913336365553712e+25
7.020202020202019888e-01 1.243240798816995065e+25
7.121212121212121549e-01 1.059215964645518117e+25
7.222222222222222099e-01 1.062419357046068241e+25
7.323232323232323759e-01 1.022690719626670441e+25
7.424242424242424310e-01 1.020523688366611411e+25
7.525252525252525970e-01 1.464539815816712296e+25
7.626262626262626521e-01 1.194006669468565193e+25
7.727272727272727071e-01 1.423262228355875197e+25
7.828282828282828731e-01 1.137521701485512400e+25
7.929292929292929282e-01 1.343486516597507184e+25
8.030303030303029832e-01 9.091817928571611534e+24
8.131313131313131493e-01 1.229561731041286207e+25
8.232323232323233153e-01 1.938000866741569289e+25
8.333333333333333703e-01 1.674510110820012189e+25
8.434343434343434254e-01 1.231111603419929192e+25
8.535353535353535914e-01 1.036945556401779957e+25
8.636363636363636465e-01 1.156891128639358811e+25
8.737373737373737015e-01 1.437920011196844807e+25
8.838383838383838675e-01 1.004233829843720349e+25
8.939393939393940336e-01 1.071882421463730781e+25
9.040404040404040886e-01 1.267355650883803258e+25
9.141414141414141437e-01 1.206913395128337923e+25
9.242424242424243097e-01 1.141444978073539039e+25
9.343434343434343647e-01 1.064928690700845044e+25
9.444444444444444198e-01 1.409958897698517711e+25
9.545454545454545858e-01 1.326885369268372273e+25
9.646464646464647519e-01 1.390837002791710390e+25
9.747474747474748069e-01 9.339173202159744429e+24
9.848484848484848619e-01 8.678753247126336523e+24
9.949494949494950280e-01 9.029558437940584887e+24
1.005050505050505194e+00 7.616898706325375176e+24
1.015151515151515138e+00 1.073035688844789010e+25
1.025252525252525304e+00 9.790873436145899488e+24
1.035353535353535470e+00 1.127866906221633742e+25
1.045454545454545414e+00 1.219775733310183290e+25
1.055555555555555580e+00 1.419810266078931836e+25
1.065656565656565746e+00 1.465953874042112594e+25
1.075757575757575690e+00 1.234571290270953418e+25
1.085858585858585856e+00 1.343824092014056069e+25
1.095959595959596022e+00 1.032049329356015600e+25
1.106060606060605966e+00 1.192777078683901990e+25
1.116161616161616355e+00 8.689931397574252208e+24
1.126262626262626299e+00 7.171703255468211947e+24
1.136363636363636465e+00 1.038811790441287061e+25
1.146464646464646631e+00 8.006435718626138261e+24
1.156565656565656575e+00 9.374585762634496037e+24
1.166666666666666741e+00 1.203564158157455033e+25
1.176767676767676907e+00 7.129008266309611190e+24
1.186868686868686851e+00 1.008982598229045491e+25
1.196969696969697017e+00 8.697376964651003226e+24
1.207070707070707183e+00 8.411160165907087340e+24
1.217171717171717127e+00 8.891481676245107376e+24
1.227272727272727293e+00 8.834693374614192521e+24
1.237373737373737459e+00 9.045656680909410291e+24
1.247474747474747403e+00 1.146450847954391508e+25
1.257575757575757791e+00 9.705398141637357067e+24
1.267676767676767735e+00 1.073892770691313740e+25
1.277777777777777679e+00 9.019022464770735216e+24
1.287878787878788067e+00 6.504511615977495726e+24
1.297979797979798011e+00 8.055810158521678786e+24
1.308080808080808177e+00 7.924250285630991477e+24
1.318181818181818343e+00 7.578289094518348781e+24
1.328282828282828287e+00 7.265123332065000151e+24
1.338383838383838453e+00 6.963091909042392145e+24
1.348484848484848619e+00 6.408329715916421821e+24
1.358585858585858563e+00 7.900678805469304491e+24
1.368686868686868729e+00 4.756210781867755358e+24
1.378787878787878896e+00 4.444115507031434185e+24
1.388888888888888840e+00 4.515162853600950372e+24
1.398989898989899228e+00 5.220155906923963588e+24
1.409090909090909172e+00 4.229634637225660925e+24
1.419191919191919116e+00 5.831397418717614132e+24
1.429292929292929504e+00 4.523847523064777598e+24
1.439393939393939448e+00 4.435036826643407569e+24
1.449494949494949614e+00 3.901839453800356014e+24
1.459595959595959780e+00 2.914552705383227860e+24
1.469696969696969724e+00 2.484478108289359581e+24
1.479797979797979890e+00 1.998976521631140982e+24
1.489898989898990056e+00 2.613026838440389957e+24
1.500000000000000000e+00 2.628260390280760226e+24
