5.000000000000000000e-01 1.173724774400000000e+11
5.101010101010100550e-01 6.529033175040000000e+11
5.202020202020202211e-01 2.841098977280000000e+11
5.303030303030302761e-01 5.773507952640000000e+11
5.404040404040404422e-01 3.598668267520000000e+11
5.505050505050504972e-01 5.979873607680000000e+11
5.606060606060605522e-01 4.147270451200000000e+11
5.707070707070707183e-01 6.240346439680000000e+11
5.808080808080807733e-01 4.689594286080000000e+11
5.909090909090909394e-01 5.479432519680000000e+11
6.010101010101009944e-01 5.103088435200000000e+11
6.111111111111111605e-01 6.043279687680000000e+11
6.212121212121212155e-01 4.078112276480000000e+11
6.313131313131312705e-01 3.570155192320000000e+11
6.414141414141414366e-01 1.730701393920000000e+11
6.515151515151514916e-01 4.471753932800000000e+11
6.616161616161616577e-01 3.103241666560000000e+11
6.717171717171717127e-01 3.744294174720000000e+11
6.818181818181818787e-01 1.686632857600000000e+11
6.919191919191919338e-01 3.226802585600000000e+11
7.020202020202019888e-01 3.721431613440000000e+11
7.121212121212121549e-01 3.900503162880000000e+11
7.222222222222222099e-01 1.461897461760000000e+11
7.323232323232323759e-01 2.020736860160000000e+11
7.424242424242424310e-01 1.857350696960000000e+11
7.525252525252525970e-01 3.333321195520000000e+11
7.626262626262626521e-01 2.715928985600000000e+11
7.727272727272727071e-01 1.827039641600000000e+11
7.828282828282828731e-01 9.841034854400000000e+10
7.929292929292929282e-01 1.801619210240000000e+11
8.030303030303029832e-01 1.866153820160000000e+11
8.131313131313131493e-01 1.906368348160000000e+11
8.232323232323233153e-01 1.560152801280000000e+11
8.333333333333333703e-01 6.174856396800000000e+10
8.434343434343434254e-01 1.539452436480000000e+11
8.535353535353535914e-01 1.664617676800000000e+11
8.636363636363636465e-01 1.043624591360000000e+11
8.737373737373737015e-01 1.654326231040000000e+11
8.838383838383838675e-01 1.355442995200000000e+11
8.939393939393940336e-01 1.194450288640000000e+11
9.040404040404040886e-01 1.006915420160000000e+11
9.141414141414141437e-01 5.582090649600000000e+10
9.242424242424243097e-01 8.880641638400000000e+10
9.343434343434343647e-01 1.082539458560000000e+11
9.444444444444444198e-01 7.615068569600000000e+10
9.545454545454545858e-01 7.548031795200000000e+10
9.646464646464647519e-01 1.543401472000000000e+11
9.747474747474748069e-01 9.273371852800000000e+10
9.848484848484848619e-01 5.759125913600000000e+10
9.949494949494950280e-01 1.202404065280000000e+11
1.005050505050505194e+00 1.758690304000000000e+10
1.015151515151515138e+00 4.242833817600000000e+10
1.025252525252525304e+00 8.333303808000000000e+10
1.035353535353535470e+00 4.658783846400000000e+10
1.045454545454545414e+00 3.961950208000000000e+10
1.055555555555555580e+00 1.104343552000000000e+10
1.065656565656565746e+00 4.197705318400000000e+10
1.075757575757575690e+00 6.570184704000000000e+10
1.085858585858585856e+00 3.786646732800000000e+10
1.095959595959596022e+00 3.129535692800000000e+10
1.106060606060605966e+00 3.882515660800000000e+10
1.116161616161616355e+00 3.513238732800000000e+10
1.126262626262626299e+00 3.339408588800000000e+10
1.136363636363636465e+00 8.949466112000000000e+09
1.146464646464646631e+00 3.397531033600000000e+10
1.156565656565656575e+00 2.397494681600000000e+10
1.166666666666666741e+00 2.561182515200000000e+10
1.176767676767676907e+00 4.530285363200000000e+10
1.186868686868686851e+00 2.831645696000000000e+10
1.196969696969697017e+00 3.263315558400000000e+10
1.207070707070707183e+00 3.253385830400000000e+10
1.217171717171717127e+00 2.298599014400000000e+10
1.227272727272727293e+00 7.568895488000000000e+09
1.237373737373737459e+00 1.696994508800000000e+10
1.247474747474747403e+00 1.533584793600000000e+10
1.257575757575757791e+00 1.315836211200000000e+10
1.267676767676767735e+00 1.537029120000000000e+10
1.277777777777777679e+00 7.142179328000000000e+09
1.287878787878788067e+00 1.060908544000000000e+10
1.297979797979798011e+00 6.666246144000000000e+09
1.308080808080808177e+00 6.395561984000000000e+09
1.318181818181818343e+00 9.655635968000000000e+09
1.328282828282828287e+00 6.126781440000000000e+09
1.338383838383838453e+00 8.150787584000000000e+09
1.348484848484848619e+00 1.029700300800000000e+10
1.358585858585858563e+00 1.293594009600000000e+10
1.368686868686868729e+00 1.144158412800000000e+10
1.378787878787878896e+00 9.737323520000000000e+09
1.388888888888888840e+00 4.990035968000000000e+09
1.398989898989899228e+00 6.346601984000000000e+09
1.409090909090909172e+00 3.688097280000000000e+09
1.419191919191919116e+00 3.291857408000000000e+09
1.429292929292929504e+00 6.259407360000000000e+09
1.439393939393939448e+00 6.765181952000000000e+09
1.449494949494949614e+00 7.373762560000000000e+09
1.459595959595959780e+00 4.631513088000000000e+09
1.469696969696969724e+00 1.902433536000000000e+09
1.479797979797979890e+00 3.219742464000000000e+09
1.489898989898990056e+00 1.732698368000000000e+09
1.500000000000000000e+00 2.906644480000000000e+09
