5.000000000000000000e-01 7.668985366821289062e+00
5.101010101010100550e-01 7.039886474609375000e+00
5.202020202020202211e-01 4.681440830230712891e+00
5.303030303030302761e-01 1.644274234771728516e+00
5.404040404040404422e-01 3.527223825454711914e+00
5.505050505050504972e-01 6.604218006134033203e+00
5.606060606060605522e-01 8.111541748046875000e+00
5.707070707070707183e-01 7.629371643066406250e+00
5.808080808080807733e-01 5.541813850402832031e+00
5.909090909090909394e-01 2.492950439453125000e+00
6.010101010101009944e-01 2.924476861953735352e+00
6.111111111111111605e-01 6.421092510223388672e+00
6.212121212121212155e-01 8.688049316406250000e+00
6.313131313131312705e-01 8.939781188964843750e+00
6.414141414141414366e-01 7.641033649444580078e+00
6.515151515151514916e-01 4.361964225769042969e+00
6.616161616161616577e-01 2.349286079406738281e+00
6.717171717171717127e-01 5.087229251861572266e+00
6.818181818181818787e-01 8.042942047119140625e+00
6.919191919191919338e-01 9.904679298400878906e+00
7.020202020202019888e-01 1.015429973602294922e+01
7.121212121212121549e-01 8.103475570678710938e+00
7.222222222222222099e-01 5.327775001525878906e+00
7.323232323232323759e-01 3.067475080490112305e+00
7.424242424242424310e-01 5.301563739776611328e+00
7.525252525252525970e-01 8.945704460144042969e+00
7.626262626262626521e-01 1.165159511566162109e+01
7.727272727272727071e-01 1.257209968566894531e+01
7.828282828282828731e-01 1.220523738861083984e+01
7.929292929292929282e-01 1.011447048187255859e+01
8.030303030303029832e-01 6.412109375000000000e+00
8.131313131313131493e-01 4.768451213836669922e+00
8.232323232323233153e-01 8.345355987548828125e+00
8.333333333333333703e-01 1.269363880157470703e+01
8.434343434343434254e-01 1.569560909271240234e+01
8.535353535353535914e-01 2.060102081298828125e+01
8.636363636363636465e-01 2.310922050476074219e+01
8.737373737373737015e-01 2.287527465820312500e+01
8.838383838383838675e-01 2.455292320251464844e+01
8.939393939393940336e-01 2.614027976989746094e+01
9.040404040404040886e-01 3.581082916259765625e+01
9.141414141414141437e-01 4.628148269653320312e+01
9.242424242424243097e-01 4.463757705688476562e+01
9.343434343434343647e-01 3.723113250732421875e+01
9.444444444444444198e-01 2.297659301757812500e+01
9.545454545454545858e-01 2.040179443359375000e+01
9.646464646464647519e-01 1.808320808410644531e+01
9.747474747474748069e-01 1.357259521484375000e+02
9.848484848484848619e-01 1.349079833984375000e+03
9.949494949494950280e-01 6.215910644531250000e+03
1.005050505050505194e+00 9.959940429687500000e+03
1.015151515151515138e+00 5.856460937500000000e+03
1.025252525252525304e+00 1.194933349609375000e+03
1.035353535353535470e+00 1.163288650512695312e+02
1.045454545454545414e+00 1.833146286010742188e+01
1.055555555555555580e+00 1.958622932434082031e+01
1.065656565656565746e+00 1.480883216857910156e+01
1.075757575757575690e+00 1.282217884063720703e+01
1.085858585858585856e+00 1.146271800994873047e+01
1.095959595959596022e+00 1.004582118988037109e+01
1.106060606060605966e+00 8.571717262268066406e+00
1.116161616161616355e+00 7.473610877990722656e+00
1.126262626262626299e+00 6.529637813568115234e+00
1.136363636363636465e+00 5.775932312011718750e+00
1.146464646464646631e+00 5.120945453643798828e+00
1.156565656565656575e+00 4.501113891601562500e+00
1.166666666666666741e+00 4.031717300415039062e+00
1.176767676767676907e+00 3.627950429916381836e+00
1.186868686868686851e+00 3.238239765167236328e+00
1.196969696969697017e+00 2.920852184295654297e+00
1.207070707070707183e+00 2.771276235580444336e+00
1.217171717171717127e+00 2.530861854553222656e+00
1.227272727272727293e+00 2.399525403976440430e+00
1.237373737373737459e+00 2.234013795852661133e+00
1.247474747474747403e+00 2.134918928146362305e+00
1.257575757575757791e+00 1.911925435066223145e+00
1.267676767676767735e+00 1.813852548599243164e+00
1.277777777777777679e+00 1.654854178428649902e+00
1.287878787878788067e+00 1.455298662185668945e+00
1.297979797979798011e+00 1.249463200569152832e+00
1.308080808080808177e+00 1.041641831398010254e+00
1.318181818181818343e+00 8.041957616806030273e-01
1.328282828282828287e+00 5.416641235351562500e-01
1.338383838383838453e+00 3.023542463779449463e-01
1.348484848484848619e+00 1.345145255327224731e-01
1.358585858585858563e+00 2.165457457304000854e-01
1.368686868686868729e+00 4.027242362499237061e-01
1.378787878787878896e+00 5.006999373435974121e-01
1.388888888888888840e+00 5.526880025863647461e-01
1.398989898989899228e+00 5.124299526214599609e-01
1.409090909090909172e+00 4.177151322364807129e-01
1.419191919191919116e+00 2.653792500495910645e-01
1.429292929292929504e+00 1.067666262388229370e-01
1.439393939393939448e+00 1.020604670047760010e-01
1.449494949494949614e+00 2.030225545167922974e-01
1.459595959595959780e+00 2.444686293601989746e-01
1.469696969696969724e+00 2.231896668672561646e-01
1.479797979797979890e+00 1.296629309654235840e-01
1.489898989898990056e+00 3.563706204295158386e-02
1.500000000000000000e+00 8.564234524965286255e-02
