5.000000000000000000e-01 1.451045726189938278e+19
5.101010101010100550e-01 1.400994637479621427e+19
5.202020202020202211e-01 1.429826801041303142e+19
5.303030303030302761e-01 1.469592838083077734e+19
5.404040404040404422e-01 1.462238314756046848e+19
5.505050505050504972e-01 1.380824976277372928e+19
5.606060606060605522e-01 1.279280019698771558e+19
5.707070707070707183e-01 1.237304184187492762e+19
5.808080808080807733e-01 1.252978052294927974e+19
5.909090909090909394e-01 1.264762947774919475e+19
6.010101010101009944e-01 1.231389581288197325e+19
6.111111111111111605e-01 1.140971792333851853e+19
6.212121212121212155e-01 1.044623017756957082e+19
6.313131313131312705e-01 9.890785490519457792e+18
6.414141414141414366e-01 9.984372621740867584e+18
6.515151515151514916e-01 1.011809632542261248e+19
6.616161616161616577e-01 9.868380742080266240e+18
6.717171717171717127e-01 9.221600723622428672e+18
6.818181818181818787e-01 8.293954308139909120e+18
6.919191919191919338e-01 7.614658982069665792e+18
7.020202020202019888e-01 7.500750676943699968e+18
7.121212121212121549e-01 7.621889920289734656e+18
7.222222222222222099e-01 7.694100346443923456e+18
7.323232323232323759e-01 7.482226105038929920e+18
7.424242424242424310e-01 6.885489258807689216e+18
7.525252525252525970e-01 6.122955404956663808e+18
7.626262626262626521e-01 5.597312980577419264e+18
7.727272727272727071e-01 5.436861798491881472e+18
7.828282828282828731e-01 5.583143574230269952e+18
7.929292929292929282e-01 5.742522732478726144e+18
8.030303030303029832e-01 5.664402981081055232e+18
8.131313131313131493e-01 5.345450600781840384e+18
8.232323232323233153e-01 4.854426849758937088e+18
8.333333333333333703e-01 4.291025546814423040e+18
8.434343434343434254e-01 3.929101503322652672e+18
8.535353535353535914e-01 3.797497108303446016e+18
8.636363636363636465e-01 3.924866184532459520e+18
8.737373737373737015e-01 4.052986502081150976e+18
8.838383838383838675e-01 4.103618187906514944e+18
8.939393939393940336e-01 4.001730843407024128e+18
9.040404040404040886e-01 3.737792527403581440e+18
9.141414141414141437e-01 3.373255219650494464e+18
9.242424242424243097e-01 2.982361793545895936e+18
9.343434343434343647e-01 2.679108240268066816e+18
9.444444444444444198e-01 2.491710502086901760e+18
9.545454545454545858e-01 2.470784871664975872e+18
9.646464646464647519e-01 2.531390502343802880e+18
9.747474747474748069e-01 2.609994038857695232e+18
9.848484848484848619e-01 2.659928359433142272e+18
9.949494949494950280e-01 2.658836269508853760e+18
1.005050505050505194e+00 2.584198946314256384e+18
1.015151515151515138e+00 2.443937821371662336e+18
1.025252525252525304e+00 2.277359748179296256e+18
1.035353535353535470e+00 2.073102923331534848e+18
1.045454545454545414e+00 1.858264261139103744e+18
1.055555555555555580e+00 1.672482805050769408e+18
1.065656565656565746e+00 1.507310320035561472e+18
1.075757575757575690e+00 1.373884584004943872e+18
1.085858585858585856e+00 1.270838491688730624e+18
1.095959595959596022e+00 1.204916997167513600e+18
1.106060606060605966e+00 1.159531081318268928e+18
1.116161616161616355e+00 1.129255341452689408e+18
1.126262626262626299e+00 1.105697136596484096e+18
1.136363636363636465e+00 1.086189944893865984e+18
1.146464646464646631e+00 1.055208524721684480e+18
1.156565656565656575e+00 1.032726604310118400e+18
1.166666666666666741e+00 9.979335209218211840e+17
1.176767676767676907e+00 9.610414698360995840e+17
1.186868686868686851e+00 9.120116350134517760e+17
1.196969696969697017e+00 8.634271024000532480e+17
1.207070707070707183e+00 8.148284822939238400e+17
1.217171717171717127e+00 7.606931339471749120e+17
1.227272727272727293e+00 7.020062884977704960e+17
1.237373737373737459e+00 6.421326576851353600e+17
1.247474747474747403e+00 5.828073395773767680e+17
1.257575757575757791e+00 5.204552377570426880e+17
1.267676767676767735e+00 4.648621087905546240e+17
1.277777777777777679e+00 4.144385742602240000e+17
1.287878787878788067e+00 3.776211868859760640e+17
1.297979797979798011e+00 3.568853596587950080e+17
1.308080808080808177e+00 3.539977328866099200e+17
1.318181818181818343e+00 3.664339309512622080e+17
1.328282828282828287e+00 3.831035236607590400e+17
1.338383838383838453e+00 3.981927745637580800e+17
1.348484848484848619e+00 4.010481719013539840e+17
1.358585858585858563e+00 3.857970522709032960e+17
1.368686868686868729e+00 3.520841703374192640e+17
1.378787878787878896e+00 2.959489477786992640e+17
1.388888888888888840e+00 2.284465445153013760e+17
1.398989898989899228e+00 1.652625934290780160e+17
1.409090909090909172e+00 1.380832501060075520e+17
1.419191919191919116e+00 1.578900930869329920e+17
1.429292929292929504e+00 1.864120603666022400e+17
1.439393939393939448e+00 1.925114465028669440e+17
1.449494949494949614e+00 1.663214059467571200e+17
1.459595959595959780e+00 1.172441718650306560e+17
1.469696969696969724e+00 7.334946007102259200e+16
1.479797979797979890e+00 7.951618270455398400e+16
1.489898989898990056e+00 1.026103507041648640e+17
1.500000000000000000e+00 9.946682978048409600e+16
