5.000000000000000000e-01 4.844851016998291016e+00
5.101010101010100550e-01 2.585915327072143555e+00
5.202020202020202211e-01 4.251353144645690918e-01
5.303030303030302761e-01 3.357899904251098633e+00
5.404040404040404422e-01 5.415481090545654297e+00
5.505050505050504972e-01 6.047784328460693359e+00
5.606060606060605522e-01 5.089897155761718750e+00
5.707070707070707183e-01 2.793568611145019531e+00
5.808080808080807733e-01 2.511016428470611572e-01
5.909090909090909394e-01 3.276399374008178711e+00
6.010101010101009944e-01 5.534026145935058594e+00
6.111111111111111605e-01 6.476716518402099609e+00
6.212121212121212155e-01 5.883256912231445312e+00
6.313131313131312705e-01 3.897052049636840820e+00
6.414141414141414366e-01 9.791746139526367188e-01
6.515151515151514916e-01 2.209888458251953125e+00
6.616161616161616577e-01 4.965281486511230469e+00
6.717171717171717127e-01 6.693586826324462891e+00
6.818181818181818787e-01 7.032913684844970703e+00
6.919191919191919338e-01 5.918056964874267578e+00
7.020202020202019888e-01 3.579586029052734375e+00
7.121212121212121549e-01 4.814378917217254639e-01
7.222222222222222099e-01 2.779870510101318359e+00
7.323232323232323759e-01 5.595258712768554688e+00
7.424242424242424310e-01 7.455258846282958984e+00
7.525252525252525970e-01 8.035658836364746094e+00
7.626262626262626521e-01 7.240304470062255859e+00
7.727272727272727071e-01 5.205726623535156250e+00
7.828282828282828731e-01 2.259543418884277344e+00
7.929292929292929282e-01 1.141397833824157715e+00
8.030303030303029832e-01 4.490273952484130859e+00
8.131313131313131493e-01 7.308519840240478516e+00
8.232323232323233153e-01 9.210339546203613281e+00
8.333333333333333703e-01 9.946632385253906250e+00
8.434343434343434254e-01 9.417824745178222656e+00
8.535353535353535914e-01 7.803657054901123047e+00
8.636363636363636465e-01 4.440852642059326172e+00
8.737373737373737015e-01 2.454301834106445312e+00
8.838383838383838675e-01 3.028413534164428711e+00
8.939393939393940336e-01 6.056322574615478516e+00
9.040404040404040886e-01 9.872908592224121094e+00
9.141414141414141437e-01 1.297175121307373047e+01
9.242424242424243097e-01 1.538445854187011719e+01
9.343434343434343647e-01 1.700057601928710938e+01
9.444444444444444198e-01 1.781309318542480469e+01
9.545454545454545858e-01 1.791466522216796875e+01
9.646464646464647519e-01 1.751284790039062500e+01
9.747474747474748069e-01 1.606679534912109375e+01
9.848484848484848619e-01 5.780819702148437500e+01
9.949494949494950280e-01 6.846735839843750000e+02
1.005050505050505194e+00 4.344621093750000000e+03
1.015151515151515138e+00 9.580573242187500000e+03
1.025252525252525304e+00 7.708499511718750000e+03
1.035353535353535470e+00 2.195387451171875000e+03
1.045454545454545414e+00 2.500619201660156250e+02
1.055555555555555580e+00 7.288779258728027344e+00
1.065656565656565746e+00 1.279951286315917969e+01
1.075757575757575690e+00 9.267368316650390625e+00
1.085858585858585856e+00 8.346018791198730469e+00
1.095959595959596022e+00 4.754707813262939453e+00
1.106060606060605966e+00 4.187256336212158203e+00
1.116161616161616355e+00 2.841728687286376953e+00
1.126262626262626299e+00 1.990323424339294434e+00
1.136363636363636465e+00 1.339933395385742188e+00
1.146464646464646631e+00 8.684254288673400879e-01
1.156565656565656575e+00 5.397785305976867676e-01
1.166666666666666741e+00 3.248358964920043945e-01
1.176767676767676907e+00 1.999436467885971069e-01
1.186868686868686851e+00 1.455023884773254395e-01
1.196969696969697017e+00 1.457747519016265869e-01
1.207070707070707183e+00 1.879493445158004761e-01
1.217171717171717127e+00 2.615069448947906494e-01
1.227272727272727293e+00 3.574151098728179932e-01
1.237373737373737459e+00 4.679537415504455566e-01
1.247474747474747403e+00 5.862109661102294922e-01
1.257575757575757791e+00 7.053878903388977051e-01
1.267676767676767735e+00 8.187934756278991699e-01
1.277777777777777679e+00 9.195829629898071289e-01
1.287878787878788067e+00 1.000797033309936523e+00
1.297979797979798011e+00 1.055445551872253418e+00
1.308080808080808177e+00 1.076728701591491699e+00
1.318181818181818343e+00 1.059018135070800781e+00
1.328282828282828287e+00 9.981736540794372559e-01
1.338383838383838453e+00 8.928267359733581543e-01
1.348484848484848619e+00 7.451226711273193359e-01
1.358585858585858563e+00 5.618377327919006348e-01
1.368686868686868729e+00 3.547701537609100342e-01
1.378787878787878896e+00 1.406159996986389160e-01
1.388888888888888840e+00 6.009837612509727478e-02
1.398989898989899228e+00 2.255629152059555054e-01
1.409090909090909172e+00 3.357685804367065430e-01
1.419191919191919116e+00 3.769679665565490723e-01
1.429292929292929504e+00 3.458049893379211426e-01
1.439393939393939448e+00 2.522952556610107422e-01
1.449494949494949614e+00 1.198067665100097656e-01
1.459595959595959780e+00 1.829045824706554413e-02
1.469696969696969724e+00 1.263945847749710083e-01
1.479797979797979890e+00 1.771174222230911255e-01
1.489898989898990056e+00 1.609266102313995361e-01
1.500000000000000000e+00 9.128849208354949951e-02
