5.000000000000000000e-01 8.542072340480000000e+11
5.101010101010100550e-01 5.171589283840000000e+11
5.202020202020202211e-01 3.934247321600000000e+11
5.303030303030302761e-01 8.006462341120000000e+11
5.404040404040404422e-01 7.744028016640000000e+11
5.505050505050504972e-01 1.004564119552000000e+12
5.606060606060605522e-01 7.942127616000000000e+11
5.707070707070707183e-01 4.730199408640000000e+11
5.808080808080807733e-01 1.240469733376000000e+12
5.909090909090909394e-01 7.607135764480000000e+11
6.010101010101009944e-01 6.807727636480000000e+11
6.111111111111111605e-01 1.058395455488000000e+12
6.212121212121212155e-01 6.872173772800000000e+11
6.313131313131312705e-01 1.003813797888000000e+12
6.414141414141414366e-01 6.799217131520000000e+11
6.515151515151514916e-01 7.558420234240000000e+11
6.616161616161616577e-01 6.594369945600000000e+11
6.717171717171717127e-01 7.151412838400000000e+11
6.818181818181818787e-01 8.124124364800000000e+11
6.919191919191919338e-01 5.826734981120000000e+11
7.020202020202019888e-01 8.283440414720000000e+11
7.121212121212121549e-01 5.669809684480000000e+11
7.222222222222222099e-01 6.976058163200000000e+11
7.323232323232323759e-01 5.187752099840000000e+11
7.424242424242424310e-01 4.490260643840000000e+11
7.525252525252525970e-01 6.264668815360000000e+11
7.626262626262626521e-01 3.421405184000000000e+11
7.727272727272727071e-01 3.458279669760000000e+11
7.828282828282828731e-01 4.129040302080000000e+11
7.929292929292929282e-01 3.574055239680000000e+11
8.030303030303029832e-01 4.235911168000000000e+11
8.131313131313131493e-01 2.701750599680000000e+11
8.232323232323233153e-01 2.919916830720000000e+11
8.333333333333333703e-01 2.778250280960000000e+11
8.434343434343434254e-01 2.065878220800000000e+11
8.535353535353535914e-01 2.720188989440000000e+11
8.636363636363636465e-01 2.286258749440000000e+11
8.737373737373737015e-01 1.906015436800000000e+11
8.838383838383838675e-01 2.091774443520000000e+11
8.939393939393940336e-01 2.269263953920000000e+11
9.040404040404040886e-01 1.762975252480000000e+11
9.141414141414141437e-01 2.035635978240000000e+11
9.242424242424243097e-01 1.736490352640000000e+11
9.343434343434343647e-01 9.950253056000000000e+10
9.444444444444444198e-01 1.344269762560000000e+11
9.545454545454545858e-01 1.083114455040000000e+11
9.646464646464647519e-01 1.617280204800000000e+11
9.747474747474748069e-01 1.791685591040000000e+11
9.848484848484848619e-01 1.260465111040000000e+11
9.949494949494950280e-01 1.227968675840000000e+11
1.005050505050505194e+00 1.761146961920000000e+11
1.015151515151515138e+00 1.171615170560000000e+11
1.025252525252525304e+00 1.204314439680000000e+11
1.035353535353535470e+00 5.564637184000000000e+10
1.045454545454545414e+00 1.272793579520000000e+11
1.055555555555555580e+00 8.701697228800000000e+10
1.065656565656565746e+00 7.444760985600000000e+10
1.075757575757575690e+00 6.485421670400000000e+10
1.085858585858585856e+00 7.447751065600000000e+10
1.095959595959596022e+00 7.722976870400000000e+10
1.106060606060605966e+00 6.603215667200000000e+10
1.116161616161616355e+00 6.419097190400000000e+10
1.126262626262626299e+00 4.976913203200000000e+10
1.136363636363636465e+00 3.450443366400000000e+10
1.146464646464646631e+00 6.438669107200000000e+10
1.156565656565656575e+00 4.277321318400000000e+10
1.166666666666666741e+00 3.270619340800000000e+10
1.176767676767676907e+00 7.000778342400000000e+10
1.186868686868686851e+00 5.388240896000000000e+10
1.196969696969697017e+00 5.242220953600000000e+10
1.207070707070707183e+00 4.740797644800000000e+10
1.217171717171717127e+00 4.054014361600000000e+10
1.227272727272727293e+00 3.781138841600000000e+10
1.237373737373737459e+00 3.628742656000000000e+10
1.247474747474747403e+00 3.634451251200000000e+10
1.257575757575757791e+00 3.826843648000000000e+10
1.267676767676767735e+00 1.233732710400000000e+10
1.277777777777777679e+00 2.382886092800000000e+10
1.287878787878788067e+00 2.223336243200000000e+10
1.297979797979798011e+00 1.333261414400000000e+10
1.308080808080808177e+00 1.891952025600000000e+10
1.318181818181818343e+00 1.347850547200000000e+10
1.328282828282828287e+00 2.245366374400000000e+10
1.338383838383838453e+00 1.905635123200000000e+10
1.348484848484848619e+00 2.215096115200000000e+10
1.358585858585858563e+00 1.868247859200000000e+10
1.368686868686868729e+00 1.379789107200000000e+10
1.378787878787878896e+00 1.824987750400000000e+10
1.388888888888888840e+00 9.465423872000000000e+09
1.398989898989899228e+00 9.442114560000000000e+09
1.409090909090909172e+00 7.885616128000000000e+09
1.419191919191919116e+00 9.465088000000000000e+09
1.429292929292929504e+00 7.120355328000000000e+09
1.439393939393939448e+00 9.124954112000000000e+09
1.449494949494949614e+00 1.028084940800000000e+10
1.459595959595959780e+00 3.234353408000000000e+09
1.469696969696969724e+00 3.816792064000000000e+09
1.479797979797979890e+00 2.381454336000000000e+09
1.489898989898990056e+00 4.794388480000000000e+09
1.500000000000000000e+00 4.546939392000000000e+09
