5.000000000000000000e-01 3.381668132870422528e+18
5.101010101010100550e-01 3.147831696456417280e+18
5.202020202020202211e-01 3.120684204610813952e+18
5.303030303030302761e-01 3.415675477761720320e+18
5.404040404040404422e-01 3.754569425576001536e+18
5.505050505050504972e-01 3.856609052435939328e+18
5.606060606060605522e-01 3.796551528303558656e+18
5.707070707070707183e-01 3.658499322221166592e+18
5.808080808080807733e-01 3.590228721107206144e+18
5.909090909090909394e-01 3.847257706041704448e+18
6.010101010101009944e-01 4.179577398955606016e+18
6.111111111111111605e-01 4.358439903248252928e+18
6.212121212121212155e-01 4.333037886111744000e+18
6.313131313131312705e-01 4.062089633725415424e+18
6.414141414141414366e-01 4.053101126168346624e+18
6.515151515151514916e-01 4.250838121941303296e+18
6.616161616161616577e-01 4.590756814592671744e+18
6.717171717171717127e-01 4.828859356122447872e+18
6.818181818181818787e-01 4.804758061241597952e+18
6.919191919191919338e-01 4.675393371408171008e+18
7.020202020202019888e-01 4.509969373108109312e+18
7.121212121212121549e-01 4.494949219638968320e+18
7.222222222222222099e-01 4.745646666864918528e+18
7.323232323232323759e-01 4.919325523588415488e+18
7.424242424242424310e-01 4.860298241851260928e+18
7.525252525252525970e-01 4.742646649388531712e+18
7.626262626262626521e-01 4.451865956016193536e+18
7.727272727272727071e-01 4.260870340911038464e+18
7.828282828282828731e-01 4.220426729828646912e+18
7.929292929292929282e-01 4.251461819912159232e+18
8.030303030303029832e-01 4.280988929798176768e+18
8.131313131313131493e-01 4.208817811184680960e+18
8.232323232323233153e-01 3.983290384141778944e+18
8.333333333333333703e-01 3.713927902400610304e+18
8.434343434343434254e-01 3.426930903417356288e+18
8.535353535353535914e-01 3.175982217784459264e+18
8.636363636363636465e-01 3.113787243047682048e+18
8.737373737373737015e-01 3.070901891517906944e+18
8.838383838383838675e-01 3.010794614484369408e+18
8.939393939393940336e-01 2.941415155893796864e+18
9.040404040404040886e-01 2.785871918836744192e+18
9.141414141414141437e-01 2.624151075699032064e+18
9.242424242424243097e-01 2.396400985900580864e+18
9.343434343434343647e-01 2.167639070526668800e+18
9.444444444444444198e-01 1.983005642016686080e+18
9.545454545454545858e-01 1.869092801405255680e+18
9.646464646464647519e-01 1.793192963984064512e+18
9.747474747474748069e-01 1.796259639352885248e+18
9.848484848484848619e-01 1.776713346268004352e+18
9.949494949494950280e-01 1.716643177751904256e+18
1.005050505050505194e+00 1.642813308408954880e+18
1.015151515151515138e+00 1.569833911310090240e+18
1.025252525252525304e+00 1.492438738075123712e+18
1.035353535353535470e+00 1.381411978047651840e+18
1.045454545454545414e+00 1.259732599614472192e+18
1.055555555555555580e+00 1.128266399462981632e+18
1.065656565656565746e+00 1.039404282022985728e+18
1.075757575757575690e+00 9.580088793277399040e+17
1.085858585858585856e+00 8.668469958792970240e+17
1.095959595959596022e+00 8.161071455975505920e+17
1.106060606060605966e+00 7.694020906728816640e+17
1.116161616161616355e+00 7.391167300805591040e+17
1.126262626262626299e+00 7.014633359120793600e+17
1.136363636363636465e+00 6.748364628222279680e+17
1.146464646464646631e+00 6.404209242391183360e+17
1.156565656565656575e+00 6.068236971849809920e+17
1.166666666666666741e+00 5.871432636815114240e+17
1.176767676767676907e+00 5.669163385392988160e+17
1.186868686868686851e+00 5.273092152874762240e+17
1.196969696969697017e+00 5.017318260463370240e+17
1.207070707070707183e+00 4.643996954315980800e+17
1.217171717171717127e+00 4.338546095769518080e+17
1.227272727272727293e+00 4.048682876131082240e+17
1.237373737373737459e+00 3.663408504200232960e+17
1.247474747474747403e+00 3.356043121031905280e+17
1.257575757575757791e+00 3.034842445612318720e+17
1.267676767676767735e+00 2.732326424118558720e+17
1.277777777777777679e+00 2.481081660620144640e+17
1.287878787878788067e+00 2.221073617649664000e+17
1.297979797979798011e+00 2.127543832831590400e+17
1.308080808080808177e+00 2.050334064744857600e+17
1.318181818181818343e+00 2.058856482450964480e+17
1.328282828282828287e+00 2.061453563275509760e+17
1.338383838383838453e+00 2.113989603240181760e+17
1.348484848484848619e+00 2.075127364756439040e+17
1.358585858585858563e+00 1.948177065018654720e+17
1.368686868686868729e+00 1.764928677562286080e+17
1.378787878787878896e+00 1.489387971265167360e+17
1.388888888888888840e+00 1.176263981845708800e+17
1.398989898989899228e+00 9.092813414832537600e+16
1.409090909090909172e+00 7.910820376110694400e+16
1.419191919191919116e+00 8.491044687996518400e+16
1.429292929292929504e+00 9.432370952273920000e+16
1.439393939393939448e+00 9.485831269200691200e+16
1.449494949494949614e+00 8.052426306853273600e+16
1.459595959595959780e+00 5.908196526076723200e+16
1.469696969696969724e+00 4.035677543360102400e+16
1.479797979797979890e+00 4.200959051825152000e+16
1.489898989898990056e+00 4.971044970011033600e+16
1.500000000000000000e+00 4.697090910532403200e+16
