5.000000000000000000e-01 3.325416099964698963e+27
5.101010101010100550e-01 2.649607087038379417e+27
5.202020202020202211e-01 2.098595610432998216e+27
5.303030303030302761e-01 2.370197353606905222e+27
5.404040404040404422e-01 3.147280467237416103e+27
5.505050505050504972e-01 3.531211813773770052e+27
5.606060606060605522e-01 3.302715684281544578e+27
5.707070707070707183e-01 2.693172098434472611e+27
5.808080808080807733e-01 2.147340910286846821e+27
5.909090909090909394e-01 2.355839441037597834e+27
6.010101010101009944e-01 3.132598039546364017e+27
6.111111111111111605e-01 3.443874597152147757e+27
6.212121212121212155e-01 3.427877580691426834e+27
6.313131313131312705e-01 3.004280421734304120e+27
6.414141414141414366e-01 2.343462856355759443e+27
6.515151515151514916e-01 2.303784352575067966e+27
6.616161616161616577e-01 2.792847087788402213e+27
6.717171717171717127e-01 3.289409236124438635e+27
6.818181818181818787e-01 3.493517294211694185e+27
6.919191919191919338e-01 3.355616814214271061e+27
7.020202020202019888e-01 2.716331469110180889e+27
7.121212121212121549e-01 2.366060560567911412e+27
7.222222222222222099e-01 2.370553597128456700e+27
7.323232323232323759e-01 2.792641664846397383e+27
7.424242424242424310e-01 3.212075762600965325e+27
7.525252525252525970e-01 3.460836452114899985e+27
7.626262626262626521e-01 3.347333488255412524e+27
7.727272727272727071e-01 2.945821951894955603e+27
7.828282828282828731e-01 2.518136404155288494e+27
7.929292929292929282e-01 2.324672855268326304e+27
8.030303030303029832e-01 2.602518009654444749e+27
8.131313131313131493e-01 2.984181144539495372e+27
8.232323232323233153e-01 3.306763342653174223e+27
8.333333333333333703e-01 3.416114756078408907e+27
8.434343434343434254e-01 3.383067340283381950e+27
8.535353535353535914e-01 3.044710076933677050e+27
8.636363636363636465e-01 2.637377338439367753e+27
8.737373737373737015e-01 2.405363341065309573e+27
8.838383838383838675e-01 2.404818793180253667e+27
8.939393939393940336e-01 2.672484296316736234e+27
9.040404040404040886e-01 3.006662855624911856e+27
9.141414141414141437e-01 3.228678422563114280e+27
9.242424242424243097e-01 3.255641659440774058e+27
9.343434343434343647e-01 3.311969161404727648e+27
9.444444444444444198e-01 3.154599544990053694e+27
9.545454545454545858e-01 2.904789309525301256e+27
9.646464646464647519e-01 2.633385758169722185e+27
9.747474747474748069e-01 2.483571928127639664e+27
9.848484848484848619e-01 2.442145263304570881e+27
9.949494949494950280e-01 2.470879092465401596e+27
1.005050505050505194e+00 2.604072258523119221e+27
1.015151515151515138e+00 2.774776657293796336e+27
1.025252525252525304e+00 2.903886156935452436e+27
1.035353535353535470e+00 3.003083006682991486e+27
1.045454545454545414e+00 3.038357018274691480e+27
1.055555555555555580e+00 3.049781013092563511e+27
1.065656565656565746e+00 3.064340659255060986e+27
1.075757575757575690e+00 3.015197647598983202e+27
1.085858585858585856e+00 2.967050169827075376e+27
1.095959595959596022e+00 2.888634684083214558e+27
1.106060606060605966e+00 2.737010121642856707e+27
1.116161616161616355e+00 2.702195360191615786e+27
1.126262626262626299e+00 2.520003509803453080e+27
1.136363636363636465e+00 2.476841375297929702e+27
1.146464646464646631e+00 2.413522262182135012e+27
1.156565656565656575e+00 2.335258334887583793e+27
1.166666666666666741e+00 2.316852173650836402e+27
1.176767676767676907e+00 2.319475743379975669e+27
1.186868686868686851e+00 2.265266222783589115e+27
1.196969696969697017e+00 2.222861732950661136e+27
1.207070707070707183e+00 2.169408824009201853e+27
1.217171717171717127e+00 2.117023022318918520e+27
1.227272727272727293e+00 2.044706177739778670e+27
1.237373737373737459e+00 2.007048994387707991e+27
1.247474747474747403e+00 2.023959936336816780e+27
1.257575757575757791e+00 1.939032012065173543e+27
1.267676767676767735e+00 1.925804073250845308e+27
1.277777777777777679e+00 1.829447136646941991e+27
1.287878787878788067e+00 1.814998761244697132e+27
1.297979797979798011e+00 1.757428243878080697e+27
1.308080808080808177e+00 1.742432369111728139e+27
1.318181818181818343e+00 1.642672819882964653e+27
1.328282828282828287e+00 1.615567764436866196e+27
1.338383838383838453e+00 1.489746064884955497e+27
1.348484848484848619e+00 1.369997328630015161e+27
1.358585858585858563e+00 1.228180383504814615e+27
1.368686868686868729e+00 1.117256569614736929e+27
1.378787878787878896e+00 9.497727509984006176e+26
1.388888888888888840e+00 8.497877087700801059e+26
1.398989898989899228e+00 7.632376516115711452e+26
1.409090909090909172e+00 7.225319593338792260e+26
1.419191919191919116e+00 6.955243026964899560e+26
1.429292929292929504e+00 6.557171144291402817e+26
1.439393939393939448e+00 5.864277494873776433e+26
1.449494949494949614e+00 4.823538757546549672e+26
1.459595959595959780e+00 3.984061007826242129e+26
1.469696969696969724e+00 3.326068967130955691e+26
1.479797979797979890e+00 3.297919973544237864e+26
1.489898989898990056e+00 3.145939093795352239e+26
1.500000000000000000e+00 2.658955749360982828e+26
