5.000000000000000000e-01 1.530586019122905088e+18
5.101010101010100550e-01 1.446881710728806400e+18
5.202020202020202211e-01 1.367822151767293952e+18
5.303030303030302761e-01 1.481357447573536768e+18
5.404040404040404422e-01 1.612526573427097600e+18
5.505050505050504972e-01 1.709756661549236224e+18
5.606060606060605522e-01 1.685238376883552256e+18
5.707070707070707183e-01 1.551925203355828224e+18
5.808080808080807733e-01 1.578820769599717376e+18
5.909090909090909394e-01 1.658415928162910208e+18
6.010101010101009944e-01 1.829137923241410560e+18
6.111111111111111605e-01 1.920579082643308544e+18
6.212121212121212155e-01 1.949317567814303744e+18
6.313131313131312705e-01 1.781874728726691840e+18
6.414141414141414366e-01 1.808631756505481216e+18
6.515151515151514916e-01 1.835226194002313216e+18
6.616161616161616577e-01 1.977445136837115904e+18
6.717171717171717127e-01 2.133880352702201856e+18
6.818181818181818787e-01 2.165036801381629952e+18
6.919191919191919338e-01 2.099717564354527232e+18
7.020202020202019888e-01 2.044942643837796352e+18
7.121212121212121549e-01 2.059025875961118720e+18
7.222222222222222099e-01 2.129731895330603008e+18
7.323232323232323759e-01 2.300222855528316928e+18
7.424242424242424310e-01 2.357804004597039104e+18
7.525252525252525970e-01 2.362147075526754304e+18
7.626262626262626521e-01 2.261873539218931712e+18
7.727272727272727071e-01 2.216209309488906240e+18
7.828282828282828731e-01 2.188211895155032064e+18
7.929292929292929282e-01 2.208888486193266688e+18
8.030303030303029832e-01 2.221926220197527552e+18
8.131313131313131493e-01 2.272505954098479104e+18
8.232323232323233153e-01 2.246134580023132160e+18
8.333333333333333703e-01 2.139646466556166144e+18
8.434343434343434254e-01 2.009977486879752192e+18
8.535353535353535914e-01 1.842413151757271040e+18
8.636363636363636465e-01 1.772613679724888064e+18
8.737373737373737015e-01 1.801132125131374592e+18
8.838383838383838675e-01 1.790015237940838400e+18
8.939393939393940336e-01 1.760037053409525760e+18
9.040404040404040886e-01 1.632285896889860096e+18
9.141414141414141437e-01 1.551218492257075200e+18
9.242424242424243097e-01 1.427367028603224064e+18
9.343434343434343647e-01 1.305430227010191360e+18
9.444444444444444198e-01 1.193061650479972352e+18
9.545454545454545858e-01 1.138527454290247680e+18
9.646464646464647519e-01 1.079359641223168000e+18
9.747474747474748069e-01 1.043797518170718208e+18
9.848484848484848619e-01 1.035074061635420160e+18
9.949494949494950280e-01 1.008507867843526656e+18
1.005050505050505194e+00 9.708582532462673920e+17
1.015151515151515138e+00 9.156888829330718720e+17
1.025252525252525304e+00 8.704542873715998720e+17
1.035353535353535470e+00 8.039030475655741440e+17
1.045454545454545414e+00 7.188993225858744320e+17
1.055555555555555580e+00 6.827142574768128000e+17
1.065656565656565746e+00 6.075001029944934400e+17
1.075757575757575690e+00 5.573385958289571840e+17
1.085858585858585856e+00 5.106706150619873280e+17
1.095959595959596022e+00 4.800883176106885120e+17
1.106060606060605966e+00 4.557605920539934720e+17
1.116161616161616355e+00 4.223626514823905280e+17
1.126262626262626299e+00 4.002110655954944000e+17
1.136363636363636465e+00 3.854532143690547200e+17
1.146464646464646631e+00 3.687831749829591040e+17
1.156565656565656575e+00 3.469908888801771520e+17
1.166666666666666741e+00 3.305356665783582720e+17
1.176767676767676907e+00 3.181506645238743040e+17
1.186868686868686851e+00 3.018062180185538560e+17
1.196969696969697017e+00 2.756665316590223360e+17
1.207070707070707183e+00 2.610496068994990080e+17
1.217171717171717127e+00 2.434600665549373440e+17
1.227272727272727293e+00 2.194973101391872000e+17
1.237373737373737459e+00 2.036553748074987520e+17
1.247474747474747403e+00 1.864089508102799360e+17
1.257575757575757791e+00 1.685896468952514560e+17
1.267676767676767735e+00 1.538013529406177280e+17
1.277777777777777679e+00 1.380822622635294720e+17
1.287878787878788067e+00 1.285037722288783360e+17
1.297979797979798011e+00 1.167003173362073600e+17
1.308080808080808177e+00 1.136919418534625280e+17
1.318181818181818343e+00 1.125117277901946880e+17
1.328282828282828287e+00 1.158267123982663680e+17
1.338383838383838453e+00 1.148700342028861440e+17
1.348484848484848619e+00 1.094948568621383680e+17
1.358585858585858563e+00 1.052259943773634560e+17
1.368686868686868729e+00 9.498830417218764800e+16
1.378787878787878896e+00 8.043746177948057600e+16
1.388888888888888840e+00 6.459320716545228800e+16
1.398989898989899228e+00 5.044811892313292800e+16
1.409090909090909172e+00 4.377280773724569600e+16
1.419191919191919116e+00 4.543212110741504000e+16
1.429292929292929504e+00 4.976375883418828800e+16
1.439393939393939448e+00 4.959059863771545600e+16
1.449494949494949614e+00 4.407092571222835200e+16
1.459595959595959780e+00 3.147093906974310400e+16
1.469696969696969724e+00 2.186306931130368000e+16
1.479797979797979890e+00 2.276605612051660800e+16
1.489898989898990056e+00 2.693870704289382400e+16
1.500000000000000000e+00 2.547801014036070400e+16
