5.000000000000000000e-01 1.706608003844669440e+17
5.101010101010100550e-01 1.441757642945986560e+17
5.202020202020202211e-01 1.222977248747847680e+17
5.303030303030302761e-01 1.292641532389621760e+17
5.404040404040404422e-01 1.616508523506565120e+17
5.505050505050504972e-01 1.776058655813140480e+17
5.606060606060605522e-01 1.763749966737571840e+17
5.707070707070707183e-01 1.508762053341347840e+17
5.808080808080807733e-01 1.261143788428984320e+17
5.909090909090909394e-01 1.297496133924290560e+17
6.010101010101009944e-01 1.662663788257607680e+17
6.111111111111111605e-01 1.815348329442181120e+17
6.212121212121212155e-01 1.808753493058519040e+17
6.313131313131312705e-01 1.674324968063631360e+17
6.414141414141414366e-01 1.354188929137377280e+17
6.515151515151514916e-01 1.378615438941880320e+17
6.616161616161616577e-01 1.554456554000875520e+17
6.717171717171717127e-01 1.807208507422801920e+17
6.818181818181818787e-01 1.893619641645793280e+17
6.919191919191919338e-01 1.880114031084175360e+17
7.020202020202019888e-01 1.590093100246630400e+17
7.121212121212121549e-01 1.424065641861611520e+17
7.222222222222222099e-01 1.396836837695160320e+17
7.323232323232323759e-01 1.643640347311472640e+17
7.424242424242424310e-01 1.784934119830978560e+17
7.525252525252525970e-01 1.894065974647193600e+17
7.626262626262626521e-01 1.867634745907609600e+17
7.727272727272727071e-01 1.766312516025057280e+17
7.828282828282828731e-01 1.590736486347571200e+17
7.929292929292929282e-01 1.434641311633244160e+17
8.030303030303029832e-01 1.514200169132851200e+17
8.131313131313131493e-01 1.774147395366420480e+17
8.232323232323233153e-01 2.036085424841031680e+17
8.333333333333333703e-01 1.966027808094289920e+17
8.434343434343434254e-01 1.944841765215272960e+17
8.535353535353535914e-01 1.837591793269473280e+17
8.636363636363636465e-01 1.604090570462986240e+17
8.737373737373737015e-01 1.672912954615398400e+17
8.838383838383838675e-01 1.701310762980474880e+17
8.939393939393940336e-01 1.770900915486720000e+17
9.040404040404040886e-01 1.891525415592263680e+17
9.141414141414141437e-01 2.004838506970480640e+17
9.242424242424243097e-01 2.126030286356480000e+17
9.343434343434343647e-01 2.047861709770588160e+17
9.444444444444444198e-01 2.022248586401546240e+17
9.545454545454545858e-01 1.967524346498908160e+17
9.646464646464647519e-01 1.903298092749291520e+17
9.747474747474748069e-01 1.878921919961497600e+17
9.848484848484848619e-01 1.761479131628830720e+17
9.949494949494950280e-01 1.763063287366287360e+17
1.005050505050505194e+00 1.928575177877094400e+17
1.015151515151515138e+00 2.049858010569768960e+17
1.025252525252525304e+00 2.111106649392414720e+17
1.035353535353535470e+00 2.196658618357514240e+17
1.045454545454545414e+00 2.276793774568898560e+17
1.055555555555555580e+00 2.202578629479628800e+17
1.065656565656565746e+00 2.262859526271139840e+17
1.075757575757575690e+00 2.274173844518338560e+17
1.085858585858585856e+00 2.365280065190625280e+17
1.095959595959596022e+00 2.185203253384314880e+17
1.106060606060605966e+00 2.266017701623234560e+17
1.116161616161616355e+00 2.215627599118336000e+17
1.126262626262626299e+00 2.178657036030443520e+17
1.136363636363636465e+00 2.190596357918556160e+17
1.146464646464646631e+00 2.097002663987118080e+17
1.156565656565656575e+00 2.128595756221726720e+17
1.166666666666666741e+00 2.031727063827742720e+17
1.176767676767676907e+00 1.979638731254005760e+17
1.186868686868686851e+00 2.025181018272563200e+17
1.196969696969697017e+00 1.836039076692623360e+17
1.207070707070707183e+00 1.789344707646586880e+17
1.217171717171717127e+00 1.774068196169482240e+17
1.227272727272727293e+00 1.721939490903162880e+17
1.237373737373737459e+00 1.529160399218278400e+17
1.247474747474747403e+00 1.391309300684554240e+17
1.257575757575757791e+00 1.379689610262609920e+17
1.267676767676767735e+00 1.202751131059486720e+17
1.277777777777777679e+00 1.131202559365611520e+17
1.287878787878788067e+00 1.041570113771274240e+17
1.297979797979798011e+00 9.490079850849894400e+16
1.308080808080808177e+00 8.579439409915494400e+16
1.318181818181818343e+00 8.266264997579980800e+16
1.328282828282828287e+00 7.945231654086246400e+16
1.338383838383838453e+00 6.901237632571801600e+16
1.348484848484848619e+00 6.267022145801420800e+16
1.358585858585858563e+00 5.832051050885939200e+16
1.368686868686868729e+00 5.101008532904345600e+16
1.378787878787878896e+00 4.311656679918796800e+16
1.388888888888888840e+00 3.522548136830566400e+16
1.398989898989899228e+00 2.929220094473011200e+16
1.409090909090909172e+00 2.776864290085273600e+16
1.419191919191919116e+00 2.619395971376742400e+16
1.429292929292929504e+00 2.475189437936435200e+16
1.439393939393939448e+00 2.260515161322291200e+16
1.449494949494949614e+00 1.859243453553049600e+16
1.459595959595959780e+00 1.492503390217830400e+16
1.469696969696969724e+00 1.189609626350387200e+16
1.479797979797979890e+00 1.161513668286873600e+16
1.489898989898990056e+00 1.136826088895283200e+16
1.500000000000000000e+00 1.018377011200000000e+16
