5.000000000000000000e-01 4.416734186228558827e+26
5.101010101010100550e-01 3.340269639653778778e+26
5.202020202020202211e-01 2.717694425242810993e+26
5.303030303030302761e-01 3.238840955234249757e+26
5.404040404040404422e-01 4.617707773562809650e+26
5.505050505050504972e-01 4.540508518549216651e+26
5.606060606060605522e-01 4.616120615702707680e+26
5.707070707070707183e-01 3.385105188994692792e+26
5.808080808080807733e-01 2.689228516592906836e+26
5.909090909090909394e-01 2.907548499716870436e+26
6.010101010101009944e-01 4.679292228652888988e+26
6.111111111111111605e-01 4.371350030718892691e+26
6.212121212121212155e-01 4.611387550108275283e+26
6.313131313131312705e-01 4.882525542136169231e+26
6.414141414141414366e-01 3.111026785961449541e+26
6.515151515151514916e-01 3.402707072189826446e+26
6.616161616161616577e-01 3.886962512110575688e+26
6.717171717171717127e-01 3.988459080548295961e+26
6.818181818181818787e-01 4.655941602134624489e+26
6.919191919191919338e-01 4.830456286574190754e+26
7.020202020202019888e-01 2.996964479928159060e+26
7.121212121212121549e-01 3.269127188589347573e+26
7.222222222222222099e-01 3.322568512975528567e+26
7.323232323232323759e-01 3.956800778368995628e+26
7.424242424242424310e-01 4.070251574836242638e+26
7.525252525252525970e-01 4.331170439582182969e+26
7.626262626262626521e-01 4.542540980811257969e+26
7.727272727272727071e-01 3.894671037524097436e+26
7.828282828282828731e-01 3.517126691655824682e+26
7.929292929292929282e-01 3.174097310754106921e+26
8.030303030303029832e-01 3.799585450521754181e+26
8.131313131313131493e-01 4.221117902308194732e+26
8.232323232323233153e-01 4.658894556925943914e+26
8.333333333333333703e-01 4.662827033827577317e+26
8.434343434343434254e-01 5.318589969968996693e+26
8.535353535353535914e-01 4.775812603409285372e+26
8.636363636363636465e-01 3.129186498697372172e+26
8.737373737373737015e-01 3.112012211029867106e+26
8.838383838383838675e-01 2.927038222700507525e+26
8.939393939393940336e-01 3.566133049831804425e+26
9.040404040404040886e-01 3.909276431611897710e+26
9.141414141414141437e-01 4.240068242495116554e+26
9.242424242424243097e-01 3.597464844641000098e+26
9.343434343434343647e-01 4.422216189632383832e+26
9.444444444444444198e-01 4.455490426592541121e+26
9.545454545454545858e-01 3.992205245334784896e+26
9.646464646464647519e-01 3.301966820259128265e+26
9.747474747474748069e-01 3.221554142427895062e+26
9.848484848484848619e-01 3.401020301911726444e+26
9.949494949494950280e-01 3.142429785202769734e+26
1.005050505050505194e+00 3.658774074309499690e+26
1.015151515151515138e+00 4.000923914453782979e+26
1.025252525252525304e+00 3.651086209249340497e+26
1.035353535353535470e+00 4.177653683921720287e+26
1.045454545454545414e+00 3.558088424741259689e+26
1.055555555555555580e+00 4.045632181260588397e+26
1.065656565656565746e+00 3.879370939054481260e+26
1.075757575757575690e+00 3.910150069411228595e+26
1.085858585858585856e+00 4.335301772384930960e+26
1.095959595959596022e+00 4.501370061648027095e+26
1.106060606060605966e+00 4.000587814776759991e+26
1.116161616161616355e+00 3.939974765229602198e+26
1.126262626262626299e+00 3.039386826209350390e+26
1.136363636363636465e+00 3.456677449196041429e+26
1.146464646464646631e+00 3.220358055542155735e+26
1.156565656565656575e+00 2.732049865948412503e+26
1.166666666666666741e+00 3.073796644734685239e+26
1.176767676767676907e+00 3.423113967288808374e+26
1.186868686868686851e+00 3.162571416121971719e+26
1.196969696969697017e+00 3.042002943453883878e+26
1.207070707070707183e+00 2.808501658892138792e+26
1.217171717171717127e+00 2.913894548613107996e+26
1.227272727272727293e+00 2.562421724013971899e+26
1.237373737373737459e+00 2.413771219440153797e+26
1.247474747474747403e+00 2.974576588983101462e+26
1.257575757575757791e+00 2.571005178498909690e+26
1.267676767676767735e+00 2.959992962053308165e+26
1.277777777777777679e+00 2.362463998875860261e+26
1.287878787878788067e+00 2.378347383393087133e+26
1.297979797979798011e+00 2.379005194286755616e+26
1.308080808080808177e+00 2.630460510388001472e+26
1.318181818181818343e+00 2.052733389103917823e+26
1.328282828282828287e+00 2.434282154175711447e+26
1.338383838383838453e+00 1.961158217498801496e+26
1.348484848484848619e+00 2.061858439994859727e+26
1.358585858585858563e+00 1.446809958334567282e+26
1.368686868686868729e+00 1.568116024064442399e+26
1.378787878787878896e+00 1.240156434032580551e+26
1.388888888888888840e+00 1.156163981046403272e+26
1.398989898989899228e+00 1.047122140880213582e+26
1.409090909090909172e+00 9.705533033453396068e+25
1.419191919191919116e+00 9.208554689677568611e+25
1.429292929292929504e+00 7.742376111234208142e+25
1.439393939393939448e+00 7.635713347651204773e+25
1.449494949494949614e+00 5.798986719964407371e+25
1.459595959595959780e+00 5.832931034903042160e+25
1.469696969696969724e+00 4.256283668405670199e+25
1.479797979797979890e+00 3.978159340994740233e+25
1.489898989898990056e+00 4.125701011782287654e+25
1.500000000000000000e+00 3.416985174920898929e+25
