5.000000000000000000e-01 5.339497470361600000e+13
5.101010101010100550e-01 5.294214506086400000e+13
5.202020202020202211e-01 5.372572493414400000e+13
5.303030303030302761e-01 5.755975919206400000e+13
5.404040404040404422e-01 6.122923412684800000e+13
5.505050505050504972e-01 6.202826162176000000e+13
5.606060606060605522e-01 6.075153226137600000e+13
5.707070707070707183e-01 5.950106763264000000e+13
5.808080808080807733e-01 6.135315064422400000e+13
5.909090909090909394e-01 6.278658339635200000e+13
6.010101010101009944e-01 6.397893594316800000e+13
6.111111111111111605e-01 6.184086850764800000e+13
6.212121212121212155e-01 5.884473874841600000e+13
6.313131313131312705e-01 5.653329136844800000e+13
6.414141414141414366e-01 5.519674284441600000e+13
6.515151515151514916e-01 5.463596439961600000e+13
6.616161616161616577e-01 5.349057547468800000e+13
6.717171717171717127e-01 5.101453102284800000e+13
6.818181818181818787e-01 4.628864093388800000e+13
6.919191919191919338e-01 4.234042933248000000e+13
7.020202020202019888e-01 4.030875880652800000e+13
7.121212121212121549e-01 4.002939299430400000e+13
7.222222222222222099e-01 3.885296621977600000e+13
7.323232323232323759e-01 3.767732378009600000e+13
7.424242424242424310e-01 3.435751119257600000e+13
7.525252525252525970e-01 3.120745676800000000e+13
7.626262626262626521e-01 2.882146402304000000e+13
7.727272727272727071e-01 2.745547567923200000e+13
7.828282828282828731e-01 2.699241193472000000e+13
7.929292929292929282e-01 2.676103105740800000e+13
8.030303030303029832e-01 2.608525528268800000e+13
8.131313131313131493e-01 2.450040186470400000e+13
8.232323232323233153e-01 2.231638163456000000e+13
8.333333333333333703e-01 1.996302686617600000e+13
8.434343434343434254e-01 1.843768433049600000e+13
8.535353535353535914e-01 1.762670936064000000e+13
8.636363636363636465e-01 1.761693872947200000e+13
8.737373737373737015e-01 1.762389498265600000e+13
8.838383838383838675e-01 1.757517080166400000e+13
8.939393939393940336e-01 1.674584889753600000e+13
9.040404040404040886e-01 1.568019893452800000e+13
9.141414141414141437e-01 1.421818304921600000e+13
9.242424242424243097e-01 1.274779533312000000e+13
9.343434343434343647e-01 1.152382612275200000e+13
9.444444444444444198e-01 1.082392576000000000e+13
9.545454545454545858e-01 1.058528244531200000e+13
9.646464646464647519e-01 1.057716751564800000e+13
9.747474747474748069e-01 1.061774950400000000e+13
9.848484848484848619e-01 1.073794357657600000e+13
9.949494949494950280e-01 1.042706805555200000e+13
1.005050505050505194e+00 1.010136881561600000e+13
1.015151515151515138e+00 9.469767450624000000e+12
1.025252525252525304e+00 8.797589340160000000e+12
1.035353535353535470e+00 8.014128480256000000e+12
1.045454545454545414e+00 7.392656359424000000e+12
1.055555555555555580e+00 6.575757983744000000e+12
1.065656565656565746e+00 6.020362403840000000e+12
1.075757575757575690e+00 5.469665492992000000e+12
1.085858585858585856e+00 5.104372547584000000e+12
1.095959595959596022e+00 4.834561884160000000e+12
1.106060606060605966e+00 4.606103388160000000e+12
1.116161616161616355e+00 4.439342579712000000e+12
1.126262626262626299e+00 4.343732633600000000e+12
1.136363636363636465e+00 4.212785414144000000e+12
1.146464646464646631e+00 4.070728794112000000e+12
1.156565656565656575e+00 4.020126351360000000e+12
1.166666666666666741e+00 3.791961718784000000e+12
1.176767676767676907e+00 3.623290404864000000e+12
1.186868686868686851e+00 3.510740189184000000e+12
1.196969696969697017e+00 3.289820430336000000e+12
1.207070707070707183e+00 3.025495392256000000e+12
1.217171717171717127e+00 2.831191638016000000e+12
1.227272727272727293e+00 2.634770808832000000e+12
1.237373737373737459e+00 2.400063848448000000e+12
1.247474747474747403e+00 2.205107355648000000e+12
1.257575757575757791e+00 1.990332514304000000e+12
1.267676767676767735e+00 1.768011071488000000e+12
1.277777777777777679e+00 1.608697118720000000e+12
1.287878787878788067e+00 1.443596337152000000e+12
1.297979797979798011e+00 1.359599894528000000e+12
1.308080808080808177e+00 1.319176241152000000e+12
1.318181818181818343e+00 1.339672231936000000e+12
1.328282828282828287e+00 1.402676445184000000e+12
1.338383838383838453e+00 1.411138977792000000e+12
1.348484848484848619e+00 1.436612034560000000e+12
1.358585858585858563e+00 1.373555916800000000e+12
1.368686868686868729e+00 1.270864281600000000e+12
1.378787878787878896e+00 1.067681972224000000e+12
1.388888888888888840e+00 8.367949086720000000e+11
1.398989898989899228e+00 6.186645585920000000e+11
1.409090909090909172e+00 5.141743861760000000e+11
1.419191919191919116e+00 5.628134031360000000e+11
1.429292929292929504e+00 6.582611476480000000e+11
1.439393939393939448e+00 6.677326069760000000e+11
1.449494949494949614e+00 5.892156293120000000e+11
1.459595959595959780e+00 4.242323210240000000e+11
1.469696969696969724e+00 2.696824586240000000e+11
1.479797979797979890e+00 2.811988213760000000e+11
1.489898989898990056e+00 3.556890050560000000e+11
1.500000000000000000e+00 3.481009520640000000e+11
