5.000000000000000000e-01 2.259242136371200000e+13
5.101010101010100550e-01 2.074293043200000000e+13
5.202020202020202211e-01 2.018204922675200000e+13
5.303030303030302761e-01 2.185949190553600000e+13
5.404040404040404422e-01 2.379810131148800000e+13
5.505050505050504972e-01 2.605497240780800000e+13
5.606060606060605522e-01 2.503445001011200000e+13
5.707070707070707183e-01 2.397853397811200000e+13
5.808080808080807733e-01 2.377332975206400000e+13
5.909090909090909394e-01 2.533707114086400000e+13
6.010101010101009944e-01 2.764395302092800000e+13
6.111111111111111605e-01 2.956858490880000000e+13
6.212121212121212155e-01 2.975344046899200000e+13
6.313131313131312705e-01 2.913596761702400000e+13
6.414141414141414366e-01 2.900606163353600000e+13
6.515151515151514916e-01 3.012509564928000000e+13
6.616161616161616577e-01 3.270280583577600000e+13
6.717171717171717127e-01 3.455328872038400000e+13
6.818181818181818787e-01 3.554168484659200000e+13
6.919191919191919338e-01 3.581340863692800000e+13
7.020202020202019888e-01 3.542190391296000000e+13
7.121212121212121549e-01 3.608576996147200000e+13
7.222222222222222099e-01 3.794619544371200000e+13
7.323232323232323759e-01 3.959920420454400000e+13
7.424242424242424310e-01 4.251548280422400000e+13
7.525252525252525970e-01 4.205804362137600000e+13
7.626262626262626521e-01 4.100898527641600000e+13
7.727272727272727071e-01 4.123730640896000000e+13
7.828282828282828731e-01 3.999116610764800000e+13
7.929292929292929282e-01 4.078434254848000000e+13
8.030303030303029832e-01 4.196725371699200000e+13
8.131313131313131493e-01 4.084833504460800000e+13
8.232323232323233153e-01 3.975513584435200000e+13
8.333333333333333703e-01 3.729211890073600000e+13
8.434343434343434254e-01 3.452230329958400000e+13
8.535353535353535914e-01 3.226267654553600000e+13
8.636363636363636465e-01 3.099409462067200000e+13
8.737373737373737015e-01 2.982447520153600000e+13
8.838383838383838675e-01 2.883207141785600000e+13
8.939393939393940336e-01 2.795467754700800000e+13
9.040404040404040886e-01 2.633954964275200000e+13
9.141414141414141437e-01 2.363723297587200000e+13
9.242424242424243097e-01 2.176487889305600000e+13
9.343434343434343647e-01 1.988992014745600000e+13
9.444444444444444198e-01 1.825394026086400000e+13
9.545454545454545858e-01 1.704288531251200000e+13
9.646464646464647519e-01 1.641365687500800000e+13
9.747474747474748069e-01 1.579961706086400000e+13
9.848484848484848619e-01 1.506961208115200000e+13
9.949494949494950280e-01 1.456029040640000000e+13
1.005050505050505194e+00 1.391881774694400000e+13
1.015151515151515138e+00 1.308075910758400000e+13
1.025252525252525304e+00 1.223568549478400000e+13
1.035353535353535470e+00 1.132730515456000000e+13
1.045454545454545414e+00 1.014216995635200000e+13
1.055555555555555580e+00 9.381555994624000000e+12
1.065656565656565746e+00 8.534578167808000000e+12
1.075757575757575690e+00 7.697800364032000000e+12
1.085858585858585856e+00 7.086973911040000000e+12
1.095959595959596022e+00 6.616102469632000000e+12
1.106060606060605966e+00 6.151315390464000000e+12
1.116161616161616355e+00 6.003486097408000000e+12
1.126262626262626299e+00 5.652916207616000000e+12
1.136363636363636465e+00 5.391087828992000000e+12
1.146464646464646631e+00 5.061111447552000000e+12
1.156565656565656575e+00 4.785897996288000000e+12
1.166666666666666741e+00 4.616214282240000000e+12
1.176767676767676907e+00 4.356669440000000000e+12
1.186868686868686851e+00 4.054964240384000000e+12
1.196969696969697017e+00 3.784832712704000000e+12
1.207070707070707183e+00 3.585493434368000000e+12
1.217171717171717127e+00 3.323831255040000000e+12
1.227272727272727293e+00 3.047097892864000000e+12
1.237373737373737459e+00 2.836118634496000000e+12
1.247474747474747403e+00 2.563144679424000000e+12
1.257575757575757791e+00 2.322760204288000000e+12
1.267676767676767735e+00 2.087286341632000000e+12
1.277777777777777679e+00 1.885495754752000000e+12
1.287878787878788067e+00 1.723130183680000000e+12
1.297979797979798011e+00 1.614737965056000000e+12
1.308080808080808177e+00 1.552272719872000000e+12
1.318181818181818343e+00 1.513975971840000000e+12
1.328282828282828287e+00 1.547876564992000000e+12
1.338383838383838453e+00 1.527568138240000000e+12
1.348484848484848619e+00 1.504572997632000000e+12
1.358585858585858563e+00 1.440278904832000000e+12
1.368686868686868729e+00 1.286253051904000000e+12
1.378787878787878896e+00 1.093168857088000000e+12
1.388888888888888840e+00 8.787760906240000000e+11
1.398989898989899228e+00 6.807356047360000000e+11
1.409090909090909172e+00 5.805809336320000000e+11
1.419191919191919116e+00 6.144433192960000000e+11
1.429292929292929504e+00 6.730988257280000000e+11
1.439393939393939448e+00 6.752514211840000000e+11
1.449494949494949614e+00 5.954697953280000000e+11
1.459595959595959780e+00 4.298961059840000000e+11
1.469696969696969724e+00 2.963948830720000000e+11
1.479797979797979890e+00 3.015267778560000000e+11
1.489898989898990056e+00 3.566579875840000000e+11
1.500000000000000000e+00 3.425819361280000000e+11
