5.000000000000000000e-01 1.625365844726562500e+03
5.101010101010100550e-01 1.569036865234375000e+03
5.202020202020202211e-01 8.302346191406250000e+02
5.303030303030302761e-01 9.266874389648437500e+02
5.404040404040404422e-01 1.459415405273437500e+03
5.505050505050504972e-01 2.049035888671875000e+03
5.606060606060605522e-01 1.913404907226562500e+03
5.707070707070707183e-01 1.441286621093750000e+03
5.808080808080807733e-01 8.723245849609375000e+02
5.909090909090909394e-01 7.894265747070312500e+02
6.010101010101009944e-01 9.346912231445312500e+02
6.111111111111111605e-01 1.742906738281250000e+03
6.212121212121212155e-01 1.722845703125000000e+03
6.313131313131312705e-01 1.618318847656250000e+03
6.414141414141414366e-01 1.281707519531250000e+03
6.515151515151514916e-01 6.473604736328125000e+02
6.616161616161616577e-01 9.804481811523437500e+02
6.717171717171717127e-01 1.446794433593750000e+03
6.818181818181818787e-01 1.485178466796875000e+03
6.919191919191919338e-01 1.523083862304687500e+03
7.020202020202019888e-01 1.286604003906250000e+03
7.121212121212121549e-01 9.126843872070312500e+02
7.222222222222222099e-01 7.549381713867187500e+02
7.323232323232323759e-01 1.042401855468750000e+03
7.424242424242424310e-01 1.515236083984375000e+03
7.525252525252525970e-01 1.473714721679687500e+03
7.626262626262626521e-01 1.290698242187500000e+03
7.727272727272727071e-01 1.094264038085937500e+03
7.828282828282828731e-01 1.022696960449218750e+03
7.929292929292929282e-01 7.428612670898437500e+02
8.030303030303029832e-01 9.080676269531250000e+02
8.131313131313131493e-01 1.116435058593750000e+03
8.232323232323233153e-01 1.353899902343750000e+03
8.333333333333333703e-01 1.510063354492187500e+03
8.434343434343434254e-01 1.328408447265625000e+03
8.535353535353535914e-01 1.265496582031250000e+03
8.636363636363636465e-01 1.105145263671875000e+03
8.737373737373737015e-01 7.834985351562500000e+02
8.838383838383838675e-01 7.338713989257812500e+02
8.939393939393940336e-01 7.597198486328125000e+02
9.040404040404040886e-01 1.214131225585937500e+03
9.141414141414141437e-01 9.828084106445312500e+02
9.242424242424243097e-01 1.349501220703125000e+03
9.343434343434343647e-01 1.368617309570312500e+03
9.444444444444444198e-01 1.349235229492187500e+03
9.545454545454545858e-01 1.234487304687500000e+03
9.646464646464647519e-01 1.112214477539062500e+03
9.747474747474748069e-01 1.084571533203125000e+03
9.848484848484848619e-01 7.396225585937500000e+02
9.949494949494950280e-01 6.986367187500000000e+02
1.005050505050505194e+00 9.670394897460937500e+02
1.015151515151515138e+00 2.894670166015625000e+03
1.025252525252525304e+00 9.723473632812500000e+03
1.035353535353535470e+00 7.578295410156250000e+03
1.045454545454545414e+00 4.299808105468750000e+03
1.055555555555555580e+00 6.390453491210937500e+02
1.065656565656565746e+00 8.670704345703125000e+02
1.075757575757575690e+00 1.214591064453125000e+03
1.085858585858585856e+00 1.085218627929687500e+03
1.095959595959596022e+00 1.053491088867187500e+03
1.106060606060605966e+00 1.129309448242187500e+03
1.116161616161616355e+00 1.031459350585937500e+03
1.126262626262626299e+00 9.559892578125000000e+02
1.136363636363636465e+00 7.266447143554687500e+02
1.146464646464646631e+00 9.272028198242187500e+02
1.156565656565656575e+00 7.983363037109375000e+02
1.166666666666666741e+00 7.857477416992187500e+02
1.176767676767676907e+00 9.176539306640625000e+02
1.186868686868686851e+00 7.732166748046875000e+02
1.196969696969697017e+00 7.305769653320312500e+02
1.207070707070707183e+00 8.961629028320312500e+02
1.217171717171717127e+00 6.069299926757812500e+02
1.227272727272727293e+00 8.212484741210937500e+02
1.237373737373737459e+00 7.519005126953125000e+02
1.247474747474747403e+00 7.585065917968750000e+02
1.257575757575757791e+00 7.098878173828125000e+02
1.267676767676767735e+00 9.215776977539062500e+02
1.277777777777777679e+00 6.970592651367187500e+02
1.287878787878788067e+00 7.202625732421875000e+02
1.297979797979798011e+00 7.969577026367187500e+02
1.308080808080808177e+00 8.482454833984375000e+02
1.318181818181818343e+00 6.368381958007812500e+02
1.328282828282828287e+00 5.496724853515625000e+02
1.338383838383838453e+00 6.040667114257812500e+02
1.348484848484848619e+00 4.350098571777343750e+02
1.358585858585858563e+00 4.617371826171875000e+02
1.368686868686868729e+00 3.638777160644531250e+02
1.378787878787878896e+00 3.684513854980468750e+02
1.388888888888888840e+00 5.059867858886718750e+02
1.398989898989899228e+00 6.223892822265625000e+02
1.409090909090909172e+00 5.070368652343750000e+02
1.419191919191919116e+00 4.288724060058593750e+02
1.429292929292929504e+00 5.394125976562500000e+02
1.439393939393939448e+00 3.119308471679687500e+02
1.449494949494949614e+00 3.910273742675781250e+02
1.459595959595959780e+00 4.199892272949218750e+02
1.469696969696969724e+00 3.805156555175781250e+02
1.479797979797979890e+00 4.516954650878906250e+02
1.489898989898990056e+00 3.631000976562500000e+02
1.500000000000000000e+00 2.882990112304687500e+02
