5.000000000000000000e-01 5.706180632114410400e-02
5.101010101010100550e-01 4.030585661530494690e-02
5.202020202020202211e-01 1.131273992359638214e-02
5.303030303030302761e-01 1.864702999591827393e-02
5.404040404040404422e-01 4.614907130599021912e-02
5.505050505050504972e-01 6.169685721397399902e-02
5.606060606060605522e-01 6.158139184117317200e-02
5.707070707070707183e-01 4.515776038169860840e-02
5.808080808080807733e-01 1.743924245238304138e-02
5.909090909090909394e-01 1.582267880439758301e-02
6.010101010101009944e-01 4.671361669898033142e-02
6.111111111111111605e-01 6.703600287437438965e-02
6.212121212121212155e-01 7.561191171407699585e-02
6.313131313131312705e-01 6.242760643362998962e-02
6.414141414141414366e-01 9.027934074401855469e-02
6.515151515151514916e-01 4.638002216815948486e-01
6.616161616161616577e-01 1.758275270462036133e+00
6.717171717171717127e-01 3.314125776290893555e+00
6.818181818181818787e-01 3.485120773315429688e+00
6.919191919191919338e-01 4.118713855743408203e+00
7.020202020202019888e-01 5.492312431335449219e+00
7.121212121212121549e-01 8.907979011535644531e+00
7.222222222222222099e-01 1.514834022521972656e+01
7.323232323232323759e-01 2.149299621582031250e+01
7.424242424242424310e-01 2.583603858947753906e+01
7.525252525252525970e-01 3.022778320312500000e+01
7.626262626262626521e-01 3.736967086791992188e+01
7.727272727272727071e-01 4.432786560058593750e+01
7.828282828282828731e-01 5.268683624267578125e+01
7.929292929292929282e-01 7.048437500000000000e+01
8.030303030303029832e-01 9.671858978271484375e+01
8.131313131313131493e-01 1.160980377197265625e+02
8.232323232323233153e-01 1.344838562011718750e+02
8.333333333333333703e-01 1.694100799560546875e+02
8.434343434343434254e-01 2.066780700683593750e+02
8.535353535353535914e-01 2.392786865234375000e+02
8.636363636363636465e-01 2.745728759765625000e+02
8.737373737373737015e-01 3.236524963378906250e+02
8.838383838383838675e-01 3.908423156738281250e+02
8.939393939393940336e-01 4.511644897460937500e+02
9.040404040404040886e-01 5.036996765136718750e+02
9.141414141414141437e-01 5.601584472656250000e+02
9.242424242424243097e-01 6.128210449218750000e+02
9.343434343434343647e-01 6.709320068359375000e+02
9.444444444444444198e-01 7.334020996093750000e+02
9.545454545454545858e-01 7.852245483398437500e+02
9.646464646464647519e-01 8.339061889648437500e+02
9.747474747474748069e-01 8.708992309570312500e+02
9.848484848484848619e-01 8.980892333984375000e+02
9.949494949494950280e-01 9.301469116210937500e+02
1.005050505050505194e+00 9.597365722656250000e+02
1.015151515151515138e+00 9.972727050781250000e+02
1.025252525252525304e+00 1.030052490234375000e+03
1.035353535353535470e+00 1.037163208007812500e+03
1.045454545454545414e+00 1.000097045898437500e+03
1.055555555555555580e+00 9.295438842773437500e+02
1.065656565656565746e+00 8.807625732421875000e+02
1.075757575757575690e+00 8.431959228515625000e+02
1.085858585858585856e+00 8.044277343750000000e+02
1.095959595959596022e+00 7.678616333007812500e+02
1.106060606060605966e+00 7.178876953125000000e+02
1.116161616161616355e+00 6.522021484375000000e+02
1.126262626262626299e+00 5.839065551757812500e+02
1.136363636363636465e+00 5.305358276367187500e+02
1.146464646464646631e+00 4.701303405761718750e+02
1.156565656565656575e+00 4.012922363281250000e+02
1.166666666666666741e+00 3.483075561523437500e+02
1.176767676767676907e+00 3.022970886230468750e+02
1.186868686868686851e+00 2.546006469726562500e+02
1.196969696969697017e+00 2.161062316894531250e+02
1.207070707070707183e+00 1.837846527099609375e+02
1.217171717171717127e+00 1.493656005859375000e+02
1.227272727272727293e+00 1.153518295288085938e+02
1.237373737373737459e+00 9.049201965332031250e+01
1.247474747474747403e+00 7.971988677978515625e+01
1.257575757575757791e+00 7.015253448486328125e+01
1.267676767676767735e+00 5.756287765502929688e+01
1.277777777777777679e+00 4.635221481323242188e+01
1.287878787878788067e+00 3.878167724609375000e+01
1.297979797979798011e+00 3.128831481933593750e+01
1.308080808080808177e+00 2.155418777465820312e+01
1.318181818181818343e+00 1.492032337188720703e+01
1.328282828282828287e+00 1.454977130889892578e+01
1.338383838383838453e+00 1.458509922027587891e+01
1.348484848484848619e+00 1.137897682189941406e+01
1.358585858585858563e+00 6.523965835571289062e+00
1.368686868686868729e+00 4.035424709320068359e+00
1.378787878787878896e+00 4.101672649383544922e+00
1.388888888888888840e+00 3.985885858535766602e+00
1.398989898989899228e+00 1.964629173278808594e+00
1.409090909090909172e+00 3.888253271579742432e-01
1.419191919191919116e+00 3.342735767364501953e-02
1.429292929292929504e+00 1.156404963694512844e-03
1.439393939393939448e+00 4.572987090796232224e-04
1.449494949494949614e+00 1.091719372197985649e-03
1.459595959595959780e+00 1.734683639369904995e-03
1.469696969696969724e+00 1.782270497642457485e-03
1.479797979797979890e+00 1.521631493233144283e-03
1.489898989898990056e+00 6.640731007792055607e-04
1.500000000000000000e+00 4.738071293104439974e-04
