5.000000000000000000e-01 5.880479500000000000e+06
5.101010101010100550e-01 5.303079500000000000e+06
5.202020202020202211e-01 4.196476000000000000e+06
5.303030303030302761e-01 4.423508000000000000e+06
5.404040404040404422e-01 5.524018500000000000e+06
5.505050505050504972e-01 6.196800000000000000e+06
5.606060606060605522e-01 6.069635000000000000e+06
5.707070707070707183e-01 5.301702000000000000e+06
5.808080808080807733e-01 4.680615000000000000e+06
5.909090909090909394e-01 4.475506000000000000e+06
6.010101010101009944e-01 5.426586000000000000e+06
6.111111111111111605e-01 6.429248500000000000e+06
6.212121212121212155e-01 6.399492500000000000e+06
6.313131313131312705e-01 5.901380500000000000e+06
6.414141414141414366e-01 5.007930500000000000e+06
6.515151515151514916e-01 4.887489500000000000e+06
6.616161616161616577e-01 5.293751500000000000e+06
6.717171717171717127e-01 6.144767000000000000e+06
6.818181818181818787e-01 6.788458000000000000e+06
6.919191919191919338e-01 6.638303000000000000e+06
7.020202020202019888e-01 5.845521500000000000e+06
7.121212121212121549e-01 5.098902500000000000e+06
7.222222222222222099e-01 4.895072000000000000e+06
7.323232323232323759e-01 5.706558000000000000e+06
7.424242424242424310e-01 6.334541000000000000e+06
7.525252525252525970e-01 6.681617500000000000e+06
7.626262626262626521e-01 6.792082000000000000e+06
7.727272727272727071e-01 6.186839500000000000e+06
7.828282828282828731e-01 5.639488500000000000e+06
7.929292929292929282e-01 4.951137000000000000e+06
8.030303030303029832e-01 5.293901500000000000e+06
8.131313131313131493e-01 6.301908500000000000e+06
8.232323232323233153e-01 6.841388500000000000e+06
8.333333333333333703e-01 7.012252500000000000e+06
8.434343434343434254e-01 7.003645000000000000e+06
8.535353535353535914e-01 6.615820500000000000e+06
8.636363636363636465e-01 6.590851500000000000e+06
8.737373737373737015e-01 6.077373000000000000e+06
8.838383838383838675e-01 5.748065500000000000e+06
8.939393939393940336e-01 5.964659500000000000e+06
9.040404040404040886e-01 6.536947000000000000e+06
9.141414141414141437e-01 6.974118000000000000e+06
9.242424242424243097e-01 7.852469500000000000e+06
9.343434343434343647e-01 7.640034000000000000e+06
9.444444444444444198e-01 7.889825000000000000e+06
9.545454545454545858e-01 7.002437000000000000e+06
9.646464646464647519e-01 7.087719000000000000e+06
9.747474747474748069e-01 6.720165000000000000e+06
9.848484848484848619e-01 6.530821500000000000e+06
9.949494949494950280e-01 6.536616500000000000e+06
1.005050505050505194e+00 6.812239500000000000e+06
1.015151515151515138e+00 7.494924000000000000e+06
1.025252525252525304e+00 8.323605000000000000e+06
1.035353535353535470e+00 8.316061500000000000e+06
1.045454545454545414e+00 8.447484000000000000e+06
1.055555555555555580e+00 8.997237000000000000e+06
1.065656565656565746e+00 9.138046000000000000e+06
1.075757575757575690e+00 9.199706000000000000e+06
1.085858585858585856e+00 9.673294000000000000e+06
1.095959595959596022e+00 1.027700900000000000e+07
1.106060606060605966e+00 1.041423900000000000e+07
1.116161616161616355e+00 1.051660900000000000e+07
1.126262626262626299e+00 1.109206400000000000e+07
1.136363636363636465e+00 1.149160400000000000e+07
1.146464646464646631e+00 1.106679600000000000e+07
1.156565656565656575e+00 1.221545900000000000e+07
1.166666666666666741e+00 1.291943000000000000e+07
1.176767676767676907e+00 1.390024900000000000e+07
1.186868686868686851e+00 1.492998100000000000e+07
1.196969696969697017e+00 1.611430700000000000e+07
1.207070707070707183e+00 1.631340500000000000e+07
1.217171717171717127e+00 1.693105200000000000e+07
1.227272727272727293e+00 1.627547600000000000e+07
1.237373737373737459e+00 1.490714400000000000e+07
1.247474747474747403e+00 1.358115900000000000e+07
1.257575757575757791e+00 1.152918900000000000e+07
1.267676767676767735e+00 1.005745600000000000e+07
1.277777777777777679e+00 8.405166000000000000e+06
1.287878787878788067e+00 7.081649500000000000e+06
1.297979797979798011e+00 6.080451500000000000e+06
1.308080808080808177e+00 5.157670500000000000e+06
1.318181818181818343e+00 4.497044500000000000e+06
1.328282828282828287e+00 4.105230250000000000e+06
1.338383838383838453e+00 3.388014000000000000e+06
1.348484848484848619e+00 3.033735000000000000e+06
1.358585858585858563e+00 2.726394250000000000e+06
1.368686868686868729e+00 2.512629750000000000e+06
1.378787878787878896e+00 1.991174250000000000e+06
1.388888888888888840e+00 1.721477750000000000e+06
1.398989898989899228e+00 1.418529875000000000e+06
1.409090909090909172e+00 1.247729500000000000e+06
1.419191919191919116e+00 1.146439875000000000e+06
1.429292929292929504e+00 1.097038000000000000e+06
1.439393939393939448e+00 9.857201250000000000e+05
1.449494949494949614e+00 8.256166875000000000e+05
1.459595959595959780e+00 6.668113125000000000e+05
1.469696969696969724e+00 5.269881875000000000e+05
1.479797979797979890e+00 4.807829687500000000e+05
1.489898989898990056e+00 4.982799375000000000e+05
1.500000000000000000e+00 4.238426562500000000e+05
