5.000000000000000000e-01 1.030224132537841797e+01
5.101010101010100550e-01 1.459348392486572266e+01
5.202020202020202211e-01 2.110738182067871094e+01
5.303030303030302761e-01 2.377773284912109375e+01
5.404040404040404422e-01 2.462563896179199219e+01
5.505050505050504972e-01 3.076636505126953125e+01
5.606060606060605522e-01 3.745142364501953125e+01
5.707070707070707183e-01 4.013023757934570312e+01
5.808080808080807733e-01 4.402327728271484375e+01
5.909090909090909394e-01 5.111269378662109375e+01
6.010101010101009944e-01 5.716274642944335938e+01
6.111111111111111605e-01 6.024050140380859375e+01
6.212121212121212155e-01 6.515049743652343750e+01
6.313131313131312705e-01 6.952574157714843750e+01
6.414141414141414366e-01 7.254192352294921875e+01
6.515151515151514916e-01 8.425164031982421875e+01
6.616161616161616577e-01 9.640531158447265625e+01
6.717171717171717127e-01 1.042283096313476562e+02
6.818181818181818787e-01 1.200035934448242188e+02
6.919191919191919338e-01 1.314365386962890625e+02
7.020202020202019888e-01 1.324332427978515625e+02
7.121212121212121549e-01 1.402094421386718750e+02
7.222222222222222099e-01 1.559846954345703125e+02
7.323232323232323759e-01 1.725539093017578125e+02
7.424242424242424310e-01 1.820736999511718750e+02
7.525252525252525970e-01 1.932645721435546875e+02
7.626262626262626521e-01 2.204898376464843750e+02
7.727272727272727071e-01 2.453226318359375000e+02
7.828282828282828731e-01 2.580230712890625000e+02
7.929292929292929282e-01 2.681909790039062500e+02
8.030303030303029832e-01 2.757065429687500000e+02
8.131313131313131493e-01 2.794837036132812500e+02
8.232323232323233153e-01 2.899922180175781250e+02
8.333333333333333703e-01 3.133871459960937500e+02
8.434343434343434254e-01 3.322056579589843750e+02
8.535353535353535914e-01 3.386626281738281250e+02
8.636363636363636465e-01 3.403898925781250000e+02
8.737373737373737015e-01 3.541886596679687500e+02
8.838383838383838675e-01 3.887012634277343750e+02
8.939393939393940336e-01 4.202409667968750000e+02
9.040404040404040886e-01 4.336989135742187500e+02
9.141414141414141437e-01 4.312536010742187500e+02
9.242424242424243097e-01 4.269591979980468750e+02
9.343434343434343647e-01 4.373070678710937500e+02
9.444444444444444198e-01 4.569654541015625000e+02
9.545454545454545858e-01 4.745742492675781250e+02
9.646464646464647519e-01 4.898319091796875000e+02
9.747474747474748069e-01 4.963552551269531250e+02
9.848484848484848619e-01 4.911910705566406250e+02
9.949494949494950280e-01 4.973239440917968750e+02
1.005050505050505194e+00 5.255011596679687500e+02
1.015151515151515138e+00 5.458446044921875000e+02
1.025252525252525304e+00 5.374464721679687500e+02
1.035353535353535470e+00 5.202272949218750000e+02
1.045454545454545414e+00 4.970007629394531250e+02
1.055555555555555580e+00 4.807732238769531250e+02
1.065656565656565746e+00 4.842927246093750000e+02
1.075757575757575690e+00 4.896279296875000000e+02
1.085858585858585856e+00 4.892725524902343750e+02
1.095959595959596022e+00 4.838004760742187500e+02
1.106060606060605966e+00 4.757253723144531250e+02
1.116161616161616355e+00 4.623853454589843750e+02
1.126262626262626299e+00 4.545814208984375000e+02
1.136363636363636465e+00 4.509668579101562500e+02
1.146464646464646631e+00 4.444607849121093750e+02
1.156565656565656575e+00 4.152380981445312500e+02
1.166666666666666741e+00 3.774296875000000000e+02
1.176767676767676907e+00 3.519981384277343750e+02
1.186868686868686851e+00 3.320658569335937500e+02
1.196969696969697017e+00 3.258356018066406250e+02
1.207070707070707183e+00 3.239216308593750000e+02
1.217171717171717127e+00 3.114388122558593750e+02
1.227272727272727293e+00 2.918242797851562500e+02
1.237373737373737459e+00 2.857820739746093750e+02
1.247474747474747403e+00 2.833233642578125000e+02
1.257575757575757791e+00 2.607757263183593750e+02
1.267676767676767735e+00 2.286425476074218750e+02
1.277777777777777679e+00 2.043509979248046875e+02
1.287878787878788067e+00 1.928479156494140625e+02
1.297979797979798011e+00 1.887397460937500000e+02
1.308080808080808177e+00 1.770985717773437500e+02
1.318181818181818343e+00 1.610848693847656250e+02
1.328282828282828287e+00 1.449292907714843750e+02
1.338383838383838453e+00 1.272567367553710938e+02
1.348484848484848619e+00 1.203457946777343750e+02
1.358585858585858563e+00 1.193856887817382812e+02
1.368686868686868729e+00 1.164251556396484375e+02
1.378787878787878896e+00 1.074761047363281250e+02
1.388888888888888840e+00 9.632939910888671875e+01
1.398989898989899228e+00 9.109196472167968750e+01
1.409090909090909172e+00 8.128240966796875000e+01
1.419191919191919116e+00 6.753474426269531250e+01
1.429292929292929504e+00 5.859476470947265625e+01
1.439393939393939448e+00 5.303850936889648438e+01
1.449494949494949614e+00 4.568882369995117188e+01
1.459595959595959780e+00 3.750998306274414062e+01
1.469696969696969724e+00 3.500513076782226562e+01
1.479797979797979890e+00 3.571939086914062500e+01
1.489898989898990056e+00 3.220261383056640625e+01
1.500000000000000000e+00 2.866434097290039062e+01
