5.000000000000000000e-01 1.078877080940030061e+25
5.101010101010100550e-01 1.019866292524684587e+25
5.202020202020202211e-01 1.016510253316924516e+25
5.303030303030302761e-01 1.110479120549905579e+25
5.404040404040404422e-01 1.183704393487699330e+25
5.505050505050504972e-01 1.213702373408215342e+25
5.606060606060605522e-01 1.168225961119750566e+25
5.707070707070707183e-01 1.087711918429832329e+25
5.808080808080807733e-01 1.096523812781692921e+25
5.909090909090909394e-01 1.177592180131026130e+25
6.010101010101009944e-01 1.274115344957463663e+25
6.111111111111111605e-01 1.276155670144166400e+25
6.212121212121212155e-01 1.228978813928556986e+25
6.313131313131312705e-01 1.152894065075037333e+25
6.414141414141414366e-01 1.130876146640808073e+25
6.515151515151514916e-01 1.197557437118453360e+25
6.616161616161616577e-01 1.244681720113452702e+25
6.717171717171717127e-01 1.272325549613711993e+25
6.818181818181818787e-01 1.223039769381875735e+25
6.919191919191919338e-01 1.137478236344788721e+25
7.020202020202019888e-01 1.098292970830512128e+25
7.121212121212121549e-01 1.095714807761910297e+25
7.222222222222222099e-01 1.138143356760796411e+25
7.323232323232323759e-01 1.163071018488352432e+25
7.424242424242424310e-01 1.140364575331571963e+25
7.525252525252525970e-01 1.071216263418368945e+25
7.626262626262626521e-01 9.841412903221845232e+24
7.727272727272727071e-01 9.318772256135726271e+24
7.828282828282828731e-01 9.195980351287574034e+24
7.929292929292929282e-01 9.455089083154421430e+24
8.030303030303029832e-01 9.488694439170701806e+24
8.131313131313131493e-01 9.248413491934836524e+24
8.232323232323233153e-01 8.845785632410014996e+24
8.333333333333333703e-01 8.058581781818753646e+24
8.434343434343434254e-01 7.343934163816162693e+24
8.535353535353535914e-01 6.949894993039909871e+24
8.636363636363636465e-01 6.835461192639404971e+24
8.737373737373737015e-01 6.874889378714702227e+24
8.838383838383838675e-01 6.960907122791162170e+24
8.939393939393940336e-01 6.824439263055363514e+24
9.040404040404040886e-01 6.562201502225013135e+24
9.141414141414141437e-01 6.061186780261557106e+24
9.242424242424243097e-01 5.572993121890081519e+24
9.343434343434343647e-01 5.030759726754673801e+24
9.444444444444444198e-01 4.588429574066834739e+24
9.545454545454545858e-01 4.400938884914283918e+24
9.646464646464647519e-01 4.365705027272746371e+24
9.747474747474748069e-01 4.340028600674023434e+24
9.848484848484848619e-01 4.383015855434042026e+24
9.949494949494950280e-01 4.320132922499399227e+24
1.005050505050505194e+00 4.270239956157161772e+24
1.015151515151515138e+00 4.093894559189645341e+24
1.025252525252525304e+00 3.851870682869190659e+24
1.035353535353535470e+00 3.539519171228470614e+24
1.045454545454545414e+00 3.287333156536035031e+24
1.055555555555555580e+00 2.947157901994261796e+24
1.065656565656565746e+00 2.681144611466700145e+24
1.075757575757575690e+00 2.457465445666797308e+24
1.085858585858585856e+00 2.259373066818634226e+24
1.095959595959596022e+00 2.129416475395290814e+24
1.106060606060605966e+00 1.991924821363401278e+24
1.116161616161616355e+00 1.894773746662517242e+24
1.126262626262626299e+00 1.841592648189141060e+24
1.136363636363636465e+00 1.766931325048246636e+24
1.146464646464646631e+00 1.713500330838746919e+24
1.156565656565656575e+00 1.626046478913111073e+24
1.166666666666666741e+00 1.576222543745961953e+24
1.176767676767676907e+00 1.505590104802916156e+24
1.186868686868686851e+00 1.436937520313656467e+24
1.196969696969697017e+00 1.344152559350718560e+24
1.207070707070707183e+00 1.275789646389491341e+24
1.217171717171717127e+00 1.172808752042968745e+24
1.227272727272727293e+00 1.087179182225591120e+24
1.237373737373737459e+00 9.940431566645004285e+23
1.247474747474747403e+00 9.026798199743368019e+23
1.257575757575757791e+00 8.164370400316964104e+23
1.267676767676767735e+00 7.442377807638899081e+23
1.277777777777777679e+00 6.788938648200697558e+23
1.287878787878788067e+00 6.176007385826857604e+23
1.297979797979798011e+00 5.906743649289839061e+23
1.308080808080808177e+00 5.785703824840719042e+23
1.318181818181818343e+00 5.796876354796299768e+23
1.328282828282828287e+00 5.946513676591252248e+23
1.338383838383838453e+00 6.061261431928980400e+23
1.348484848484848619e+00 5.971972705428762756e+23
1.358585858585858563e+00 5.710084784217466518e+23
1.368686868686868729e+00 5.115528208323298187e+23
1.378787878787878896e+00 4.267872575962639688e+23
1.388888888888888840e+00 3.358191207806013580e+23
1.398989898989899228e+00 2.537295063711265094e+23
1.409090909090909172e+00 2.246924396872641796e+23
1.419191919191919116e+00 2.455487897056020414e+23
1.429292929292929504e+00 2.760118761754749651e+23
1.439393939393939448e+00 2.755851150747853369e+23
1.449494949494949614e+00 2.390956538571368956e+23
1.459595959595959780e+00 1.692641711006196863e+23
1.469696969696969724e+00 1.134530064736561534e+23
1.479797979797979890e+00 1.218010408725366901e+23
1.489898989898990056e+00 1.494989532000011483e+23
1.500000000000000000e+00 1.413554002386017415e+23
