5.000000000000000000e-01 5.744708500000000000e+06
5.101010101010100550e-01 5.536786500000000000e+06
5.202020202020202211e-01 5.100119500000000000e+06
5.303030303030302761e-01 5.458644500000000000e+06
5.404040404040404422e-01 6.217230500000000000e+06
5.505050505050504972e-01 6.623286000000000000e+06
5.606060606060605522e-01 6.617772500000000000e+06
5.707070707070707183e-01 6.724901500000000000e+06
5.808080808080807733e-01 6.678760500000000000e+06
5.909090909090909394e-01 7.200313000000000000e+06
6.010101010101009944e-01 7.966680000000000000e+06
6.111111111111111605e-01 8.208728500000000000e+06
6.212121212121212155e-01 8.381503500000000000e+06
6.313131313131312705e-01 8.847832000000000000e+06
6.414141414141414366e-01 8.771981000000000000e+06
6.515151515151514916e-01 9.958666000000000000e+06
6.616161616161616577e-01 1.067141300000000000e+07
6.717171717171717127e-01 1.165637500000000000e+07
6.818181818181818787e-01 1.234304000000000000e+07
6.919191919191919338e-01 1.313387300000000000e+07
7.020202020202019888e-01 1.429769000000000000e+07
7.121212121212121549e-01 1.490938500000000000e+07
7.222222222222222099e-01 1.633059500000000000e+07
7.323232323232323759e-01 1.653182800000000000e+07
7.424242424242424310e-01 1.778192800000000000e+07
7.525252525252525970e-01 1.820559000000000000e+07
7.626262626262626521e-01 1.744225600000000000e+07
7.727272727272727071e-01 1.627153100000000000e+07
7.828282828282828731e-01 1.495375400000000000e+07
7.929292929292929282e-01 1.446855800000000000e+07
8.030303030303029832e-01 1.319578700000000000e+07
8.131313131313131493e-01 1.167918700000000000e+07
8.232323232323233153e-01 1.086358600000000000e+07
8.333333333333333703e-01 9.670611000000000000e+06
8.434343434343434254e-01 8.358484500000000000e+06
8.535353535353535914e-01 7.829166000000000000e+06
8.636363636363636465e-01 7.339763500000000000e+06
8.737373737373737015e-01 6.809900000000000000e+06
8.838383838383838675e-01 6.248131000000000000e+06
8.939393939393940336e-01 5.801823000000000000e+06
9.040404040404040886e-01 5.230991500000000000e+06
9.141414141414141437e-01 4.670521500000000000e+06
9.242424242424243097e-01 4.335488000000000000e+06
9.343434343434343647e-01 3.870473500000000000e+06
9.444444444444444198e-01 3.544230500000000000e+06
9.545454545454545858e-01 3.381533250000000000e+06
9.646464646464647519e-01 3.207077250000000000e+06
9.747474747474748069e-01 3.090821750000000000e+06
9.848484848484848619e-01 3.011725250000000000e+06
9.949494949494950280e-01 2.787258250000000000e+06
1.005050505050505194e+00 2.704197000000000000e+06
1.015151515151515138e+00 2.582004500000000000e+06
1.025252525252525304e+00 2.407769250000000000e+06
1.035353535353535470e+00 2.102606500000000000e+06
1.045454545454545414e+00 1.921807375000000000e+06
1.055555555555555580e+00 1.723561375000000000e+06
1.065656565656565746e+00 1.541144750000000000e+06
1.075757575757575690e+00 1.456414875000000000e+06
1.085858585858585856e+00 1.365374750000000000e+06
1.095959595959596022e+00 1.294191500000000000e+06
1.106060606060605966e+00 1.220281875000000000e+06
1.116161616161616355e+00 1.149294000000000000e+06
1.126262626262626299e+00 1.095645750000000000e+06
1.136363636363636465e+00 1.054271375000000000e+06
1.146464646464646631e+00 1.021645500000000000e+06
1.156565656565656575e+00 9.394932500000000000e+05
1.166666666666666741e+00 9.016163125000000000e+05
1.176767676767676907e+00 8.233110000000000000e+05
1.186868686868686851e+00 8.125314375000000000e+05
1.196969696969697017e+00 7.259487500000000000e+05
1.207070707070707183e+00 7.083679375000000000e+05
1.217171717171717127e+00 6.433346875000000000e+05
1.227272727272727293e+00 6.084126250000000000e+05
1.237373737373737459e+00 5.494081250000000000e+05
1.247474747474747403e+00 5.185629062500000000e+05
1.257575757575757791e+00 4.605270000000000000e+05
1.267676767676767735e+00 4.066040312500000000e+05
1.277777777777777679e+00 3.775848750000000000e+05
1.287878787878788067e+00 3.267278750000000000e+05
1.297979797979798011e+00 3.073857812500000000e+05
1.308080808080808177e+00 2.901445000000000000e+05
1.318181818181818343e+00 2.879424687500000000e+05
1.328282828282828287e+00 2.937319062500000000e+05
1.338383838383838453e+00 2.935306250000000000e+05
1.348484848484848619e+00 2.869524687500000000e+05
1.358585858585858563e+00 2.777338750000000000e+05
1.368686868686868729e+00 2.524321093750000000e+05
1.378787878787878896e+00 2.208680937500000000e+05
1.388888888888888840e+00 1.804352500000000000e+05
1.398989898989899228e+00 1.336048125000000000e+05
1.409090909090909172e+00 1.122389062500000000e+05
1.419191919191919116e+00 1.180060703125000000e+05
1.429292929292929504e+00 1.325265625000000000e+05
1.439393939393939448e+00 1.336247812500000000e+05
1.449494949494949614e+00 1.173247812500000000e+05
1.459595959595959780e+00 8.495661718750000000e+04
1.469696969696969724e+00 5.779017968750000000e+04
1.479797979797979890e+00 5.947823437500000000e+04
1.489898989898990056e+00 7.015915625000000000e+04
1.500000000000000000e+00 7.004204687500000000e+04
