5.000000000000000000e-01 5.669177532196044922e+00
5.101010101010100550e-01 3.855251789093017578e+00
5.202020202020202211e-01 9.469137191772460938e-01
5.303030303030302761e-01 2.255611896514892578e+00
5.404040404040404422e-01 4.884869575500488281e+00
5.505050505050504972e-01 6.241831779479980469e+00
5.606060606060605522e-01 5.973100185394287109e+00
5.707070707070707183e-01 4.152734279632568359e+00
5.808080808080807733e-01 1.250153541564941406e+00
5.909090909090909394e-01 2.004271745681762695e+00
6.010101010101009944e-01 4.807870864868164062e+00
6.111111111111111605e-01 6.484001159667968750e+00
6.212121212121212155e-01 6.639040946960449219e+00
6.313131313131312705e-01 5.243448734283447266e+00
6.414141414141414366e-01 2.623754739761352539e+00
6.515151515151514916e-01 6.273414492607116699e-01
6.616161616161616577e-01 3.792759180068969727e+00
6.717171717171717127e-01 6.192917823791503906e+00
6.818181818181818787e-01 7.327247142791748047e+00
6.919191919191919338e-01 6.968805789947509766e+00
7.020202020202019888e-01 5.198132991790771484e+00
7.121212121212121549e-01 2.367911815643310547e+00
7.222222222222222099e-01 9.766318798065185547e-01
7.323232323232323759e-01 4.212917804718017578e+00
7.424242424242424310e-01 6.757982730865478516e+00
7.525252525252525970e-01 8.169133186340332031e+00
7.626262626262626521e-01 8.212649345397949219e+00
7.727272727272727071e-01 6.886655330657958984e+00
7.828282828282828731e-01 4.408486366271972656e+00
7.929292929292929282e-01 1.161507964134216309e+00
8.030303030303029832e-01 2.371273756027221680e+00
8.131313131313131493e-01 5.697669029235839844e+00
8.232323232323233153e-01 8.297248840332031250e+00
8.333333333333333703e-01 1.013871288299560547e+01
8.434343434343434254e-01 1.027319812774658203e+01
8.535353535353535914e-01 9.631285667419433594e+00
8.636363636363636465e-01 7.584426403045654297e+00
8.737373737373737015e-01 4.629841804504394531e+00
8.838383838383838675e-01 9.914769530296325684e-01
8.939393939393940336e-01 3.004381179809570312e+00
9.040404040404040886e-01 7.039571285247802734e+00
9.141414141414141437e-01 1.083104896545410156e+01
9.242424242424243097e-01 1.415738487243652344e+01
9.343434343434343647e-01 1.687727355957031250e+01
9.444444444444444198e-01 1.893850898742675781e+01
9.545454545454545858e-01 2.039571571350097656e+01
9.646464646464647519e-01 2.143124008178710938e+01
9.747474747474748069e-01 2.100474357604980469e+01
9.848484848484848619e-01 8.054755401611328125e+01
9.949494949494950280e-01 8.540596313476562500e+02
1.005050505050505194e+00 4.925648925781250000e+03
1.015151515151515138e+00 9.800615234375000000e+03
1.025252525252525304e+00 7.142623046875000000e+03
1.035353535353535470e+00 1.827284667968750000e+03
1.045454545454545414e+00 1.981994628906250000e+02
1.055555555555555580e+00 1.344695472717285156e+01
1.065656565656565746e+00 1.650515747070312500e+01
1.075757575757575690e+00 1.181760215759277344e+01
1.085858585858585856e+00 1.037497615814208984e+01
1.095959595959596022e+00 7.931896686553955078e+00
1.106060606060605966e+00 6.328146457672119141e+00
1.116161616161616355e+00 5.006462097167968750e+00
1.126262626262626299e+00 3.964501142501831055e+00
1.136363636363636465e+00 3.150127410888671875e+00
1.146464646464646631e+00 2.522537708282470703e+00
1.156565656565656575e+00 2.047458887100219727e+00
1.166666666666666741e+00 1.696594357490539551e+00
1.176767676767676907e+00 1.446045517921447754e+00
1.186868686868686851e+00 1.275774359703063965e+00
1.196969696969697017e+00 1.168977022171020508e+00
1.207070707070707183e+00 1.111472725868225098e+00
1.217171717171717127e+00 1.091251492500305176e+00
1.227272727272727293e+00 1.097706794738769531e+00
1.237373737373737459e+00 1.121755123138427734e+00
1.247474747474747403e+00 1.154874086380004883e+00
1.257575757575757791e+00 1.189232707023620605e+00
1.267676767676767735e+00 1.217469453811645508e+00
1.277777777777777679e+00 1.232228040695190430e+00
1.287878787878788067e+00 1.227036356925964355e+00
1.297979797979798011e+00 1.195795297622680664e+00
1.308080808080808177e+00 1.133484601974487305e+00
1.318181818181818343e+00 1.037011504173278809e+00
1.328282828282828287e+00 9.054905176162719727e-01
1.338383838383838453e+00 7.411738634109497070e-01
1.348484848484848619e+00 5.501884222030639648e-01
1.358585858585858563e+00 3.427431285381317139e-01
1.368686868686868729e+00 1.330372691154479980e-01
1.378787878787878896e+00 6.161893904209136963e-02
1.388888888888888840e+00 2.225780189037322998e-01
1.398989898989899228e+00 3.327973186969757080e-01
1.409090909090909172e+00 3.798868358135223389e-01
1.419191919191919116e+00 3.598160445690155029e-01
1.429292929292929504e+00 2.795717120170593262e-01
1.439393939393939448e+00 1.578663885593414307e-01
1.449494949494949614e+00 2.283003367483615875e-02
1.459595959595959780e+00 9.336359798908233643e-02
1.469696969696969724e+00 1.628512591123580933e-01
1.479797979797979890e+00 1.709429919719696045e-01
1.489898989898990056e+00 1.221490651369094849e-01
1.500000000000000000e+00 4.032327607274055481e-02
