5.000000000000000000e-01 4.598695983886718750e+02
5.101010101010100550e-01 3.842216796875000000e+02
5.202020202020202211e-01 2.945520935058593750e+02
5.303030303030302761e-01 3.026318359375000000e+02
5.404040404040404422e-01 3.935323486328125000e+02
5.505050505050504972e-01 4.576885375976562500e+02
5.606060606060605522e-01 4.652989196777343750e+02
5.707070707070707183e-01 3.853494567871093750e+02
5.808080808080807733e-01 3.077391357421875000e+02
5.909090909090909394e-01 3.091221008300781250e+02
6.010101010101009944e-01 3.868724975585937500e+02
6.111111111111111605e-01 4.604314575195312500e+02
6.212121212121212155e-01 4.740068054199218750e+02
6.313131313131312705e-01 4.222426452636718750e+02
6.414141414141414366e-01 3.515880737304687500e+02
6.515151515151514916e-01 3.095763854980468750e+02
6.616161616161616577e-01 3.541563415527343750e+02
6.717171717171717127e-01 4.287625427246093750e+02
6.818181818181818787e-01 4.766750793457031250e+02
6.919191919191919338e-01 4.782767333984375000e+02
7.020202020202019888e-01 4.219630432128906250e+02
7.121212121212121549e-01 3.466138610839843750e+02
7.222222222222222099e-01 3.262475280761718750e+02
7.323232323232323759e-01 3.665568542480468750e+02
7.424242424242424310e-01 4.245074462890625000e+02
7.525252525252525970e-01 4.760043334960937500e+02
7.626262626262626521e-01 4.795956726074218750e+02
7.727272727272727071e-01 4.389256896972656250e+02
7.828282828282828731e-01 3.913805541992187500e+02
7.929292929292929282e-01 3.446590576171875000e+02
8.030303030303029832e-01 3.543457031250000000e+02
8.131313131313131493e-01 4.003168640136718750e+02
8.232323232323233153e-01 4.491889038085937500e+02
8.333333333333333703e-01 4.791734619140625000e+02
8.434343434343434254e-01 4.768977050781250000e+02
8.535353535353535914e-01 4.629119873046875000e+02
8.636363636363636465e-01 4.195829467773437500e+02
8.737373737373737015e-01 3.731651306152343750e+02
8.838383838383838675e-01 3.649025268554687500e+02
8.939393939393940336e-01 3.773153686523437500e+02
9.040404040404040886e-01 4.127749938964843750e+02
9.141414141414141437e-01 4.504218750000000000e+02
9.242424242424243097e-01 4.834449157714843750e+02
9.343434343434343647e-01 4.842355346679687500e+02
9.444444444444444198e-01 4.923273925781250000e+02
9.545454545454545858e-01 4.736999816894531250e+02
9.646464646464647519e-01 4.557070617675781250e+02
9.747474747474748069e-01 4.239920959472656250e+02
9.848484848484848619e-01 4.068474731445312500e+02
9.949494949494950280e-01 4.091603088378906250e+02
1.005050505050505194e+00 4.223988647460937500e+02
1.015151515151515138e+00 4.373818969726562500e+02
1.025252525252525304e+00 4.631289062500000000e+02
1.035353535353535470e+00 4.837094421386718750e+02
1.045454545454545414e+00 5.076082153320312500e+02
1.055555555555555580e+00 5.053160400390625000e+02
1.065656565656565746e+00 5.239492797851562500e+02
1.075757575757575690e+00 5.363157348632812500e+02
1.085858585858585856e+00 5.533947753906250000e+02
1.095959595959596022e+00 5.603409423828125000e+02
1.106060606060605966e+00 5.655282592773437500e+02
1.116161616161616355e+00 5.730928344726562500e+02
1.126262626262626299e+00 5.859931640625000000e+02
1.136363636363636465e+00 5.834998168945312500e+02
1.146464646464646631e+00 5.948753662109375000e+02
1.156565656565656575e+00 6.204436645507812500e+02
1.166666666666666741e+00 6.421293945312500000e+02
1.176767676767676907e+00 6.759877929687500000e+02
1.186868686868686851e+00 7.124823608398437500e+02
1.196969696969697017e+00 7.669583740234375000e+02
1.207070707070707183e+00 8.217366943359375000e+02
1.217171717171717127e+00 8.975103149414062500e+02
1.227272727272727293e+00 1.009939025878906250e+03
1.237373737373737459e+00 1.156471923828125000e+03
1.247474747474747403e+00 1.399808837890625000e+03
1.257575757575757791e+00 1.743835449218750000e+03
1.267676767676767735e+00 2.181497802734375000e+03
1.277777777777777679e+00 2.526137695312500000e+03
1.287878787878788067e+00 2.436729980468750000e+03
1.297979797979798011e+00 2.077870361328125000e+03
1.308080808080808177e+00 1.550200927734375000e+03
1.318181818181818343e+00 1.099773315429687500e+03
1.328282828282828287e+00 8.014589843750000000e+02
1.338383838383838453e+00 6.092940673828125000e+02
1.348484848484848619e+00 4.837543334960937500e+02
1.358585858585858563e+00 3.936596679687500000e+02
1.368686868686868729e+00 3.235871276855468750e+02
1.378787878787878896e+00 2.629292907714843750e+02
1.388888888888888840e+00 2.153585357666015625e+02
1.398989898989899228e+00 1.745246276855468750e+02
1.409090909090909172e+00 1.452324218750000000e+02
1.419191919191919116e+00 1.259859542846679688e+02
1.429292929292929504e+00 1.137071228027343750e+02
1.439393939393939448e+00 1.023076248168945312e+02
1.449494949494949614e+00 8.726214599609375000e+01
1.459595959595959780e+00 6.797438812255859375e+01
1.469696969696969724e+00 5.355487823486328125e+01
1.479797979797979890e+00 4.734070587158203125e+01
1.489898989898990056e+00 4.459673309326171875e+01
1.500000000000000000e+00 3.973305511474609375e+01
