5.000000000000000000e-01 1.371713568768000000e+12
5.101010101010100550e-01 1.296001138688000000e+12
5.202020202020202211e-01 1.232570941440000000e+12
5.303030303030302761e-01 1.297810718720000000e+12
5.404040404040404422e-01 1.471150555136000000e+12
5.505050505050504972e-01 1.616274259968000000e+12
5.606060606060605522e-01 1.540400218112000000e+12
5.707070707070707183e-01 1.510344622080000000e+12
5.808080808080807733e-01 1.487510044672000000e+12
5.909090909090909394e-01 1.532520562688000000e+12
6.010101010101009944e-01 1.751738351616000000e+12
6.111111111111111605e-01 1.833974759424000000e+12
6.212121212121212155e-01 1.851592933376000000e+12
6.313131313131312705e-01 1.719806197760000000e+12
6.414141414141414366e-01 1.777094361088000000e+12
6.515151515151514916e-01 1.831503003648000000e+12
6.616161616161616577e-01 1.966939045888000000e+12
6.717171717171717127e-01 2.117287804928000000e+12
6.818181818181818787e-01 2.183214268416000000e+12
6.919191919191919338e-01 2.242721873920000000e+12
7.020202020202019888e-01 2.185223602176000000e+12
7.121212121212121549e-01 2.269720084480000000e+12
7.222222222222222099e-01 2.321419599872000000e+12
7.323232323232323759e-01 2.488801165312000000e+12
7.424242424242424310e-01 2.620599042048000000e+12
7.525252525252525970e-01 2.734837465088000000e+12
7.626262626262626521e-01 2.691760652288000000e+12
7.727272727272727071e-01 2.763222155264000000e+12
7.828282828282828731e-01 2.703962144768000000e+12
7.929292929292929282e-01 2.799821914112000000e+12
8.030303030303029832e-01 2.792157347840000000e+12
8.131313131313131493e-01 2.815586729984000000e+12
8.232323232323233153e-01 2.763087413248000000e+12
8.333333333333333703e-01 2.615400464384000000e+12
8.434343434343434254e-01 2.421872394240000000e+12
8.535353535353535914e-01 2.281197010944000000e+12
8.636363636363636465e-01 2.193893490688000000e+12
8.737373737373737015e-01 2.107085291520000000e+12
8.838383838383838675e-01 1.981712695296000000e+12
8.939393939393940336e-01 1.943333896192000000e+12
9.040404040404040886e-01 1.850525614080000000e+12
9.141414141414141437e-01 1.633423458304000000e+12
9.242424242424243097e-01 1.521211539456000000e+12
9.343434343434343647e-01 1.332713095168000000e+12
9.444444444444444198e-01 1.270739238912000000e+12
9.545454545454545858e-01 1.136085303296000000e+12
9.646464646464647519e-01 1.097398616064000000e+12
9.747474747474748069e-01 1.068261572608000000e+12
9.848484848484848619e-01 1.043472187392000000e+12
9.949494949494950280e-01 9.836532203520000000e+11
1.005050505050505194e+00 9.360791961600000000e+11
1.015151515151515138e+00 8.904773468160000000e+11
1.025252525252525304e+00 8.047998402560000000e+11
1.035353535353535470e+00 7.339296030720000000e+11
1.045454545454545414e+00 6.807481221120000000e+11
1.055555555555555580e+00 6.293465989120000000e+11
1.065656565656565746e+00 5.610231562240000000e+11
1.075757575757575690e+00 5.169360732160000000e+11
1.085858585858585856e+00 4.698131333120000000e+11
1.095959595959596022e+00 4.394480435200000000e+11
1.106060606060605966e+00 4.184046305280000000e+11
1.116161616161616355e+00 3.868342026240000000e+11
1.126262626262626299e+00 3.673071616000000000e+11
1.136363636363636465e+00 3.491162357760000000e+11
1.146464646464646631e+00 3.401834168320000000e+11
1.156565656565656575e+00 3.151053127680000000e+11
1.166666666666666741e+00 3.094849781760000000e+11
1.176767676767676907e+00 2.859614535680000000e+11
1.186868686868686851e+00 2.683071856640000000e+11
1.196969696969697017e+00 2.569749790720000000e+11
1.207070707070707183e+00 2.308193320960000000e+11
1.217171717171717127e+00 2.172686172160000000e+11
1.227272727272727293e+00 1.978841661440000000e+11
1.237373737373737459e+00 1.786946519040000000e+11
1.247474747474747403e+00 1.653570273280000000e+11
1.257575757575757791e+00 1.509203640320000000e+11
1.267676767676767735e+00 1.325943275520000000e+11
1.277777777777777679e+00 1.192311439360000000e+11
1.287878787878788067e+00 1.112688721920000000e+11
1.297979797979798011e+00 1.010961203200000000e+11
1.308080808080808177e+00 9.677338214400000000e+10
1.318181818181818343e+00 9.679024947200000000e+10
1.328282828282828287e+00 9.641270476800000000e+10
1.338383838383838453e+00 9.486663680000000000e+10
1.348484848484848619e+00 9.484335513600000000e+10
1.358585858585858563e+00 9.033970483200000000e+10
1.368686868686868729e+00 7.994842316800000000e+10
1.378787878787878896e+00 6.923451596800000000e+10
1.388888888888888840e+00 5.617577984000000000e+10
1.398989898989899228e+00 4.420389683200000000e+10
1.409090909090909172e+00 3.692644761600000000e+10
1.419191919191919116e+00 3.931304345600000000e+10
1.429292929292929504e+00 4.327517798400000000e+10
1.439393939393939448e+00 4.266686464000000000e+10
1.449494949494949614e+00 3.704573952000000000e+10
1.459595959595959780e+00 2.779863449600000000e+10
1.469696969696969724e+00 1.897614950400000000e+10
1.479797979797979890e+00 1.938707456000000000e+10
1.489898989898990056e+00 2.266848051200000000e+10
1.500000000000000000e+00 2.158916608000000000e+10
