5.000000000000000000e-01 1.134470857679175680e+17
5.101010101010100550e-01 6.220871433715712000e+16
5.202020202020202211e-01 3.941314534886604800e+16
5.303030303030302761e-01 5.387780922277888000e+16
5.404040404040404422e-01 6.893458158308556800e+16
5.505050505050504972e-01 5.556514295958732800e+16
5.606060606060605522e-01 6.552867251735756800e+16
5.707070707070707183e-01 7.390326174410342400e+16
5.808080808080807733e-01 5.988778702484275200e+16
5.909090909090909394e-01 7.048600966974668800e+16
6.010101010101009944e-01 9.811815206748160000e+15
6.111111111111111605e-01 7.870237230130790400e+16
6.212121212121212155e-01 5.882711049135718400e+16
6.313131313131312705e-01 7.595582661486182400e+16
6.414141414141414366e-01 7.825057610150707200e+16
6.515151515151514916e-01 9.458264451108044800e+16
6.616161616161616577e-01 5.983509636605542400e+16
6.717171717171717127e-01 7.522722836276838400e+16
6.818181818181818787e-01 7.453049017807667200e+16
6.919191919191919338e-01 4.951139085084262400e+16
7.020202020202019888e-01 3.972337942659072000e+16
7.121212121212121549e-01 1.199292522745036800e+16
7.222222222222222099e-01 4.796393560893030400e+16
7.323232323232323759e-01 3.986141538051686400e+16
7.424242424242424310e-01 1.787120752105881600e+16
7.525252525252525970e-01 5.774371787584307200e+16
7.626262626262626521e-01 1.639743244310937600e+16
7.727272727272727071e-01 9.865175880433664000e+15
7.828282828282828731e-01 1.744823699426508800e+16
7.929292929292929282e-01 3.283544158974771200e+16
8.030303030303029832e-01 4.033997781650636800e+16
8.131313131313131493e-01 2.843851606510796800e+16
8.232323232323233153e-01 3.789388227228467200e+16
8.333333333333333703e-01 2.284759177966387200e+16
8.434343434343434254e-01 2.742600973733068800e+16
8.535353535353535914e-01 2.429197639640678400e+16
8.636363636363636465e-01 3.107134819742515200e+16
8.737373737373737015e-01 1.750539119781478400e+16
8.838383838383838675e-01 8.933533049421824000e+15
8.939393939393940336e-01 1.615631620033740800e+16
9.040404040404040886e-01 2.280301001913139200e+16
9.141414141414141437e-01 5.704593816158208000e+15
9.242424242424243097e-01 8.153822002151424000e+15
9.343434343434343647e-01 1.666631135448268800e+16
9.444444444444444198e-01 1.163203952666214400e+16
9.545454545454545858e-01 1.342487161890406400e+16
9.646464646464647519e-01 1.647685605208883200e+16
9.747474747474748069e-01 1.385904127292211200e+16
9.848484848484848619e-01 1.142257289789440000e+16
9.949494949494950280e-01 1.716352253847142400e+16
1.005050505050505194e+00 8.434672061120512000e+15
1.015151515151515138e+00 1.306108896267468800e+16
1.025252525252525304e+00 1.375937977804390400e+16
1.035353535353535470e+00 1.489283667984384000e+16
1.045454545454545414e+00 1.752224652853248000e+15
1.055555555555555580e+00 1.000029233034035200e+16
1.065656565656565746e+00 4.758839333224448000e+15
1.075757575757575690e+00 1.616074458005504000e+15
1.085858585858585856e+00 7.450613986099200000e+15
1.095959595959596022e+00 6.718951274840064000e+15
1.106060606060605966e+00 7.835290584481792000e+15
1.116161616161616355e+00 3.937423348203520000e+15
1.126262626262626299e+00 4.577713046159360000e+15
1.136363636363636465e+00 5.108252639494144000e+15
1.146464646464646631e+00 6.978962689359872000e+15
1.156565656565656575e+00 2.039279060516864000e+15
1.166666666666666741e+00 5.776846440366080000e+15
1.176767676767676907e+00 3.440758161932288000e+15
1.186868686868686851e+00 2.036392439840768000e+15
1.196969696969697017e+00 2.732766626054144000e+15
1.207070707070707183e+00 4.970544176824320000e+15
1.217171717171717127e+00 4.159270488637440000e+15
1.227272727272727293e+00 7.641912366333952000e+15
1.237373737373737459e+00 1.736781292634112000e+15
1.247474747474747403e+00 2.776181497659392000e+15
1.257575757575757791e+00 2.327971327115264000e+15
1.267676767676767735e+00 1.446720542081024000e+15
1.277777777777777679e+00 2.579192822628352000e+15
1.287878787878788067e+00 2.569560821596160000e+15
1.297979797979798011e+00 1.430899895828480000e+15
1.308080808080808177e+00 1.305029973639168000e+15
1.318181818181818343e+00 8.567637000847360000e+14
1.328282828282828287e+00 8.820225369702400000e+14
1.338383838383838453e+00 2.329343837601792000e+15
1.348484848484848619e+00 2.577457118969856000e+15
1.358585858585858563e+00 2.455541519482880000e+15
1.368686868686868729e+00 7.163576624087040000e+14
1.378787878787878896e+00 1.562029005471744000e+15
1.388888888888888840e+00 1.738239702466560000e+15
1.398989898989899228e+00 3.259055409725440000e+14
1.409090909090909172e+00 1.486394362953728000e+15
1.419191919191919116e+00 7.920008948613120000e+14
1.429292929292929504e+00 8.013209738936320000e+14
1.439393939393939448e+00 7.806457395281920000e+14
1.449494949494949614e+00 4.820342124052480000e+14
1.459595959595959780e+00 6.187976144977920000e+14
1.469696969696969724e+00 1.939362619064320000e+14
1.479797979797979890e+00 6.630227585269760000e+14
1.489898989898990056e+00 7.265776713072640000e+14
1.500000000000000000e+00 3.567049863331840000e+14
