5.000000000000000000e-01 1.367298496185055159e+25
5.101010101010100550e-01 1.235846882623650434e+25
5.202020202020202211e-01 1.202290410479165388e+25
5.303030303030302761e-01 1.311683061600776850e+25
5.404040404040404422e-01 1.452350322624955485e+25
5.505050505050504972e-01 1.549460439789388363e+25
5.606060606060605522e-01 1.454375313955646951e+25
5.707070707070707183e-01 1.347773655212387745e+25
5.808080808080807733e-01 1.303471032307763200e+25
5.909090909090909394e-01 1.414681725349989199e+25
6.010101010101009944e-01 1.574975630315692033e+25
6.111111111111111605e-01 1.629300484567713438e+25
6.212121212121212155e-01 1.597218368443319628e+25
6.313131313131312705e-01 1.477617173859166840e+25
6.414141414141414366e-01 1.426388259723466202e+25
6.515151515151514916e-01 1.484242667869691008e+25
6.616161616161616577e-01 1.636635140595721277e+25
6.717171717171717127e-01 1.707418641078908186e+25
6.818181818181818787e-01 1.742528790243001419e+25
6.919191919191919338e-01 1.648015744059845924e+25
7.020202020202019888e-01 1.574396517843928014e+25
7.121212121212121549e-01 1.541096455442067531e+25
7.222222222222222099e-01 1.633965896728255505e+25
7.323232323232323759e-01 1.757516078049987665e+25
7.424242424242424310e-01 1.824540939136005793e+25
7.525252525252525970e-01 1.806830566027288634e+25
7.626262626262626521e-01 1.718076708636095723e+25
7.727272727272727071e-01 1.641420687177043377e+25
7.828282828282828731e-01 1.590710703010566281e+25
7.929292929292929282e-01 1.647512032654483193e+25
8.030303030303029832e-01 1.719107766337665626e+25
8.131313131313131493e-01 1.760438042311263258e+25
8.232323232323233153e-01 1.764379996227664529e+25
8.333333333333333703e-01 1.691568391525723715e+25
8.434343434343434254e-01 1.595032083394133665e+25
8.535353535353535914e-01 1.493368156870804662e+25
8.636363636363636465e-01 1.445331797673510844e+25
8.737373737373737015e-01 1.450237017507011135e+25
8.838383838383838675e-01 1.502124480406143204e+25
8.939393939393940336e-01 1.510282898849192636e+25
9.040404040404040886e-01 1.477372985084491110e+25
9.141414141414141437e-01 1.414522852766654375e+25
9.242424242424243097e-01 1.320349226674455137e+25
9.343434343434343647e-01 1.232265447261739724e+25
9.444444444444444198e-01 1.135351442045240471e+25
9.545454545454545858e-01 1.071668439232475750e+25
9.646464646464647519e-01 1.032314270717774253e+25
9.747474747474748069e-01 1.016704635882601231e+25
9.848484848484848619e-01 1.019409389732408894e+25
9.949494949494950280e-01 1.002716931020109120e+25
1.005050505050505194e+00 9.806060871126085483e+24
1.015151515151515138e+00 9.496195346479673952e+24
1.025252525252525304e+00 8.901147770139731181e+24
1.035353535353535470e+00 8.347479123060880451e+24
1.045454545454545414e+00 7.751706359094539973e+24
1.055555555555555580e+00 7.183812966491849964e+24
1.065656565656565746e+00 6.617470253312856165e+24
1.075757575757575690e+00 5.982744306931116452e+24
1.085858585858585856e+00 5.446622548691629629e+24
1.095959595959596022e+00 5.119254522683781554e+24
1.106060606060605966e+00 4.791370564302621915e+24
1.116161616161616355e+00 4.533143817386798757e+24
1.126262626262626299e+00 4.278188773470673679e+24
1.136363636363636465e+00 4.073772620169742041e+24
1.146464646464646631e+00 3.918346695672940697e+24
1.156565656565656575e+00 3.728479835299395165e+24
1.166666666666666741e+00 3.563529914483412809e+24
1.176767676767676907e+00 3.337002167876002605e+24
1.186868686868686851e+00 3.112062282410812181e+24
1.196969696969697017e+00 2.983373472296972073e+24
1.207070707070707183e+00 2.744659633616243648e+24
1.217171717171717127e+00 2.591054460405592667e+24
1.227272727272727293e+00 2.404029119195338785e+24
1.237373737373737459e+00 2.214209672718670209e+24
1.247474747474747403e+00 1.991907959886396403e+24
1.257575757575757791e+00 1.826257927486741540e+24
1.267676767676767735e+00 1.668857913143677122e+24
1.277777777777777679e+00 1.508430038699138972e+24
1.287878787878788067e+00 1.400210773438841129e+24
1.297979797979798011e+00 1.323164488050479366e+24
1.308080808080808177e+00 1.297670799510236614e+24
1.318181818181818343e+00 1.265977131463782466e+24
1.328282828282828287e+00 1.276690654545341592e+24
1.338383838383838453e+00 1.255824792924590724e+24
1.348484848484848619e+00 1.233510141318113276e+24
1.358585858585858563e+00 1.154622496171706303e+24
1.368686868686868729e+00 1.035020725126801211e+24
1.378787878787878896e+00 8.724872557268807692e+23
1.388888888888888840e+00 6.955504100275010258e+23
1.398989898989899228e+00 5.453031206990174864e+23
1.409090909090909172e+00 4.888336378929234439e+23
1.419191919191919116e+00 5.142314898330957518e+23
1.429292929292929504e+00 5.612256872535784224e+23
1.439393939393939448e+00 5.541735186114774722e+23
1.449494949494949614e+00 4.731963473531586646e+23
1.459595959595959780e+00 3.388330377376287508e+23
1.469696969696969724e+00 2.398243723056424608e+23
1.479797979797979890e+00 2.540015778318152158e+23
1.489898989898990056e+00 2.965779241618325247e+23
1.500000000000000000e+00 2.736619879619055877e+23
