5.000000000000000000e-01 5.704397678375244141e+00
5.101010101010100550e-01 4.754491806030273438e+00
5.202020202020202211e-01 3.142063379287719727e+00
5.303030303030302761e-01 3.933983325958251953e+00
5.404040404040404422e-01 3.293611764907836914e+00
5.505050505050504972e-01 4.988812923431396484e+00
5.606060606060605522e-01 4.234117984771728516e+00
5.707070707070707183e-01 4.445307254791259766e+00
5.808080808080807733e-01 3.405709266662597656e+00
5.909090909090909394e-01 4.038341522216796875e+00
6.010101010101009944e-01 4.090819835662841797e+00
6.111111111111111605e-01 4.938208103179931641e+00
6.212121212121212155e-01 4.922344207763671875e+00
6.313131313131312705e-01 4.797329902648925781e+00
6.414141414141414366e-01 5.792998790740966797e+00
6.515151515151514916e-01 3.597064018249511719e+00
6.616161616161616577e-01 4.523844718933105469e+00
6.717171717171717127e-01 8.619308471679687500e+00
6.818181818181818787e-01 2.865074157714843750e+00
6.919191919191919338e-01 9.653377532958984375e+00
7.020202020202019888e-01 3.587967157363891602e+00
7.121212121212121549e-01 1.528785133361816406e+01
7.222222222222222099e-01 2.004899024963378906e+01
7.323232323232323759e-01 3.243633270263671875e+01
7.424242424242424310e-01 4.927806472778320312e+01
7.525252525252525970e-01 4.808611679077148438e+01
7.626262626262626521e-01 5.926116180419921875e+01
7.727272727272727071e-01 5.439604187011718750e+01
7.828282828282828731e-01 7.963661956787109375e+01
7.929292929292929282e-01 9.988847351074218750e+01
8.030303030303029832e-01 1.285366516113281250e+02
8.131313131313131493e-01 1.557524871826171875e+02
8.232323232323233153e-01 1.819513092041015625e+02
8.333333333333333703e-01 2.342186279296875000e+02
8.434343434343434254e-01 2.693287658691406250e+02
8.535353535353535914e-01 3.156442565917968750e+02
8.636363636363636465e-01 3.467587280273437500e+02
8.737373737373737015e-01 4.288479614257812500e+02
8.838383838383838675e-01 4.955312805175781250e+02
8.939393939393940336e-01 5.460101318359375000e+02
9.040404040404040886e-01 5.951388549804687500e+02
9.141414141414141437e-01 6.448669433593750000e+02
9.242424242424243097e-01 7.170673828125000000e+02
9.343434343434343647e-01 7.745675048828125000e+02
9.444444444444444198e-01 8.345516357421875000e+02
9.545454545454545858e-01 8.549117431640625000e+02
9.646464646464647519e-01 9.065768432617187500e+02
9.747474747474748069e-01 9.528415527343750000e+02
9.848484848484848619e-01 9.904063110351562500e+02
9.949494949494950280e-01 9.952636108398437500e+02
1.005050505050505194e+00 1.012184997558593750e+03
1.015151515151515138e+00 9.932320556640625000e+02
1.025252525252525304e+00 9.439169921875000000e+02
1.035353535353535470e+00 9.287058715820312500e+02
1.045454545454545414e+00 9.086852416992187500e+02
1.055555555555555580e+00 8.871470336914062500e+02
1.065656565656565746e+00 8.260833740234375000e+02
1.075757575757575690e+00 7.879017333984375000e+02
1.085858585858585856e+00 7.189920654296875000e+02
1.095959595959596022e+00 6.805881347656250000e+02
1.106060606060605966e+00 6.257591552734375000e+02
1.116161616161616355e+00 5.931475219726562500e+02
1.126262626262626299e+00 4.909937438964843750e+02
1.136363636363636465e+00 4.139616394042968750e+02
1.146464646464646631e+00 3.325446472167968750e+02
1.156565656565656575e+00 3.126731567382812500e+02
1.166666666666666741e+00 2.612260131835937500e+02
1.176767676767676907e+00 2.429178161621093750e+02
1.186868686868686851e+00 1.835336456298828125e+02
1.196969696969697017e+00 1.747391204833984375e+02
1.207070707070707183e+00 1.127462615966796875e+02
1.217171717171717127e+00 1.284810943603515625e+02
1.227272727272727293e+00 8.648442077636718750e+01
1.237373737373737459e+00 9.113414001464843750e+01
1.247474747474747403e+00 1.086955871582031250e+02
1.257575757575757791e+00 2.638198280334472656e+01
1.267676767676767735e+00 4.790823745727539062e+01
1.277777777777777679e+00 8.376552581787109375e+00
1.287878787878788067e+00 2.314870071411132812e+01
1.297979797979798011e+00 6.905185699462890625e+00
1.308080808080808177e+00 1.878400421142578125e+01
1.318181818181818343e+00 9.363411903381347656e+00
1.328282828282828287e+00 1.056210422515869141e+01
1.338383838383838453e+00 5.579296588897705078e+00
1.348484848484848619e+00 5.376800537109375000e+00
1.358585858585858563e+00 4.749943256378173828e+00
1.368686868686868729e+00 2.157634019851684570e+00
1.378787878787878896e+00 2.799872875213623047e+00
1.388888888888888840e+00 8.392876386642456055e-01
1.398989898989899228e+00 1.957488894462585449e+00
1.409090909090909172e+00 1.173583030700683594e+00
1.419191919191919116e+00 1.185668468475341797e+00
1.429292929292929504e+00 1.066459894180297852e+00
1.439393939393939448e+00 1.228588342666625977e+00
1.449494949494949614e+00 1.081027507781982422e+00
1.459595959595959780e+00 4.561759829521179199e-01
1.469696969696969724e+00 5.730606317520141602e-01
1.479797979797979890e+00 3.904438614845275879e-01
1.489898989898990056e+00 3.667413592338562012e-01
1.500000000000000000e+00 3.461057245731353760e-01
