5.000000000000000000e-01 5.581632500000000000e+05
5.101010101010100550e-01 1.828710375000000000e+06
5.202020202020202211e-01 2.733640000000000000e+06
5.303030303030302761e-01 2.713428000000000000e+06
5.404040404040404422e-01 2.159634500000000000e+06
5.505050505050504972e-01 1.001965562500000000e+06
5.606060606060605522e-01 5.179063437500000000e+05
5.707070707070707183e-01 2.015989000000000000e+06
5.808080808080807733e-01 2.788539750000000000e+06
5.909090909090909394e-01 3.147740500000000000e+06
6.010101010101009944e-01 2.661180750000000000e+06
6.111111111111111605e-01 1.502297125000000000e+06
6.212121212121212155e-01 1.410316718750000000e+05
6.313131313131312705e-01 1.495875625000000000e+06
6.414141414141414366e-01 2.609164500000000000e+06
6.515151515151514916e-01 3.446391500000000000e+06
6.616161616161616577e-01 2.928854750000000000e+06
6.717171717171717127e-01 2.712650750000000000e+06
6.818181818181818787e-01 1.091675625000000000e+06
6.919191919191919338e-01 7.866358125000000000e+05
7.020202020202019888e-01 2.403591250000000000e+06
7.121212121212121549e-01 3.830313000000000000e+06
7.222222222222222099e-01 4.213443500000000000e+06
7.323232323232323759e-01 4.114024250000000000e+06
7.424242424242424310e-01 3.336541750000000000e+06
7.525252525252525970e-01 1.779256500000000000e+06
7.626262626262626521e-01 3.027186562500000000e+05
7.727272727272727071e-01 2.329223500000000000e+06
7.828282828282828731e-01 3.747562000000000000e+06
7.929292929292929282e-01 5.089721500000000000e+06
8.030303030303029832e-01 4.943238000000000000e+06
8.131313131313131493e-01 5.332526500000000000e+06
8.232323232323233153e-01 3.425551000000000000e+06
8.333333333333333703e-01 2.479220750000000000e+06
8.434343434343434254e-01 7.289060625000000000e+05
8.535353535353535914e-01 1.767524875000000000e+06
8.636363636363636465e-01 4.644451000000000000e+06
8.737373737373737015e-01 5.368705500000000000e+06
8.838383838383838675e-01 7.438214000000000000e+06
8.939393939393940336e-01 7.953581500000000000e+06
9.040404040404040886e-01 8.119699000000000000e+06
9.141414141414141437e-01 5.625675500000000000e+06
9.242424242424243097e-01 6.129582000000000000e+06
9.343434343434343647e-01 3.215675750000000000e+06
9.444444444444444198e-01 3.635330750000000000e+06
9.545454545454545858e-01 5.039355000000000000e+06
9.646464646464647519e-01 6.420151000000000000e+06
9.747474747474748069e-01 8.855052000000000000e+06
9.848484848484848619e-01 8.314366000000000000e+06
9.949494949494950280e-01 8.777386000000000000e+06
1.005050505050505194e+00 6.727032500000000000e+06
1.015151515151515138e+00 4.818524000000000000e+06
1.025252525252525304e+00 5.154486500000000000e+06
1.035353535353535470e+00 3.327447500000000000e+06
1.045454545454545414e+00 2.150314000000000000e+06
1.055555555555555580e+00 1.033225125000000000e+06
1.065656565656565746e+00 4.205253437500000000e+05
1.075757575757575690e+00 5.574341250000000000e+05
1.085858585858585856e+00 7.685581875000000000e+05
1.095959595959596022e+00 8.529813125000000000e+05
1.106060606060605966e+00 1.043814000000000000e+06
1.116161616161616355e+00 9.553597500000000000e+05
1.126262626262626299e+00 1.115409250000000000e+06
1.136363636363636465e+00 1.194712125000000000e+06
1.146464646464646631e+00 1.404147125000000000e+06
1.156565656565656575e+00 1.440503375000000000e+06
1.166666666666666741e+00 1.311788625000000000e+06
1.176767676767676907e+00 1.412187000000000000e+06
1.186868686868686851e+00 1.177472375000000000e+06
1.196969696969697017e+00 1.192373250000000000e+06
1.207070707070707183e+00 9.968817500000000000e+05
1.217171717171717127e+00 8.678331250000000000e+05
1.227272727272727293e+00 7.575285625000000000e+05
1.237373737373737459e+00 7.074633125000000000e+05
1.247474747474747403e+00 6.602563750000000000e+05
1.257575757575757791e+00 5.020726250000000000e+05
1.267676767676767735e+00 3.925023125000000000e+05
1.277777777777777679e+00 2.465995625000000000e+05
1.287878787878788067e+00 1.432951093750000000e+05
1.297979797979798011e+00 2.708600976562500000e+04
1.308080808080808177e+00 1.001654765625000000e+05
1.318181818181818343e+00 1.830452812500000000e+05
1.328282828282828287e+00 3.342237812500000000e+05
1.338383838383838453e+00 3.204365000000000000e+05
1.348484848484848619e+00 3.719443437500000000e+05
1.358585858585858563e+00 3.825347500000000000e+05
1.368686868686868729e+00 4.301601250000000000e+05
1.378787878787878896e+00 2.935295312500000000e+05
1.388888888888888840e+00 2.416121562500000000e+05
1.398989898989899228e+00 1.129918359375000000e+05
1.409090909090909172e+00 9.047532226562500000e+03
1.419191919191919116e+00 9.369252343750000000e+04
1.429292929292929504e+00 1.564559062500000000e+05
1.439393939393939448e+00 1.901711406250000000e+05
1.449494949494949614e+00 1.806412031250000000e+05
1.459595959595959780e+00 1.155676484375000000e+05
1.469696969696969724e+00 3.491581250000000000e+04
1.479797979797979890e+00 4.168250000000000000e+04
1.489898989898990056e+00 8.151106250000000000e+04
1.500000000000000000e+00 8.857721875000000000e+04
