5.000000000000000000e-01 1.461262521147716873e+25
5.101010101010100550e-01 1.239747100781584936e+25
5.202020202020202211e-01 1.092860174116503743e+25
5.303030303030302761e-01 1.211543066722237178e+25
5.404040404040404422e-01 1.439148564352153863e+25
5.505050505050504972e-01 1.558732810990188930e+25
5.606060606060605522e-01 1.506867599476095773e+25
5.707070707070707183e-01 1.283858454008595205e+25
5.808080808080807733e-01 1.158082903598670909e+25
5.909090909090909394e-01 1.254558222182667257e+25
6.010101010101009944e-01 1.476893485030725122e+25
6.111111111111111605e-01 1.625866161989790562e+25
6.212121212121212155e-01 1.590887561169372971e+25
6.313131313131312705e-01 1.415865314566618588e+25
6.414141414141414366e-01 1.255818019510751158e+25
6.515151515151514916e-01 1.268231294766552158e+25
6.616161616161616577e-01 1.477602416463907873e+25
6.717171717171717127e-01 1.629994889189938142e+25
6.818181818181818787e-01 1.681634012796977896e+25
6.919191919191919338e-01 1.592620863359398905e+25
7.020202020202019888e-01 1.443178255595055714e+25
7.121212121212121549e-01 1.334489578344157193e+25
7.222222222222222099e-01 1.390878392673725776e+25
7.323232323232323759e-01 1.556227051392076409e+25
7.424242424242424310e-01 1.724629222715378277e+25
7.525252525252525970e-01 1.754043247893810921e+25
7.626262626262626521e-01 1.690275159474006215e+25
7.727272727272727071e-01 1.576666389702197974e+25
7.828282828282828731e-01 1.454062411059296653e+25
7.929292929292929282e-01 1.461473851659511308e+25
8.030303030303029832e-01 1.562115713269006341e+25
8.131313131313131493e-01 1.734417180413039025e+25
8.232323232323233153e-01 1.795908940614147973e+25
8.333333333333333703e-01 1.814544648522462587e+25
8.434343434343434254e-01 1.783068507940890136e+25
8.535353535353535914e-01 1.671056303868661458e+25
8.636363636363636465e-01 1.585050204299398044e+25
8.737373737373737015e-01 1.566757951707305810e+25
8.838383838383838675e-01 1.612210267936324302e+25
8.939393939393940336e-01 1.723522879239557546e+25
9.040404040404040886e-01 1.817813988033076223e+25
9.141414141414141437e-01 1.878898766943058953e+25
9.242424242424243097e-01 1.904351123247361550e+25
9.343434343434343647e-01 1.839386187013624476e+25
9.444444444444444198e-01 1.762722902149093108e+25
9.545454545454545858e-01 1.679842718655270238e+25
9.646464646464647519e-01 1.644619006722973232e+25
9.747474747474748069e-01 1.629480916783184409e+25
9.848484848484848619e-01 1.634698001883680853e+25
9.949494949494950280e-01 1.680673513891489932e+25
1.005050505050505194e+00 1.688546814846450090e+25
1.015151515151515138e+00 1.729471147158275652e+25
1.025252525252525304e+00 1.731696285662166867e+25
1.035353535353535470e+00 1.709245791079409117e+25
1.045454545454545414e+00 1.679637729211751141e+25
1.055555555555555580e+00 1.632424094800144768e+25
1.065656565656565746e+00 1.526000793013648241e+25
1.075757575757575690e+00 1.432486753314234579e+25
1.085858585858585856e+00 1.367734185221646087e+25
1.095959595959596022e+00 1.295511146947807068e+25
1.106060606060605966e+00 1.197621654846259961e+25
1.116161616161616355e+00 1.128089996532775167e+25
1.126262626262626299e+00 1.065527287546036919e+25
1.136363636363636465e+00 1.013270313304678355e+25
1.146464646464646631e+00 9.731836937581001282e+24
1.156565656565656575e+00 9.166827578122085301e+24
1.166666666666666741e+00 8.589365513491910767e+24
1.176767676767676907e+00 8.224411669973127177e+24
1.186868686868686851e+00 7.677491648921492626e+24
1.196969696969697017e+00 7.096732228788142509e+24
1.207070707070707183e+00 6.678643115425790859e+24
1.217171717171717127e+00 6.221079122667205376e+24
1.227272727272727293e+00 5.703753443717323979e+24
1.237373737373737459e+00 5.297875498471015750e+24
1.247474747474747403e+00 4.842639830690983794e+24
1.257575757575757791e+00 4.495475565988283853e+24
1.267676767676767735e+00 4.105066368569285689e+24
1.277777777777777679e+00 3.818945838771004475e+24
1.287878787878788067e+00 3.466692002086217608e+24
1.297979797979798011e+00 3.366134476684784566e+24
1.308080808080808177e+00 3.131558185053713963e+24
1.318181818181818343e+00 2.996862365670496031e+24
1.328282828282828287e+00 2.891366012773703409e+24
1.338383838383838453e+00 2.779384188183121121e+24
1.348484848484848619e+00 2.638092216641671265e+24
1.358585858585858563e+00 2.428231103304857641e+24
1.368686868686868729e+00 2.133252965817058173e+24
1.378787878787878896e+00 1.826557398847563168e+24
1.388888888888888840e+00 1.494473203309932710e+24
1.398989898989899228e+00 1.234684391870555350e+24
1.409090909090909172e+00 1.130704707213073035e+24
1.419191919191919116e+00 1.151208263251001201e+24
1.429292929292929504e+00 1.159596992176114658e+24
1.439393939393939448e+00 1.102385496295415053e+24
1.449494949494949614e+00 9.256412605448986904e+23
1.459595959595959780e+00 6.979440191862529159e+23
1.469696969696969724e+00 5.378829539241648382e+23
1.479797979797979890e+00 5.365773784065886409e+23
1.489898989898990056e+00 5.874695674053500422e+23
1.500000000000000000e+00 5.273216164812138165e+23
