5.000000000000000000e-01 1.389145303053602254e+23
5.101010101010100550e-01 1.161912580974921982e+23
5.202020202020202211e-01 9.829034129142069592e+22
5.303030303030302761e-01 4.480900134168660489e+22
5.404040404040404422e-01 1.204649399566861756e+23
5.505050505050504972e-01 1.044947883684624429e+23
5.606060606060605522e-01 7.431066837030772985e+22
5.707070707070707183e-01 7.458550954476726911e+22
5.808080808080807733e-01 7.047468685529826355e+22
5.909090909090909394e-01 8.384425285309541279e+22
6.010101010101009944e-01 7.537236496086256006e+22
6.111111111111111605e-01 1.179189019649463036e+23
6.212121212121212155e-01 8.645751157287341680e+22
6.313131313131312705e-01 9.705587761196067874e+22
6.414141414141414366e-01 9.665986708952673629e+22
6.515151515151514916e-01 1.237164217940573621e+23
6.616161616161616577e-01 1.032654047493820997e+23
6.717171717171717127e-01 8.694137831683810289e+22
6.818181818181818787e-01 1.011503522347823294e+23
6.919191919191919338e-01 8.477033705167086263e+22
7.020202020202019888e-01 8.213528991689564016e+22
7.121212121212121549e-01 9.508589504855776690e+22
7.222222222222222099e-01 8.009099795964111513e+22
7.323232323232323759e-01 1.059656730139609017e+23
7.424242424242424310e-01 7.881050749198937149e+22
7.525252525252525970e-01 1.094385968450098954e+23
7.626262626262626521e-01 7.929982359150317588e+22
7.727272727272727071e-01 6.081267322193685617e+22
7.828282828282828731e-01 1.006585051122779428e+23
7.929292929292929282e-01 5.638661657295042537e+22
8.030303030303029832e-01 9.832764911073383311e+22
8.131313131313131493e-01 8.475309727229728837e+22
8.232323232323233153e-01 7.335817956711700680e+22
8.333333333333333703e-01 7.349119788571102177e+22
8.434343434343434254e-01 7.211488432878771608e+22
8.535353535353535914e-01 6.223971532506286313e+22
8.636363636363636465e-01 7.523437466827992806e+22
8.737373737373737015e-01 5.027662349089351978e+22
8.838383838383838675e-01 7.593365308602137235e+22
8.939393939393940336e-01 6.348844190454276266e+22
9.040404040404040886e-01 5.670901575947499707e+22
9.141414141414141437e-01 4.609081136402916809e+22
9.242424242424243097e-01 3.741331838620815642e+22
9.343434343434343647e-01 4.488431954185474907e+22
9.444444444444444198e-01 3.998062462718828557e+22
9.545454545454545858e-01 4.102280712055771942e+22
9.646464646464647519e-01 2.437832480472836132e+22
9.747474747474748069e-01 4.453923572400711218e+22
9.848484848484848619e-01 3.017560594305916915e+22
9.949494949494950280e-01 3.325684721091612351e+22
1.005050505050505194e+00 3.786932811467774231e+22
1.015151515151515138e+00 2.752055607053898062e+22
1.025252525252525304e+00 4.228740438512447259e+22
1.035353535353535470e+00 2.818051581173366679e+22
1.045454545454545414e+00 2.973182573937770784e+22
1.055555555555555580e+00 1.876107618740159591e+22
1.065656565656565746e+00 2.693280704576955299e+22
1.075757575757575690e+00 2.164314463583818324e+22
1.085858585858585856e+00 1.732564612996961141e+22
1.095959595959596022e+00 1.972182121460919593e+22
1.106060606060605966e+00 2.233750512278653895e+22
1.116161616161616355e+00 2.014395261488188726e+22
1.126262626262626299e+00 1.567403878682421572e+22
1.136363636363636465e+00 2.030655507942809901e+22
1.146464646464646631e+00 1.277984664819074702e+22
1.156565656565656575e+00 1.478575329992128646e+22
1.166666666666666741e+00 1.203092842945651828e+22
1.176767676767676907e+00 1.253881737383359860e+22
1.186868686868686851e+00 1.381679933649289688e+22
1.196969696969697017e+00 1.206772959381157629e+22
1.207070707070707183e+00 6.346270495857224712e+21
1.217171717171717127e+00 8.354858478215909868e+21
1.227272727272727293e+00 1.137069959818409673e+22
1.237373737373737459e+00 1.020573321637384736e+22
1.247474747474747403e+00 1.018787081435178913e+22
1.257575757575757791e+00 5.302332724533023212e+21
1.267676767676767735e+00 6.337256541203042664e+21
1.277777777777777679e+00 5.247234560791865721e+21
1.287878787878788067e+00 6.265191628815720251e+21
1.297979797979798011e+00 5.978884289704895709e+21
1.308080808080808177e+00 4.085457290467748086e+21
1.318181818181818343e+00 4.548707962713215599e+21
1.328282828282828287e+00 4.738565367779343466e+21
1.338383838383838453e+00 5.148106955293720576e+21
1.348484848484848619e+00 6.434528663654711165e+21
1.358585858585858563e+00 5.807117562866938413e+21
1.368686868686868729e+00 4.666573638885965824e+21
1.378787878787878896e+00 3.670766962679379657e+21
1.388888888888888840e+00 3.443897287025660789e+21
1.398989898989899228e+00 2.163024576355544072e+21
1.409090909090909172e+00 1.583223982715960295e+21
1.419191919191919116e+00 2.405574660011860165e+21
1.429292929292929504e+00 2.913946333973999256e+21
1.439393939393939448e+00 2.400041706394658800e+21
1.449494949494949614e+00 2.140494756269669745e+21
1.459595959595959780e+00 1.644167396560979624e+21
1.469696969696969724e+00 1.259331430702450213e+21
1.479797979797979890e+00 9.033951340215014523e+20
1.489898989898990056e+00 1.377722339181742522e+21
1.500000000000000000e+00 1.643660178652947022e+21
