5.000000000000000000e-01 1.767426560000000000e+08
5.101010101010100550e-01 1.570284320000000000e+08
5.202020202020202211e-01 1.123985600000000000e+08
5.303030303030302761e-01 1.187475920000000000e+08
5.404040404040404422e-01 1.584014720000000000e+08
5.505050505050504972e-01 1.801679680000000000e+08
5.606060606060605522e-01 1.857265920000000000e+08
5.707070707070707183e-01 1.530459040000000000e+08
5.808080808080807733e-01 1.192607040000000000e+08
5.909090909090909394e-01 1.175384080000000000e+08
6.010101010101009944e-01 1.507170080000000000e+08
6.111111111111111605e-01 1.769402080000000000e+08
6.212121212121212155e-01 1.779096000000000000e+08
6.313131313131312705e-01 1.578753600000000000e+08
6.414141414141414366e-01 1.304024160000000000e+08
6.515151515151514916e-01 1.190593360000000000e+08
6.616161616161616577e-01 1.363296480000000000e+08
6.717171717171717127e-01 1.672841760000000000e+08
6.818181818181818787e-01 1.849383840000000000e+08
6.919191919191919338e-01 1.819881600000000000e+08
7.020202020202019888e-01 1.605008640000000000e+08
7.121212121212121549e-01 1.294508400000000000e+08
7.222222222222222099e-01 1.209927760000000000e+08
7.323232323232323759e-01 1.449461920000000000e+08
7.424242424242424310e-01 1.614862880000000000e+08
7.525252525252525970e-01 1.837240480000000000e+08
7.626262626262626521e-01 1.822132000000000000e+08
7.727272727272727071e-01 1.609843040000000000e+08
7.828282828282828731e-01 1.403915520000000000e+08
7.929292929292929282e-01 1.298641520000000000e+08
8.030303030303029832e-01 1.334969120000000000e+08
8.131313131313131493e-01 1.501856000000000000e+08
8.232323232323233153e-01 1.700616160000000000e+08
8.333333333333333703e-01 1.863604160000000000e+08
8.434343434343434254e-01 1.839979840000000000e+08
8.535353535353535914e-01 1.700541120000000000e+08
8.636363636363636465e-01 1.531188000000000000e+08
8.737373737373737015e-01 1.402393600000000000e+08
8.838383838383838675e-01 1.340753520000000000e+08
8.939393939393940336e-01 1.374826400000000000e+08
9.040404040404040886e-01 1.511983520000000000e+08
9.141414141414141437e-01 1.749765760000000000e+08
9.242424242424243097e-01 1.863529120000000000e+08
9.343434343434343647e-01 1.843676960000000000e+08
9.444444444444444198e-01 1.753210560000000000e+08
9.545454545454545858e-01 1.700539360000000000e+08
9.646464646464647519e-01 1.631730240000000000e+08
9.747474747474748069e-01 1.495032320000000000e+08
9.848484848484848619e-01 1.455052160000000000e+08
9.949494949494950280e-01 1.438293920000000000e+08
1.005050505050505194e+00 1.429596160000000000e+08
1.015151515151515138e+00 1.521461920000000000e+08
1.025252525252525304e+00 1.596560800000000000e+08
1.035353535353535470e+00 1.697043360000000000e+08
1.045454545454545414e+00 1.742839840000000000e+08
1.055555555555555580e+00 1.757936000000000000e+08
1.065656565656565746e+00 1.833969760000000000e+08
1.075757575757575690e+00 1.839024000000000000e+08
1.085858585858585856e+00 1.769028320000000000e+08
1.095959595959596022e+00 1.811258240000000000e+08
1.106060606060605966e+00 1.900322720000000000e+08
1.116161616161616355e+00 1.805372960000000000e+08
1.126262626262626299e+00 1.861787360000000000e+08
1.136363636363636465e+00 1.805330720000000000e+08
1.146464646464646631e+00 1.763741440000000000e+08
1.156565656565656575e+00 1.767581920000000000e+08
1.166666666666666741e+00 1.800781920000000000e+08
1.176767676767676907e+00 1.937521120000000000e+08
1.186868686868686851e+00 1.888650240000000000e+08
1.196969696969697017e+00 1.919404160000000000e+08
1.207070707070707183e+00 1.960728960000000000e+08
1.217171717171717127e+00 2.060397920000000000e+08
1.227272727272727293e+00 2.089257440000000000e+08
1.237373737373737459e+00 2.143240480000000000e+08
1.247474747474747403e+00 2.278901440000000000e+08
1.257575757575757791e+00 2.370532320000000000e+08
1.267676767676767735e+00 2.508707680000000000e+08
1.277777777777777679e+00 2.603459200000000000e+08
1.287878787878788067e+00 2.713342720000000000e+08
1.297979797979798011e+00 3.002554240000000000e+08
1.308080808080808177e+00 2.836992000000000000e+08
1.318181818181818343e+00 2.913379520000000000e+08
1.328282828282828287e+00 2.799880000000000000e+08
1.338383838383838453e+00 2.534378720000000000e+08
1.348484848484848619e+00 2.334983360000000000e+08
1.358585858585858563e+00 2.085919040000000000e+08
1.368686868686868729e+00 1.768491200000000000e+08
1.378787878787878896e+00 1.484423040000000000e+08
1.388888888888888840e+00 1.189695680000000000e+08
1.398989898989899228e+00 9.628980000000000000e+07
1.409090909090909172e+00 8.148237600000000000e+07
1.419191919191919116e+00 6.772753600000000000e+07
1.429292929292929504e+00 6.275848800000000000e+07
1.439393939393939448e+00 5.247864400000000000e+07
1.449494949494949614e+00 4.634841600000000000e+07
1.459595959595959780e+00 3.547488000000000000e+07
1.469696969696969724e+00 2.916216600000000000e+07
1.479797979797979890e+00 2.511715400000000000e+07
1.489898989898990056e+00 2.400269000000000000e+07
1.500000000000000000e+00 1.992321800000000000e+07
