5.000000000000000000e-01 4.441510774833152000e+15
5.101010101010100550e-01 3.061705286352896000e+15
5.202020202020202211e-01 3.798874950991872000e+15
5.303030303030302761e-01 3.310491535409152000e+15
5.404040404040404422e-01 4.758839333224448000e+15
5.505050505050504972e-01 3.065804027330560000e+15
5.606060606060605522e-01 5.979099671560192000e+15
5.707070707070707183e-01 4.609263339044864000e+15
5.808080808080807733e-01 2.955158958899200000e+15
5.909090909090909394e-01 4.526686687199232000e+15
6.010101010101009944e-01 4.508092700033024000e+15
6.111111111111111605e-01 3.887519049449472000e+15
6.212121212121212155e-01 5.124612169924608000e+15
6.313131313131312705e-01 4.239262375477248000e+15
6.414141414141414366e-01 4.102367809110016000e+15
6.515151515151514916e-01 4.048951032414208000e+15
6.616161616161616577e-01 4.208773207949312000e+15
6.717171717171717127e-01 4.975226764918784000e+15
6.818181818181818787e-01 5.372822088056832000e+15
6.919191919191919338e-01 5.259949810647040000e+15
7.020202020202019888e-01 4.467883484643328000e+15
7.121212121212121549e-01 4.661511079329792000e+15
7.222222222222222099e-01 3.191930842251264000e+15
7.323232323232323759e-01 4.070475261018112000e+15
7.424242424242424310e-01 6.148786850103296000e+15
7.525252525252525970e-01 6.300958078271488000e+15
7.626262626262626521e-01 7.411171690807296000e+15
7.727272727272727071e-01 5.270897682284544000e+15
7.828282828282828731e-01 4.098834393202688000e+15
7.929292929292929282e-01 4.577190670761984000e+15
8.030303030303029832e-01 3.283592423669760000e+15
8.131313131313131493e-01 4.091830643720192000e+15
8.232323232323233153e-01 5.248564389216256000e+15
8.333333333333333703e-01 4.976053546123264000e+15
8.434343434343434254e-01 4.480961123188736000e+15
8.535353535353535914e-01 5.236710816350208000e+15
8.636363636363636465e-01 5.544191283167232000e+15
8.737373737373737015e-01 5.141231545876480000e+15
8.838383838383838675e-01 5.864066488729600000e+15
8.939393939393940336e-01 4.525526509158400000e+15
9.040404040404040886e-01 6.640176742793216000e+15
9.141414141414141437e-01 7.644784625713152000e+15
9.242424242424243097e-01 5.850839600070656000e+15
9.343434343434343647e-01 8.633315372302336000e+15
9.444444444444444198e-01 5.026231112171520000e+15
9.545454545454545858e-01 5.726231861395456000e+15
9.646464646464647519e-01 5.509813291188224000e+15
9.747474747474748069e-01 7.703257384222720000e+15
9.848484848484848619e-01 6.073346823290880000e+15
9.949494949494950280e-01 8.259168959987712000e+15
1.005050505050505194e+00 7.937639655145472000e+15
1.015151515151515138e+00 8.398066591727616000e+15
1.025252525252525304e+00 9.990054202048512000e+15
1.035353535353535470e+00 7.246174079680512000e+15
1.045454545454545414e+00 6.322025966600192000e+15
1.055555555555555580e+00 8.597756264316928000e+15
1.065656565656565746e+00 4.879617571684352000e+15
1.075757575757575690e+00 7.534774944006144000e+15
1.085858585858585856e+00 6.320931286810624000e+15
1.095959595959596022e+00 7.648375218372608000e+15
1.106060606060605966e+00 6.147375416475648000e+15
1.116161616161616355e+00 6.434078978998272000e+15
1.126262626262626299e+00 4.492584646868992000e+15
1.136363636363636465e+00 4.757010214027264000e+15
1.146464646464646631e+00 4.591314133843968000e+15
1.156565656565656575e+00 2.560058206453760000e+15
1.166666666666666741e+00 3.757759765938176000e+15
1.176767676767676907e+00 4.117323958976512000e+15
1.186868686868686851e+00 3.449801215574016000e+15
1.196969696969697017e+00 3.460867467247616000e+15
1.207070707070707183e+00 3.710319973105664000e+15
1.217171717171717127e+00 2.597259334123520000e+15
1.227272727272727293e+00 2.336310542991360000e+15
1.237373737373737459e+00 2.255034729365504000e+15
1.247474747474747403e+00 2.737075283558400000e+15
1.257575757575757791e+00 2.156849897930752000e+15
1.267676767676767735e+00 1.520641492647936000e+15
1.277777777777777679e+00 1.974470956810240000e+15
1.287878787878788067e+00 1.422449681891328000e+15
1.297979797979798011e+00 1.475735059431424000e+15
1.308080808080808177e+00 9.845758870159360000e+14
1.318181818181818343e+00 1.533337684410368000e+15
1.328282828282828287e+00 1.375647557484544000e+15
1.338383838383838453e+00 1.101529993969664000e+15
1.348484848484848619e+00 1.184351727386624000e+15
1.358585858585858563e+00 9.148401136435200000e+14
1.368686868686868729e+00 8.994980207001600000e+14
1.378787878787878896e+00 7.186709720596480000e+14
1.388888888888888840e+00 3.708709628805120000e+14
1.398989898989899228e+00 3.444235609047040000e+14
1.409090909090909172e+00 5.477191269744640000e+14
1.419191919191919116e+00 3.100825123553280000e+14
1.429292929292929504e+00 4.526474421862400000e+14
1.439393939393939448e+00 3.669452956631040000e+14
1.449494949494949614e+00 4.496367372206080000e+14
1.459595959595959780e+00 2.121891514941440000e+14
1.469696969696969724e+00 2.361738259333120000e+14
1.479797979797979890e+00 1.928574198087680000e+14
1.489898989898990056e+00 2.375660832030720000e+14
1.500000000000000000e+00 2.159330375761920000e+14
