5.000000000000000000e-01 7.534789263360000000e+12
5.101010101010100550e-01 6.750884331520000000e+12
5.202020202020202211e-01 6.057307930624000000e+12
5.303030303030302761e-01 6.579871023104000000e+12
5.404040404040404422e-01 7.517371891712000000e+12
5.505050505050504972e-01 8.210502647808000000e+12
5.606060606060605522e-01 8.224632733696000000e+12
5.707070707070707183e-01 7.423787008000000000e+12
5.808080808080807733e-01 6.782503616512000000e+12
5.909090909090909394e-01 7.328983678976000000e+12
6.010101010101009944e-01 8.191060475904000000e+12
6.111111111111111605e-01 8.729709772800000000e+12
6.212121212121212155e-01 8.832853999616000000e+12
6.313131313131312705e-01 8.443650899968000000e+12
6.414141414141414366e-01 7.849024946176000000e+12
6.515151515151514916e-01 7.753682124800000000e+12
6.616161616161616577e-01 8.657231675392000000e+12
6.717171717171717127e-01 9.348525850624000000e+12
6.818181818181818787e-01 9.744552034304000000e+12
6.919191919191919338e-01 9.854223646720000000e+12
7.020202020202019888e-01 9.341530800128000000e+12
7.121212121212121549e-01 8.919600594944000000e+12
7.222222222222222099e-01 9.265684152320000000e+12
7.323232323232323759e-01 9.946355728384000000e+12
7.424242424242424310e-01 1.067679167283200000e+13
7.525252525252525970e-01 1.120119921049600000e+13
7.626262626262626521e-01 1.146132155596800000e+13
7.727272727272727071e-01 1.119786473881600000e+13
7.828282828282828731e-01 1.095608618188800000e+13
7.929292929292929282e-01 1.108917983641600000e+13
8.030303030303029832e-01 1.192925803315200000e+13
8.131313131313131493e-01 1.285510869811200000e+13
8.232323232323233153e-01 1.326692748492800000e+13
8.333333333333333703e-01 1.366183798374400000e+13
8.434343434343434254e-01 1.395309569638400000e+13
8.535353535353535914e-01 1.375957470412800000e+13
8.636363636363636465e-01 1.362065096704000000e+13
8.737373737373737015e-01 1.388717067468800000e+13
8.838383838383838675e-01 1.494208112230400000e+13
8.939393939393940336e-01 1.574892679987200000e+13
9.040404040404040886e-01 1.655030310502400000e+13
9.141414141414141437e-01 1.675013862195200000e+13
9.242424242424243097e-01 1.623796272332800000e+13
9.343434343434343647e-01 1.565217993523200000e+13
9.444444444444444198e-01 1.554297598771200000e+13
9.545454545454545858e-01 1.513463427891200000e+13
9.646464646464647519e-01 1.467728107929600000e+13
9.747474747474748069e-01 1.426620153856000000e+13
9.848484848484848619e-01 1.382269373644800000e+13
9.949494949494950280e-01 1.288471314432000000e+13
1.005050505050505194e+00 1.250976753254400000e+13
1.015151515151515138e+00 1.174239025561600000e+13
1.025252525252525304e+00 1.116132186521600000e+13
1.035353535353535470e+00 1.018858936729600000e+13
1.045454545454545414e+00 9.118757683200000000e+12
1.055555555555555580e+00 8.419650568192000000e+12
1.065656565656565746e+00 7.817265152000000000e+12
1.075757575757575690e+00 7.060678770688000000e+12
1.085858585858585856e+00 6.392416043008000000e+12
1.095959595959596022e+00 5.848047812608000000e+12
1.106060606060605966e+00 5.370666287104000000e+12
1.116161616161616355e+00 4.945322967040000000e+12
1.126262626262626299e+00 4.623505555456000000e+12
1.136363636363636465e+00 4.382947803136000000e+12
1.146464646464646631e+00 4.031635783680000000e+12
1.156565656565656575e+00 3.698657853440000000e+12
1.166666666666666741e+00 3.499322245120000000e+12
1.176767676767676907e+00 3.235415588864000000e+12
1.186868686868686851e+00 2.987343216640000000e+12
1.196969696969697017e+00 2.732430721024000000e+12
1.207070707070707183e+00 2.538548494336000000e+12
1.217171717171717127e+00 2.308123656192000000e+12
1.227272727272727293e+00 2.164742815744000000e+12
1.237373737373737459e+00 1.971009355776000000e+12
1.247474747474747403e+00 1.811746127872000000e+12
1.257575757575757791e+00 1.604917395456000000e+12
1.267676767676767735e+00 1.477401116672000000e+12
1.277777777777777679e+00 1.326038122496000000e+12
1.287878787878788067e+00 1.232255844352000000e+12
1.297979797979798011e+00 1.120668483584000000e+12
1.308080808080808177e+00 1.041032413184000000e+12
1.318181818181818343e+00 1.006435565568000000e+12
1.328282828282828287e+00 1.006077673472000000e+12
1.338383838383838453e+00 9.458973409280000000e+11
1.348484848484848619e+00 9.322190602240000000e+11
1.358585858585858563e+00 8.836720885760000000e+11
1.368686868686868729e+00 7.832630067200000000e+11
1.378787878787878896e+00 6.689524940800000000e+11
1.388888888888888840e+00 5.397899837440000000e+11
1.398989898989899228e+00 4.410372259840000000e+11
1.409090909090909172e+00 3.817363865600000000e+11
1.419191919191919116e+00 3.873967636480000000e+11
1.429292929292929504e+00 4.059869347840000000e+11
1.439393939393939448e+00 4.013405962240000000e+11
1.449494949494949614e+00 3.415277240320000000e+11
1.459595959595959780e+00 2.577753538560000000e+11
1.469696969696969724e+00 1.884587622400000000e+11
1.479797979797979890e+00 1.870419230720000000e+11
1.489898989898990056e+00 2.080085934080000000e+11
1.500000000000000000e+00 1.931587584000000000e+11
