5.000000000000000000e-01 2.449174804687500000e+02
5.101010101010100550e-01 2.541800537109375000e+02
5.202020202020202211e-01 2.594805297851562500e+02
5.303030303030302761e-01 2.812296752929687500e+02
5.404040404040404422e-01 3.084299621582031250e+02
5.505050505050504972e-01 3.455490417480468750e+02
5.606060606060605522e-01 3.704273071289062500e+02
5.707070707070707183e-01 3.981342773437500000e+02
5.808080808080807733e-01 4.469987792968750000e+02
5.909090909090909394e-01 5.030457763671875000e+02
6.010101010101009944e-01 5.888892211914062500e+02
6.111111111111111605e-01 6.979188232421875000e+02
6.212121212121212155e-01 8.315028686523437500e+02
6.313131313131312705e-01 9.939958496093750000e+02
6.414141414141414366e-01 1.154632690429687500e+03
6.515151515151514916e-01 1.293755981445312500e+03
6.616161616161616577e-01 1.287698730468750000e+03
6.717171717171717127e-01 1.148375366210937500e+03
6.818181818181818787e-01 9.535814208984375000e+02
6.919191919191919338e-01 7.666958007812500000e+02
7.020202020202019888e-01 6.171937866210937500e+02
7.121212121212121549e-01 5.225028076171875000e+02
7.222222222222222099e-01 4.447393493652343750e+02
7.323232323232323759e-01 3.830117797851562500e+02
7.424242424242424310e-01 3.320717163085937500e+02
7.525252525252525970e-01 2.841702880859375000e+02
7.626262626262626521e-01 2.542616882324218750e+02
7.727272727272727071e-01 2.264107971191406250e+02
7.828282828282828731e-01 2.124883117675781250e+02
7.929292929292929282e-01 2.014590301513671875e+02
8.030303030303029832e-01 1.852522277832031250e+02
8.131313131313131493e-01 1.679738006591796875e+02
8.232323232323233153e-01 1.481068572998046875e+02
8.333333333333333703e-01 1.331416015625000000e+02
8.434343434343434254e-01 1.240498962402343750e+02
8.535353535353535914e-01 1.168223953247070312e+02
8.636363636363636465e-01 1.131064071655273438e+02
8.737373737373737015e-01 1.114748306274414062e+02
8.838383838383838675e-01 1.050367431640625000e+02
8.939393939393940336e-01 9.814828491210937500e+01
9.040404040404040886e-01 9.083047485351562500e+01
9.141414141414141437e-01 8.166517639160156250e+01
9.242424242424243097e-01 7.284551239013671875e+01
9.343434343434343647e-01 6.768584442138671875e+01
9.444444444444444198e-01 6.319949722290039062e+01
9.545454545454545858e-01 6.289751434326171875e+01
9.646464646464647519e-01 6.115522766113281250e+01
9.747474747474748069e-01 6.031218338012695312e+01
9.848484848484848619e-01 5.952550888061523438e+01
9.949494949494950280e-01 5.779540634155273438e+01
1.005050505050505194e+00 5.471816635131835938e+01
1.015151515151515138e+00 5.048036956787109375e+01
1.025252525252525304e+00 4.618619918823242188e+01
1.035353535353535470e+00 4.290567779541015625e+01
1.045454545454545414e+00 3.864251708984375000e+01
1.055555555555555580e+00 3.479615783691406250e+01
1.065656565656565746e+00 3.174021339416503906e+01
1.075757575757575690e+00 2.955978965759277344e+01
1.085858585858585856e+00 2.751761627197265625e+01
1.095959595959596022e+00 2.601909637451171875e+01
1.106060606060605966e+00 2.477135848999023438e+01
1.116161616161616355e+00 2.392052078247070312e+01
1.126262626262626299e+00 2.347454452514648438e+01
1.136363636363636465e+00 2.283411407470703125e+01
1.146464646464646631e+00 2.183376693725585938e+01
1.156565656565656575e+00 2.105038452148437500e+01
1.166666666666666741e+00 1.980216598510742188e+01
1.176767676767676907e+00 1.912758445739746094e+01
1.186868686868686851e+00 1.795877265930175781e+01
1.196969696969697017e+00 1.699755096435546875e+01
1.207070707070707183e+00 1.609492492675781250e+01
1.217171717171717127e+00 1.490359783172607422e+01
1.227272727272727293e+00 1.371078586578369141e+01
1.237373737373737459e+00 1.245981121063232422e+01
1.247474747474747403e+00 1.140097713470458984e+01
1.257575757575757791e+00 1.043607711791992188e+01
1.267676767676767735e+00 9.222344398498535156e+00
1.277777777777777679e+00 8.162156105041503906e+00
1.287878787878788067e+00 7.486451148986816406e+00
1.297979797979798011e+00 6.857735633850097656e+00
1.308080808080808177e+00 6.516312122344970703e+00
1.318181818181818343e+00 6.556005477905273438e+00
1.328282828282828287e+00 6.637013435363769531e+00
1.338383838383838453e+00 6.854100227355957031e+00
1.348484848484848619e+00 7.037796020507812500e+00
1.358585858585858563e+00 6.727688312530517578e+00
1.368686868686868729e+00 6.065401077270507812e+00
1.378787878787878896e+00 5.279362678527832031e+00
1.388888888888888840e+00 4.169292449951171875e+00
1.398989898989899228e+00 3.111022949218750000e+00
1.409090909090909172e+00 2.567220926284790039e+00
1.419191919191919116e+00 2.711653232574462891e+00
1.429292929292929504e+00 3.141531467437744141e+00
1.439393939393939448e+00 3.268756151199340820e+00
1.449494949494949614e+00 2.851379871368408203e+00
1.459595959595959780e+00 2.104815959930419922e+00
1.469696969696969724e+00 1.362987756729125977e+00
1.479797979797979890e+00 1.371084451675415039e+00
1.489898989898990056e+00 1.676454305648803711e+00
1.500000000000000000e+00 1.681481361389160156e+00
