5.000000000000000000e-01 7.737608800000000000e+07
5.101010101010100550e-01 6.225623600000000000e+07
5.202020202020202211e-01 4.439959600000000000e+07
5.303030303030302761e-01 4.599541200000000000e+07
5.404040404040404422e-01 6.376253200000000000e+07
5.505050505050504972e-01 7.772724800000000000e+07
5.606060606060605522e-01 7.267364800000000000e+07
5.707070707070707183e-01 6.240990400000000000e+07
5.808080808080807733e-01 4.698541600000000000e+07
5.909090909090909394e-01 4.581896800000000000e+07
6.010101010101009944e-01 6.129201200000000000e+07
6.111111111111111605e-01 7.348112000000000000e+07
6.212121212121212155e-01 7.480373600000000000e+07
6.313131313131312705e-01 6.564924400000000000e+07
6.414141414141414366e-01 5.239265600000000000e+07
6.515151515151514916e-01 4.521621600000000000e+07
6.616161616161616577e-01 5.374396800000000000e+07
6.717171717171717127e-01 6.615699600000000000e+07
6.818181818181818787e-01 7.486539200000000000e+07
6.919191919191919338e-01 7.597780800000000000e+07
7.020202020202019888e-01 6.241686400000000000e+07
7.121212121212121549e-01 4.795565200000000000e+07
7.222222222222222099e-01 4.513872800000000000e+07
7.323232323232323759e-01 5.285207200000000000e+07
7.424242424242424310e-01 6.699660400000000000e+07
7.525252525252525970e-01 7.394798400000000000e+07
7.626262626262626521e-01 7.316491200000000000e+07
7.727272727272727071e-01 6.510404000000000000e+07
7.828282828282828731e-01 5.718496400000000000e+07
7.929292929292929282e-01 4.602008800000000000e+07
8.030303030303029832e-01 4.863973600000000000e+07
8.131313131313131493e-01 5.746608800000000000e+07
8.232323232323233153e-01 7.164611200000000000e+07
8.333333333333333703e-01 7.408007200000000000e+07
8.434343434343434254e-01 7.072427200000000000e+07
8.535353535353535914e-01 6.553359200000000000e+07
8.636363636363636465e-01 5.896964400000000000e+07
8.737373737373737015e-01 4.918230800000000000e+07
8.838383838383838675e-01 4.758772400000000000e+07
8.939393939393940336e-01 5.000336400000000000e+07
9.040404040404040886e-01 5.530342000000000000e+07
9.141414141414141437e-01 6.058149200000000000e+07
9.242424242424243097e-01 6.778576000000000000e+07
9.343434343434343647e-01 7.156227200000000000e+07
9.444444444444444198e-01 6.881341600000000000e+07
9.545454545454545858e-01 6.348262800000000000e+07
9.646464646464647519e-01 5.679882000000000000e+07
9.747474747474748069e-01 5.111078800000000000e+07
9.848484848484848619e-01 4.684478000000000000e+07
9.949494949494950280e-01 4.688335200000000000e+07
1.005050505050505194e+00 4.654006800000000000e+07
1.015151515151515138e+00 5.152427600000000000e+07
1.025252525252525304e+00 5.668844000000000000e+07
1.035353535353535470e+00 5.797696000000000000e+07
1.045454545454545414e+00 6.006306000000000000e+07
1.055555555555555580e+00 6.424199600000000000e+07
1.065656565656565746e+00 6.415160400000000000e+07
1.075757575757575690e+00 5.886933200000000000e+07
1.085858585858585856e+00 6.106718400000000000e+07
1.095959595959596022e+00 5.804110000000000000e+07
1.106060606060605966e+00 6.097838000000000000e+07
1.116161616161616355e+00 6.079138000000000000e+07
1.126262626262626299e+00 5.350123200000000000e+07
1.136363636363636465e+00 5.327514400000000000e+07
1.146464646464646631e+00 5.423162000000000000e+07
1.156565656565656575e+00 5.431730800000000000e+07
1.166666666666666741e+00 5.099004800000000000e+07
1.176767676767676907e+00 4.957640400000000000e+07
1.186868686868686851e+00 4.953407600000000000e+07
1.196969696969697017e+00 4.802329600000000000e+07
1.207070707070707183e+00 4.801416800000000000e+07
1.217171717171717127e+00 5.039226800000000000e+07
1.227272727272727293e+00 5.078037200000000000e+07
1.237373737373737459e+00 4.728586800000000000e+07
1.247474747474747403e+00 5.240549200000000000e+07
1.257575757575757791e+00 5.206329600000000000e+07
1.267676767676767735e+00 5.498855200000000000e+07
1.277777777777777679e+00 5.554730400000000000e+07
1.287878787878788067e+00 5.427211600000000000e+07
1.297979797979798011e+00 5.442414400000000000e+07
1.308080808080808177e+00 5.810169600000000000e+07
1.318181818181818343e+00 5.602486800000000000e+07
1.328282828282828287e+00 5.549802400000000000e+07
1.338383838383838453e+00 5.374260000000000000e+07
1.348484848484848619e+00 5.424658000000000000e+07
1.358585858585858563e+00 5.563449600000000000e+07
1.368686868686868729e+00 5.761857600000000000e+07
1.378787878787878896e+00 5.850991600000000000e+07
1.388888888888888840e+00 6.372296400000000000e+07
1.398989898989899228e+00 6.451334000000000000e+07
1.409090909090909172e+00 7.210775200000000000e+07
1.419191919191919116e+00 7.324476000000000000e+07
1.429292929292929504e+00 7.335987200000000000e+07
1.439393939393939448e+00 6.976786400000000000e+07
1.449494949494949614e+00 5.945706000000000000e+07
1.459595959595959780e+00 4.920298000000000000e+07
1.469696969696969724e+00 4.041142400000000000e+07
1.479797979797979890e+00 3.215853000000000000e+07
1.489898989898990056e+00 2.724242800000000000e+07
1.500000000000000000e+00 2.317508200000000000e+07
