5.000000000000000000e-01 2.277561635006830346e+20
5.101010101010100550e-01 1.734602738118950912e+20
5.202020202020202211e-01 1.103455092199716291e+20
5.303030303030302761e-01 1.257420760968352236e+20
5.404040404040404422e-01 1.896922144391708017e+20
5.505050505050504972e-01 2.285112729022675026e+20
5.606060606060605522e-01 2.227894847600653763e+20
5.707070707070707183e-01 1.717697175095848468e+20
5.808080808080807733e-01 1.148647219124565443e+20
5.909090909090909394e-01 1.225155988075451515e+20
6.010101010101009944e-01 1.810613824126640456e+20
6.111111111111111605e-01 2.205083763644301312e+20
6.212121212121212155e-01 2.230634654655211110e+20
6.313131313131312705e-01 1.888086820794620969e+20
6.414141414141414366e-01 1.331668142364158853e+20
6.515151515151514916e-01 1.103703493866663444e+20
6.616161616161616577e-01 1.491631603081847767e+20
6.717171717171717127e-01 2.007471265572957716e+20
6.818181818181818787e-01 2.260169120274018468e+20
6.919191919191919338e-01 2.103351494264792023e+20
7.020202020202019888e-01 1.731173317371452457e+20
7.121212121212121549e-01 1.231004686247778058e+20
7.222222222222222099e-01 1.121743664928700498e+20
7.323232323232323759e-01 1.509627529795983114e+20
7.424242424242424310e-01 1.904872756952621384e+20
7.525252525252525970e-01 2.130722472843857101e+20
7.626262626262626521e-01 2.092106744867061760e+20
7.727272727272727071e-01 1.798503715097385370e+20
7.828282828282828731e-01 1.387639265561212355e+20
7.929292929292929282e-01 1.093048698427932672e+20
8.030303030303029832e-01 1.232056083246722580e+20
8.131313131313131493e-01 1.547020600842691543e+20
8.232323232323233153e-01 1.891152962900302234e+20
8.333333333333333703e-01 2.050357320790174597e+20
8.434343434343434254e-01 1.990295134728492155e+20
8.535353535353535914e-01 1.782288821298386698e+20
8.636363636363636465e-01 1.462348969606266225e+20
8.737373737373737015e-01 1.169922945043891487e+20
8.838383838383838675e-01 1.081224198539108680e+20
8.939393939393940336e-01 1.225267522534973112e+20
9.040404040404040886e-01 1.485014654144961577e+20
9.141414141414141437e-01 1.722288031965999268e+20
9.242424242424243097e-01 1.835829935837125018e+20
9.343434343434343647e-01 1.880102783080223212e+20
9.444444444444444198e-01 1.779990050347962860e+20
9.545454545454545858e-01 1.619963433682374492e+20
9.646464646464647519e-01 1.416164027662000456e+20
9.747474747474748069e-01 1.184425591375187149e+20
9.848484848484848619e-01 1.081589852126041866e+20
9.949494949494950280e-01 1.033951795614507336e+20
1.005050505050505194e+00 1.088790157952160891e+20
1.015151515151515138e+00 1.202086474906106593e+20
1.025252525252525304e+00 1.316721645178962575e+20
1.035353535353535470e+00 1.449449147345477304e+20
1.045454545454545414e+00 1.537736676501471887e+20
1.055555555555555580e+00 1.541173661888969441e+20
1.065656565656565746e+00 1.555415767944947302e+20
1.075757575757575690e+00 1.534841354522281902e+20
1.085858585858585856e+00 1.505670167545291735e+20
1.095959595959596022e+00 1.455930724410751713e+20
1.106060606060605966e+00 1.393437650081451868e+20
1.116161616161616355e+00 1.330767686321475420e+20
1.126262626262626299e+00 1.259025872023044751e+20
1.136363636363636465e+00 1.187361463343209513e+20
1.146464646464646631e+00 1.128737966256239411e+20
1.156565656565656575e+00 1.099826264023404380e+20
1.166666666666666741e+00 1.035365239802245939e+20
1.176767676767676907e+00 1.012514309544502886e+20
1.186868686868686851e+00 9.974751894997827584e+19
1.196969696969697017e+00 9.714173796480031130e+19
1.207070707070707183e+00 9.578844146114756608e+19
1.217171717171717127e+00 9.421827728403228262e+19
1.227272727272727293e+00 9.435276954634184294e+19
1.237373737373737459e+00 9.416848260143356314e+19
1.247474747474747403e+00 9.276513632848445440e+19
1.257575757575757791e+00 9.210809456800458342e+19
1.267676767676767735e+00 9.683386591293000909e+19
1.277777777777777679e+00 9.536027404110554726e+19
1.287878787878788067e+00 9.455967124641021952e+19
1.297979797979798011e+00 9.358919830327001088e+19
1.308080808080808177e+00 9.185021950887251149e+19
1.318181818181818343e+00 8.656566755861830042e+19
1.328282828282828287e+00 8.304301702117746278e+19
1.338383838383838453e+00 7.685617944089119949e+19
1.348484848484848619e+00 6.839609717213154509e+19
1.358585858585858563e+00 6.181749480277567078e+19
1.368686868686868729e+00 5.748267460831530189e+19
1.378787878787878896e+00 5.563586011151204352e+19
1.388888888888888840e+00 5.759975940253391258e+19
1.398989898989899228e+00 6.081386498698824909e+19
1.409090909090909172e+00 6.314278894429221683e+19
1.419191919191919116e+00 5.912658522932877722e+19
1.429292929292929504e+00 5.431124766720471859e+19
1.439393939393939448e+00 4.719417047326182605e+19
1.449494949494949614e+00 4.197181569676764774e+19
1.459595959595959780e+00 4.232024213551683994e+19
1.469696969696969724e+00 4.411282432079167488e+19
1.479797979797979890e+00 4.422715593789433446e+19
1.489898989898990056e+00 3.918951031877350195e+19
1.500000000000000000e+00 3.302495764015900262e+19
