5.000000000000000000e-01 1.439675595611333847e-02
5.101010101010100550e-01 2.253804355859756470e-02
5.202020202020202211e-01 9.281730279326438904e-03
5.303030303030302761e-01 1.840300709009170532e-01
5.404040404040404422e-01 6.640253663063049316e-01
5.505050505050504972e-01 9.823920130729675293e-01
5.606060606060605522e-01 5.475603342056274414e-01
5.707070707070707183e-01 6.381221860647201538e-02
5.808080808080807733e-01 5.774425715208053589e-02
5.909090909090909394e-01 4.288437962532043457e-02
6.010101010101009944e-01 5.328191518783569336e-01
6.111111111111111605e-01 1.041744232177734375e+00
6.212121212121212155e-01 1.189380764961242676e+00
6.313131313131312705e-01 1.217824220657348633e+00
6.414141414141414366e-01 1.032184481620788574e+00
6.515151515151514916e-01 1.173543810844421387e+00
6.616161616161616577e-01 1.285488128662109375e+00
6.717171717171717127e-01 1.920081853866577148e+00
6.818181818181818787e-01 3.473606109619140625e+00
6.919191919191919338e-01 7.047456264495849609e+00
7.020202020202019888e-01 1.224808883666992188e+01
7.121212121212121549e-01 1.649152374267578125e+01
7.222222222222222099e-01 2.312039184570312500e+01
7.323232323232323759e-01 2.932585334777832031e+01
7.424242424242424310e-01 3.252081680297851562e+01
7.525252525252525970e-01 3.973095321655273438e+01
7.626262626262626521e-01 5.133554458618164062e+01
7.727272727272727071e-01 6.976957702636718750e+01
7.828282828282828731e-01 9.415740966796875000e+01
7.929292929292929282e-01 1.179480590820312500e+02
8.030303030303029832e-01 1.430242004394531250e+02
8.131313131313131493e-01 1.686417541503906250e+02
8.232323232323233153e-01 1.955536651611328125e+02
8.333333333333333703e-01 2.314049224853515625e+02
8.434343434343434254e-01 2.839436645507812500e+02
8.535353535353535914e-01 3.455180664062500000e+02
8.636363636363636465e-01 3.981743774414062500e+02
8.737373737373737015e-01 4.462694702148437500e+02
8.838383838383838675e-01 5.042204284667968750e+02
8.939393939393940336e-01 5.654515380859375000e+02
9.040404040404040886e-01 6.129395751953125000e+02
9.141414141414141437e-01 6.550579223632812500e+02
9.242424242424243097e-01 7.104987182617187500e+02
9.343434343434343647e-01 7.706863403320312500e+02
9.444444444444444198e-01 8.187925415039062500e+02
9.545454545454545858e-01 8.593446655273437500e+02
9.646464646464647519e-01 9.121666259765625000e+02
9.747474747474748069e-01 9.579870605468750000e+02
9.848484848484848619e-01 9.770718994140625000e+02
9.949494949494950280e-01 9.866713256835937500e+02
1.005050505050505194e+00 9.843138427734375000e+02
1.015151515151515138e+00 9.845315551757812500e+02
1.025252525252525304e+00 9.831898803710937500e+02
1.035353535353535470e+00 9.440776977539062500e+02
1.045454545454545414e+00 9.097424316406250000e+02
1.055555555555555580e+00 8.945283813476562500e+02
1.065656565656565746e+00 8.402168579101562500e+02
1.075757575757575690e+00 7.595303955078125000e+02
1.085858585858585856e+00 6.947428588867187500e+02
1.095959595959596022e+00 6.313011474609375000e+02
1.106060606060605966e+00 5.620540771484375000e+02
1.116161616161616355e+00 5.092496337890625000e+02
1.126262626262626299e+00 4.784398803710937500e+02
1.136363636363636465e+00 4.398955383300781250e+02
1.146464646464646631e+00 3.802049255371093750e+02
1.156565656565656575e+00 3.265908203125000000e+02
1.166666666666666741e+00 2.764553833007812500e+02
1.176767676767676907e+00 2.279607543945312500e+02
1.186868686868686851e+00 1.926591339111328125e+02
1.196969696969697017e+00 1.603239440917968750e+02
1.207070707070707183e+00 1.264254608154296875e+02
1.217171717171717127e+00 9.606958770751953125e+01
1.227272727272727293e+00 7.778464508056640625e+01
1.237373737373737459e+00 6.661904907226562500e+01
1.247474747474747403e+00 5.221789932250976562e+01
1.257575757575757791e+00 3.798702239990234375e+01
1.267676767676767735e+00 3.090886116027832031e+01
1.277777777777777679e+00 2.825871658325195312e+01
1.287878787878788067e+00 2.359914207458496094e+01
1.297979797979798011e+00 1.536560821533203125e+01
1.308080808080808177e+00 8.037054061889648438e+00
1.318181818181818343e+00 4.730456352233886719e+00
1.328282828282828287e+00 4.089600086212158203e+00
1.338383838383838453e+00 3.851936578750610352e+00
1.348484848484848619e+00 3.280676603317260742e+00
1.358585858585858563e+00 2.488675594329833984e+00
1.368686868686868729e+00 1.464028477668762207e+00
1.378787878787878896e+00 1.022406220436096191e+00
1.388888888888888840e+00 1.012003302574157715e+00
1.398989898989899228e+00 4.820893406867980957e-01
1.409090909090909172e+00 8.488695323467254639e-02
1.419191919191919116e+00 6.628136616200208664e-03
1.429292929292929504e+00 1.528300461359322071e-03
1.439393939393939448e+00 1.737252343446016312e-03
1.449494949494949614e+00 1.423788256943225861e-03
1.459595959595959780e+00 8.249864913523197174e-04
1.469696969696969724e+00 1.342955365544185042e-04
1.479797979797979890e+00 4.479039052966982126e-04
1.489898989898990056e+00 7.612241897732019424e-04
1.500000000000000000e+00 7.460141787305474281e-04
