5.000000000000000000e-01 4.847332864000000000e+09
5.101010101010100550e-01 3.799099136000000000e+09
5.202020202020202211e-01 2.023897088000000000e+09
5.303030303030302761e-01 2.865975296000000000e+09
5.404040404040404422e-01 4.298339840000000000e+09
5.505050505050504972e-01 4.504193024000000000e+09
5.606060606060605522e-01 5.644901376000000000e+09
5.707070707070707183e-01 3.641905664000000000e+09
5.808080808080807733e-01 2.960361472000000000e+09
5.909090909090909394e-01 2.648463360000000000e+09
6.010101010101009944e-01 3.539125248000000000e+09
6.111111111111111605e-01 4.084562176000000000e+09
6.212121212121212155e-01 4.519106560000000000e+09
6.313131313131312705e-01 3.955791872000000000e+09
6.414141414141414366e-01 3.301191424000000000e+09
6.515151515151514916e-01 2.483644928000000000e+09
6.616161616161616577e-01 3.712800512000000000e+09
6.717171717171717127e-01 3.757663744000000000e+09
6.818181818181818787e-01 5.359609344000000000e+09
6.919191919191919338e-01 4.518026752000000000e+09
7.020202020202019888e-01 3.838461184000000000e+09
7.121212121212121549e-01 2.718240000000000000e+09
7.222222222222222099e-01 2.439406848000000000e+09
7.323232323232323759e-01 3.254273280000000000e+09
7.424242424242424310e-01 4.380459520000000000e+09
7.525252525252525970e-01 4.632842240000000000e+09
7.626262626262626521e-01 4.369152000000000000e+09
7.727272727272727071e-01 3.758951424000000000e+09
7.828282828282828731e-01 2.970163968000000000e+09
7.929292929292929282e-01 2.799311360000000000e+09
8.030303030303029832e-01 2.647953664000000000e+09
8.131313131313131493e-01 3.668314624000000000e+09
8.232323232323233153e-01 3.898826240000000000e+09
8.333333333333333703e-01 4.760928256000000000e+09
8.434343434343434254e-01 5.167055360000000000e+09
8.535353535353535914e-01 4.556895744000000000e+09
8.636363636363636465e-01 3.667324928000000000e+09
8.737373737373737015e-01 2.939879936000000000e+09
8.838383838383838675e-01 2.906252544000000000e+09
8.939393939393940336e-01 2.848284160000000000e+09
9.040404040404040886e-01 3.382987008000000000e+09
9.141414141414141437e-01 3.716699904000000000e+09
9.242424242424243097e-01 3.851773184000000000e+09
9.343434343434343647e-01 4.696365568000000000e+09
9.444444444444444198e-01 5.375886336000000000e+09
9.545454545454545858e-01 2.795806976000000000e+09
9.646464646464647519e-01 2.968669952000000000e+09
9.747474747474748069e-01 2.834147840000000000e+09
9.848484848484848619e-01 1.931168384000000000e+09
9.949494949494950280e-01 2.648328448000000000e+09
1.005050505050505194e+00 2.638462976000000000e+09
1.015151515151515138e+00 3.373112064000000000e+09
1.025252525252525304e+00 3.995338496000000000e+09
1.035353535353535470e+00 3.967493120000000000e+09
1.045454545454545414e+00 3.842140928000000000e+09
1.055555555555555580e+00 3.306388736000000000e+09
1.065656565656565746e+00 3.641638400000000000e+09
1.075757575757575690e+00 3.005787904000000000e+09
1.085858585858585856e+00 3.024977152000000000e+09
1.095959595959596022e+00 3.098221568000000000e+09
1.106060606060605966e+00 3.819656960000000000e+09
1.116161616161616355e+00 3.277454848000000000e+09
1.126262626262626299e+00 3.173491712000000000e+09
1.136363636363636465e+00 3.656352256000000000e+09
1.146464646464646631e+00 3.606584064000000000e+09
1.156565656565656575e+00 2.274208768000000000e+09
1.166666666666666741e+00 2.839580416000000000e+09
1.176767676767676907e+00 2.598638592000000000e+09
1.186868686868686851e+00 2.252217600000000000e+09
1.196969696969697017e+00 2.513786880000000000e+09
1.207070707070707183e+00 3.029104128000000000e+09
1.217171717171717127e+00 2.437910784000000000e+09
1.227272727272727293e+00 2.989365760000000000e+09
1.237373737373737459e+00 2.639998720000000000e+09
1.247474747474747403e+00 2.782345984000000000e+09
1.257575757575757791e+00 2.746329600000000000e+09
1.267676767676767735e+00 2.640661760000000000e+09
1.277777777777777679e+00 2.326300672000000000e+09
1.287878787878788067e+00 2.903183360000000000e+09
1.297979797979798011e+00 2.927695872000000000e+09
1.308080808080808177e+00 2.517001472000000000e+09
1.318181818181818343e+00 2.393677056000000000e+09
1.328282828282828287e+00 2.630693120000000000e+09
1.338383838383838453e+00 1.871554688000000000e+09
1.348484848484848619e+00 2.429657088000000000e+09
1.358585858585858563e+00 2.473270016000000000e+09
1.368686868686868729e+00 2.194187776000000000e+09
1.378787878787878896e+00 2.110724736000000000e+09
1.388888888888888840e+00 2.089063040000000000e+09
1.398989898989899228e+00 2.429386752000000000e+09
1.409090909090909172e+00 2.551001344000000000e+09
1.419191919191919116e+00 2.468825088000000000e+09
1.429292929292929504e+00 2.498859008000000000e+09
1.439393939393939448e+00 2.396738304000000000e+09
1.449494949494949614e+00 2.369818880000000000e+09
1.459595959595959780e+00 2.133771520000000000e+09
1.469696969696969724e+00 2.540548096000000000e+09
1.479797979797979890e+00 2.310983424000000000e+09
1.489898989898990056e+00 1.968808320000000000e+09
1.500000000000000000e+00 1.834684928000000000e+09
