5.000000000000000000e-01 1.875571615528315306e-05
5.101010101010100550e-01 2.558338019298389554e-05
5.202020202020202211e-01 5.405732372310012579e-05
5.303030303030302761e-01 1.618032983969897032e-04
5.404040404040404422e-01 7.710781937930732965e-05
5.505050505050504972e-01 1.177378726424649358e-05
5.606060606060605522e-01 1.830798828450497240e-05
5.707070707070707183e-01 1.173518558061914518e-05
5.808080808080807733e-01 4.108230132260359824e-05
5.909090909090909394e-01 2.330960523977410048e-05
6.010101010101009944e-01 2.171638698200695217e-05
6.111111111111111605e-01 2.834456608979962766e-05
6.212121212121212155e-01 5.129849159857258201e-05
6.313131313131312705e-01 1.210098271258175373e-04
6.414141414141414366e-01 1.306936464970931411e-04
6.515151515151514916e-01 7.391045801341533661e-04
6.616161616161616577e-01 6.433312228182330728e-05
6.717171717171717127e-01 1.663889124756678939e-04
6.818181818181818787e-01 2.394767070654779673e-04
6.919191919191919338e-01 4.270510398782789707e-04
7.020202020202019888e-01 2.007492439588531852e-04
7.121212121212121549e-01 1.795556017896160483e-04
7.222222222222222099e-01 2.400027879048138857e-04
7.323232323232323759e-01 8.993349620141088963e-04
7.424242424242424310e-01 3.094206331297755241e-04
7.525252525252525970e-01 8.558119880035519600e-04
7.626262626262626521e-01 1.921492046676576138e-03
7.727272727272727071e-01 3.347478806972503662e-03
7.828282828282828731e-01 4.679411649703979492e-03
7.929292929292929282e-01 4.714873153716325760e-03
8.030303030303029832e-01 7.820052094757556915e-03
8.131313131313131493e-01 2.310353145003318787e-02
8.232323232323233153e-01 4.502758011221885681e-02
8.333333333333333703e-01 7.080291956663131714e-02
8.434343434343434254e-01 1.418131589889526367e-01
8.535353535353535914e-01 1.867243647575378418e-01
8.636363636363636465e-01 2.406995892524719238e-01
8.737373737373737015e-01 2.560578882694244385e-01
8.838383838383838675e-01 2.150489836931228638e-01
8.939393939393940336e-01 1.569695472717285156e-01
9.040404040404040886e-01 1.325745135545730591e-01
9.141414141414141437e-01 9.670507907867431641e-02
9.242424242424243097e-01 6.905370950698852539e-02
9.343434343434343647e-01 7.100503891706466675e-02
9.444444444444444198e-01 4.683851450681686401e-02
9.545454545454545858e-01 4.856546595692634583e-02
9.646464646464647519e-01 5.788529291749000549e-02
9.747474747474748069e-01 4.344406351447105408e-02
9.848484848484848619e-01 4.416607320308685303e-02
9.949494949494950280e-01 3.241294994950294495e-02
1.005050505050505194e+00 3.687909990549087524e-02
1.015151515151515138e+00 2.698737569153308868e-02
1.025252525252525304e+00 3.581878915429115295e-02
1.035353535353535470e+00 3.355675190687179565e-02
1.045454545454545414e+00 3.730757534503936768e-02
1.055555555555555580e+00 3.800760954618453979e-02
1.065656565656565746e+00 3.837478533387184143e-02
1.075757575757575690e+00 3.221055865287780762e-02
1.085858585858585856e+00 3.226809576153755188e-02
1.095959595959596022e+00 3.689394146203994751e-02
1.106060606060605966e+00 3.109870105981826782e-02
1.116161616161616355e+00 3.435674309730529785e-02
1.126262626262626299e+00 3.009163960814476013e-02
1.136363636363636465e+00 1.979596540331840515e-02
1.146464646464646631e+00 1.637733913958072662e-02
1.156565656565656575e+00 1.682742498815059662e-02
1.166666666666666741e+00 8.802103810012340546e-03
1.176767676767676907e+00 1.133513078093528748e-02
1.186868686868686851e+00 6.342876236885786057e-03
1.196969696969697017e+00 1.074411906301975250e-02
1.207070707070707183e+00 5.807633977383375168e-03
1.217171717171717127e+00 3.083951538428664207e-03
1.227272727272727293e+00 4.425499588251113892e-03
1.237373737373737459e+00 2.872575307264924049e-03
1.247474747474747403e+00 1.677095424383878708e-03
1.257575757575757791e+00 9.829892078414559364e-04
1.267676767676767735e+00 1.825066166929900646e-03
1.277777777777777679e+00 7.465094677172601223e-04
1.287878787878788067e+00 1.415886450558900833e-03
1.297979797979798011e+00 3.263562684878706932e-04
1.308080808080808177e+00 3.662637609522789717e-04
1.318181818181818343e+00 5.333338631317019463e-04
1.328282828282828287e+00 3.498801088426262140e-04
1.338383838383838453e+00 1.745099725667387247e-04
1.348484848484848619e+00 1.592856424394994974e-04
1.358585858585858563e+00 2.564005262684077024e-04
1.368686868686868729e+00 9.442465670872479677e-05
1.378787878787878896e+00 1.048343765432946384e-04
1.388888888888888840e+00 1.228093897225335240e-04
1.398989898989899228e+00 4.295258258935064077e-05
1.409090909090909172e+00 3.533412154865800403e-06
1.419191919191919116e+00 1.001449277282517869e-06
1.429292929292929504e+00 1.819026806515466888e-06
1.439393939393939448e+00 5.266364837552828249e-07
1.449494949494949614e+00 1.523695516425505048e-07
1.459595959595959780e+00 6.690655141028400976e-07
1.469696969696969724e+00 1.121931560987832199e-07
1.479797979797979890e+00 5.325726988303358667e-07
1.489898989898990056e+00 2.376363283929094905e-07
1.500000000000000000e+00 3.285817058440443361e-07
