5.000000000000000000e-01 6.098223209381103516e+00
5.101010101010100550e-01 5.332387924194335938e+00
5.202020202020202211e-01 3.082106113433837891e+00
5.303030303030302761e-01 3.796613961458206177e-02
5.404040404040404422e-01 3.188592910766601562e+00
5.505050505050504972e-01 5.535559654235839844e+00
5.606060606060605522e-01 6.468117713928222656e+00
5.707070707070707183e-01 5.749841213226318359e+00
5.808080808080807733e-01 3.565291166305541992e+00
5.909090909090909394e-01 4.612880051136016846e-01
6.010101010101009944e-01 2.802173614501953125e+00
6.111111111111111605e-01 5.441356658935546875e+00
6.212121212121212155e-01 6.836153984069824219e+00
6.313131313131312705e-01 6.668022155761718750e+00
6.414141414141414366e-01 4.979573726654052734e+00
6.515151515151514916e-01 2.150607824325561523e+00
6.616161616161616577e-01 1.199785828590393066e+00
6.717171717171717127e-01 4.356971740722656250e+00
6.818181818181818787e-01 6.664832115173339844e+00
6.919191919191919338e-01 7.656709194183349609e+00
7.020202020202019888e-01 7.140560150146484375e+00
7.121212121212121549e-01 5.220180988311767578e+00
7.222222222222222099e-01 2.261824846267700195e+00
7.323232323232323759e-01 1.189954757690429688e+00
7.424242424242424310e-01 4.519698143005371094e+00
7.525252525252525970e-01 7.151952743530273438e+00
7.626262626262626521e-01 8.647506713867187500e+00
7.727272727272727071e-01 8.766467094421386719e+00
7.828282828282828731e-01 7.490086078643798828e+00
7.929292929292929282e-01 5.012167930603027344e+00
8.030303030303029832e-01 1.690941095352172852e+00
8.131313131313131493e-01 2.013065099716186523e+00
8.232323232323233153e-01 5.608253002166748047e+00
8.333333333333333703e-01 8.639474868774414062e+00
8.434343434343434254e-01 1.074281215667724609e+01
8.535353535353535914e-01 1.165648651123046875e+01
8.636363636363636465e-01 1.141402053833007812e+01
8.737373737373737015e-01 9.574197769165039062e+00
8.838383838383838675e-01 7.168958663940429688e+00
8.939393939393940336e-01 3.423991680145263672e+00
9.040404040404040886e-01 7.494398951530456543e-01
9.141414141414141437e-01 5.318966865539550781e+00
9.242424242424243097e-01 1.000337982177734375e+01
9.343434343434343647e-01 1.462694931030273438e+01
9.444444444444444198e-01 1.909387016296386719e+01
9.545454545454545858e-01 2.345076751708984375e+01
9.646464646464647519e-01 2.408572006225585938e+01
9.747474747474748069e-01 1.520147705078125000e+02
9.848484848484848619e-01 1.418534912109375000e+03
9.949494949494950280e-01 6.384245605468750000e+03
1.005050505050505194e+00 9.945464843750000000e+03
1.015151515151515138e+00 5.695668945312500000e+03
1.025252525252525304e+00 1.127094116210937500e+03
1.035353535353535470e+00 1.114343109130859375e+02
1.045454545454545414e+00 1.820262527465820312e+01
1.055555555555555580e+00 1.824782943725585938e+01
1.065656565656565746e+00 1.508109474182128906e+01
1.075757575757575690e+00 1.288705730438232422e+01
1.085858585858585856e+00 1.099145889282226562e+01
1.095959595959596022e+00 9.387580871582031250e+00
1.106060606060605966e+00 8.023723602294921875e+00
1.116161616161616355e+00 6.866299152374267578e+00
1.126262626262626299e+00 5.889350891113281250e+00
1.136363636363636465e+00 5.070662498474121094e+00
1.146464646464646631e+00 4.390166759490966797e+00
1.156565656565656575e+00 3.829124689102172852e+00
1.166666666666666741e+00 3.371248960494995117e+00
1.176767676767676907e+00 3.000557422637939453e+00
1.186868686868686851e+00 2.702456474304199219e+00
1.196969696969697017e+00 2.464003324508666992e+00
1.207070707070707183e+00 2.273040533065795898e+00
1.217171717171717127e+00 2.118602514266967773e+00
1.227272727272727293e+00 1.990489959716796875e+00
1.237373737373737459e+00 1.879695057868957520e+00
1.247474747474747403e+00 1.777547359466552734e+00
1.257575757575757791e+00 1.676354169845581055e+00
1.267676767676767735e+00 1.569057106971740723e+00
1.277777777777777679e+00 1.449782013893127441e+00
1.287878787878788067e+00 1.313558101654052734e+00
1.297979797979798011e+00 1.157282471656799316e+00
1.308080808080808177e+00 9.797002077102661133e-01
1.318181818181818343e+00 7.821571230888366699e-01
1.328282828282828287e+00 5.690402388572692871e-01
1.338383838383838453e+00 3.479712307453155518e-01
1.348484848484848619e+00 1.298051625490188599e-01
1.358585858585858563e+00 7.191547751426696777e-02
1.368686868686868729e+00 2.420594692230224609e-01
1.378787878787878896e+00 3.658633232116699219e-01
1.388888888888888840e+00 4.314773380756378174e-01
1.398989898989899228e+00 4.325306415557861328e-01
1.409090909090909172e+00 3.710373640060424805e-01
1.419191919191919116e+00 2.590297758579254150e-01
1.429292929292929504e+00 1.181526705622673035e-01
1.439393939393939448e+00 2.307670563459396362e-02
1.449494949494949614e+00 1.346169114112854004e-01
1.459595959595959780e+00 1.927317231893539429e-01
1.469696969696969724e+00 1.873190551996231079e-01
1.479797979797979890e+00 1.266295313835144043e-01
1.489898989898990056e+00 3.631754964590072632e-02
1.500000000000000000e+00 4.828837141394615173e-02
