5.000000000000000000e-01 4.490262642502784729e-02
5.101010101010100550e-01 4.572505131363868713e-02
5.202020202020202211e-01 3.365481644868850708e-02
5.303030303030302761e-01 1.150633580982685089e-02
5.404040404040404422e-01 1.509394217282533646e-02
5.505050505050504972e-01 3.937695920467376709e-02
5.606060606060605522e-01 5.482461676001548767e-02
5.707070707070707183e-01 5.729957297444343567e-02
5.808080808080807733e-01 6.201155856251716614e-02
5.909090909090909394e-01 1.880979537963867188e-01
6.010101010101009944e-01 1.177111268043518066e+00
6.111111111111111605e-01 2.662132263183593750e+00
6.212121212121212155e-01 2.338927030563354492e+00
6.313131313131312705e-01 9.938943982124328613e-01
6.414141414141414366e-01 5.279450416564941406e-01
6.515151515151514916e-01 1.713153243064880371e+00
6.616161616161616577e-01 3.061266422271728516e+00
6.717171717171717127e-01 4.128440856933593750e+00
6.818181818181818787e-01 5.350661754608154297e+00
6.919191919191919338e-01 6.049875736236572266e+00
7.020202020202019888e-01 7.330389976501464844e+00
7.121212121212121549e-01 8.711404800415039062e+00
7.222222222222222099e-01 1.175488948822021484e+01
7.323232323232323759e-01 1.958863067626953125e+01
7.424242424242424310e-01 3.075479698181152344e+01
7.525252525252525970e-01 4.433572006225585938e+01
7.626262626262626521e-01 6.100187683105468750e+01
7.727272727272727071e-01 7.824966430664062500e+01
7.828282828282828731e-01 9.359184265136718750e+01
7.929292929292929282e-01 1.108781356811523438e+02
8.030303030303029832e-01 1.322870025634765625e+02
8.131313131313131493e-01 1.590024261474609375e+02
8.232323232323233153e-01 1.947340087890625000e+02
8.333333333333333703e-01 2.359882202148437500e+02
8.434343434343434254e-01 2.828425903320312500e+02
8.535353535353535914e-01 3.361056823730468750e+02
8.636363636363636465e-01 3.855448303222656250e+02
8.737373737373737015e-01 4.291833496093750000e+02
8.838383838383838675e-01 4.762731323242187500e+02
8.939393939393940336e-01 5.358673095703125000e+02
9.040404040404040886e-01 6.062156372070312500e+02
9.141414141414141437e-01 6.619681396484375000e+02
9.242424242424243097e-01 7.085310668945312500e+02
9.343434343434343647e-01 7.633675537109375000e+02
9.444444444444444198e-01 8.141508789062500000e+02
9.545454545454545858e-01 8.691907348632812500e+02
9.646464646464647519e-01 9.190425415039062500e+02
9.747474747474748069e-01 9.474385375976562500e+02
9.848484848484848619e-01 9.715101928710937500e+02
9.949494949494950280e-01 1.002984619140625000e+03
1.005050505050505194e+00 1.027375488281250000e+03
1.015151515151515138e+00 1.021564697265625000e+03
1.025252525252525304e+00 9.957321166992187500e+02
1.035353535353535470e+00 9.547396240234375000e+02
1.045454545454545414e+00 9.001700439453125000e+02
1.055555555555555580e+00 8.477020874023437500e+02
1.065656565656565746e+00 8.071162719726562500e+02
1.075757575757575690e+00 7.770789794921875000e+02
1.085858585858585856e+00 7.461133422851562500e+02
1.095959595959596022e+00 6.951762695312500000e+02
1.106060606060605966e+00 6.136737060546875000e+02
1.116161616161616355e+00 5.432385253906250000e+02
1.126262626262626299e+00 4.858111267089843750e+02
1.136363636363636465e+00 4.180095520019531250e+02
1.146464646464646631e+00 3.622088928222656250e+02
1.156565656565656575e+00 3.155101928710937500e+02
1.166666666666666741e+00 2.680004272460937500e+02
1.176767676767676907e+00 2.259132690429687500e+02
1.186868686868686851e+00 1.902059020996093750e+02
1.196969696969697017e+00 1.585705871582031250e+02
1.207070707070707183e+00 1.251316452026367188e+02
1.217171717171717127e+00 9.288922882080078125e+01
1.227272727272727293e+00 7.203046417236328125e+01
1.237373737373737459e+00 5.634248352050781250e+01
1.247474747474747403e+00 4.500156402587890625e+01
1.257575757575757791e+00 3.909211349487304688e+01
1.267676767676767735e+00 3.252471923828125000e+01
1.277777777777777679e+00 2.476026725769042969e+01
1.287878787878788067e+00 1.735892486572265625e+01
1.297979797979798011e+00 1.055817413330078125e+01
1.308080808080808177e+00 5.896275997161865234e+00
1.318181818181818343e+00 3.705792427062988281e+00
1.328282828282828287e+00 3.231263637542724609e+00
1.338383838383838453e+00 3.406553030014038086e+00
1.348484848484848619e+00 2.512733221054077148e+00
1.358585858585858563e+00 1.439441800117492676e+00
1.368686868686868729e+00 1.078719735145568848e+00
1.378787878787878896e+00 4.967619776725769043e-01
1.388888888888888840e+00 9.127731621265411377e-02
1.398989898989899228e+00 4.717383533716201782e-03
1.409090909090909172e+00 5.468039889819920063e-04
1.419191919191919116e+00 2.921071427408605814e-04
1.429292929292929504e+00 8.418654906563460827e-04
1.439393939393939448e+00 1.144816051237285137e-03
1.449494949494949614e+00 1.116316881962120533e-03
1.459595959595959780e+00 8.155683754011988640e-04
1.469696969696969724e+00 3.432501689530909061e-04
1.479797979797979890e+00 1.293032255489379168e-04
1.489898989898990056e+00 4.651013005059212446e-04
1.500000000000000000e+00 5.814280011691153049e-04
