5.000000000000000000e-01 1.590709924659200000e+13
5.101010101010100550e-01 1.343081676800000000e+13
5.202020202020202211e-01 1.109211794636800000e+13
5.303030303030302761e-01 1.203977899212800000e+13
5.404040404040404422e-01 1.444672857702400000e+13
5.505050505050504972e-01 1.659978645504000000e+13
5.606060606060605522e-01 1.605894248857600000e+13
5.707070707070707183e-01 1.398803844300800000e+13
5.808080808080807733e-01 1.173869926809600000e+13
5.909090909090909394e-01 1.257016655872000000e+13
6.010101010101009944e-01 1.451201291878400000e+13
6.111111111111111605e-01 1.691262281318400000e+13
6.212121212121212155e-01 1.730679196876800000e+13
6.313131313131312705e-01 1.468702025318400000e+13
6.414141414141414366e-01 1.308272518758400000e+13
6.515151515151514916e-01 1.220776401305600000e+13
6.616161616161616577e-01 1.429918554521600000e+13
6.717171717171717127e-01 1.598872354816000000e+13
6.818181818181818787e-01 1.729578192076800000e+13
6.919191919191919338e-01 1.726561858355200000e+13
7.020202020202019888e-01 1.549250068480000000e+13
7.121212121212121549e-01 1.319284978483200000e+13
7.222222222222222099e-01 1.318756181606400000e+13
7.323232323232323759e-01 1.483243677286400000e+13
7.424242424242424310e-01 1.691773986406400000e+13
7.525252525252525970e-01 1.804106045849600000e+13
7.626262626262626521e-01 1.746137094553600000e+13
7.727272727272727071e-01 1.633849704448000000e+13
7.828282828282828731e-01 1.489717795225600000e+13
7.929292929292929282e-01 1.427448109465600000e+13
8.030303030303029832e-01 1.495489576960000000e+13
8.131313131313131493e-01 1.639217889280000000e+13
8.232323232323233153e-01 1.787219358515200000e+13
8.333333333333333703e-01 1.868124127232000000e+13
8.434343434343434254e-01 1.823445142732800000e+13
8.535353535353535914e-01 1.782325025177600000e+13
8.636363636363636465e-01 1.676930029977600000e+13
8.737373737373737015e-01 1.571684352000000000e+13
8.838383838383838675e-01 1.571802107084800000e+13
8.939393939393940336e-01 1.736195126067200000e+13
9.040404040404040886e-01 1.847488361267200000e+13
9.141414141414141437e-01 1.911127067852800000e+13
9.242424242424243097e-01 2.002762543923200000e+13
9.343434343434343647e-01 2.034956972851200000e+13
9.444444444444444198e-01 2.003821395968000000e+13
9.545454545454545858e-01 1.920239193292800000e+13
9.646464646464647519e-01 1.882019436953600000e+13
9.747474747474748069e-01 1.844876777881600000e+13
9.848484848484848619e-01 1.849421725696000000e+13
9.949494949494950280e-01 1.940850003148800000e+13
1.005050505050505194e+00 1.985555831193600000e+13
1.015151515151515138e+00 2.095367323648000000e+13
1.025252525252525304e+00 2.165055265177600000e+13
1.035353535353535470e+00 2.257796150067200000e+13
1.045454545454545414e+00 2.325215182848000000e+13
1.055555555555555580e+00 2.416461637222400000e+13
1.065656565656565746e+00 2.474931912704000000e+13
1.075757575757575690e+00 2.498333612441600000e+13
1.085858585858585856e+00 2.486332240691200000e+13
1.095959595959596022e+00 2.559126064332800000e+13
1.106060606060605966e+00 2.574055899136000000e+13
1.116161616161616355e+00 2.530232133222400000e+13
1.126262626262626299e+00 2.525266916147200000e+13
1.136363636363636465e+00 2.529731333324800000e+13
1.146464646464646631e+00 2.484283323187200000e+13
1.156565656565656575e+00 2.448743936819200000e+13
1.166666666666666741e+00 2.431037892198400000e+13
1.176767676767676907e+00 2.359472160768000000e+13
1.186868686868686851e+00 2.255947091148800000e+13
1.196969696969697017e+00 2.126248935424000000e+13
1.207070707070707183e+00 1.940880202137600000e+13
1.217171717171717127e+00 1.816129227980800000e+13
1.227272727272727293e+00 1.675857651302400000e+13
1.237373737373737459e+00 1.482152948531200000e+13
1.247474747474747403e+00 1.363364492083200000e+13
1.257575757575757791e+00 1.251807330304000000e+13
1.267676767676767735e+00 1.106452466892800000e+13
1.277777777777777679e+00 1.000635524710400000e+13
1.287878787878788067e+00 9.084741877760000000e+12
1.297979797979798011e+00 8.097873526784000000e+12
1.308080808080808177e+00 7.296113442816000000e+12
1.318181818181818343e+00 6.902520479744000000e+12
1.328282828282828287e+00 6.082673508352000000e+12
1.338383838383838453e+00 5.745255907328000000e+12
1.348484848484848619e+00 5.300223475712000000e+12
1.358585858585858563e+00 4.751718612992000000e+12
1.368686868686868729e+00 4.216084758528000000e+12
1.378787878787878896e+00 3.502027309056000000e+12
1.388888888888888840e+00 2.993790648320000000e+12
1.398989898989899228e+00 2.546921373696000000e+12
1.409090909090909172e+00 2.122006921216000000e+12
1.419191919191919116e+00 2.045453271040000000e+12
1.429292929292929504e+00 2.040813060096000000e+12
1.439393939393939448e+00 1.941156921344000000e+12
1.449494949494949614e+00 1.601707573248000000e+12
1.459595959595959780e+00 1.268198277120000000e+12
1.469696969696969724e+00 9.887771525120000000e+11
1.479797979797979890e+00 9.279165562880000000e+11
1.489898989898990056e+00 9.448403107840000000e+11
1.500000000000000000e+00 8.552537128960000000e+11
