5.000000000000000000e-01 1.608871078491210938e+01
5.101010101010100550e-01 1.127876567840576172e+01
5.202020202020202211e-01 1.358943939208984375e+01
5.303030303030302761e-01 2.036939048767089844e+01
5.404040404040404422e-01 2.529193687438964844e+01
5.505050505050504972e-01 3.689628219604492188e+01
5.606060606060605522e-01 4.062332534790039062e+01
5.707070707070707183e-01 4.607374572753906250e+01
5.808080808080807733e-01 4.749448394775390625e+01
5.909090909090909394e-01 4.989312744140625000e+01
6.010101010101009944e-01 5.671806716918945312e+01
6.111111111111111605e-01 6.061352920532226562e+01
6.212121212121212155e-01 7.041944885253906250e+01
6.313131313131312705e-01 7.470071411132812500e+01
6.414141414141414366e-01 8.373336029052734375e+01
6.515151515151514916e-01 8.957634735107421875e+01
6.616161616161616577e-01 8.956300354003906250e+01
6.717171717171717127e-01 9.866307067871093750e+01
6.818181818181818787e-01 1.065614852905273438e+02
6.919191919191919338e-01 1.164114379882812500e+02
7.020202020202019888e-01 1.181493072509765625e+02
7.121212121212121549e-01 1.354982757568359375e+02
7.222222222222222099e-01 1.554185485839843750e+02
7.323232323232323759e-01 1.655662078857421875e+02
7.424242424242424310e-01 1.810513916015625000e+02
7.525252525252525970e-01 1.879166717529296875e+02
7.626262626262626521e-01 2.020939941406250000e+02
7.727272727272727071e-01 2.173963928222656250e+02
7.828282828282828731e-01 2.353327331542968750e+02
7.929292929292929282e-01 2.487807922363281250e+02
8.030303030303029832e-01 2.749976196289062500e+02
8.131313131313131493e-01 3.180611877441406250e+02
8.232323232323233153e-01 3.335718383789062500e+02
8.333333333333333703e-01 3.292245788574218750e+02
8.434343434343434254e-01 3.274705810546875000e+02
8.535353535353535914e-01 3.550905151367187500e+02
8.636363636363636465e-01 3.785632934570312500e+02
8.737373737373737015e-01 3.839786682128906250e+02
8.838383838383838675e-01 3.937659606933593750e+02
8.939393939393940336e-01 4.101317138671875000e+02
9.040404040404040886e-01 4.295438537597656250e+02
9.141414141414141437e-01 4.384445495605468750e+02
9.242424242424243097e-01 4.448575744628906250e+02
9.343434343434343647e-01 4.528627624511718750e+02
9.444444444444444198e-01 4.696588745117187500e+02
9.545454545454545858e-01 4.716253967285156250e+02
9.646464646464647519e-01 4.742565002441406250e+02
9.747474747474748069e-01 4.762799987792968750e+02
9.848484848484848619e-01 4.807092285156250000e+02
9.949494949494950280e-01 4.845557861328125000e+02
1.005050505050505194e+00 4.856529235839843750e+02
1.015151515151515138e+00 4.896944580078125000e+02
1.025252525252525304e+00 5.015834960937500000e+02
1.035353535353535470e+00 5.208081665039062500e+02
1.045454545454545414e+00 5.160733642578125000e+02
1.055555555555555580e+00 5.054178161621093750e+02
1.065656565656565746e+00 4.945495910644531250e+02
1.075757575757575690e+00 4.949387207031250000e+02
1.085858585858585856e+00 4.839358825683593750e+02
1.095959595959596022e+00 4.685316467285156250e+02
1.106060606060605966e+00 4.408839416503906250e+02
1.116161616161616355e+00 4.193309020996093750e+02
1.126262626262626299e+00 4.096377868652343750e+02
1.136363636363636465e+00 4.247763366699218750e+02
1.146464646464646631e+00 4.273313293457031250e+02
1.156565656565656575e+00 4.155144653320312500e+02
1.166666666666666741e+00 4.006233520507812500e+02
1.176767676767676907e+00 3.845990600585937500e+02
1.186868686868686851e+00 3.696191101074218750e+02
1.196969696969697017e+00 3.627265930175781250e+02
1.207070707070707183e+00 3.311099853515625000e+02
1.217171717171717127e+00 2.865110168457031250e+02
1.227272727272727293e+00 2.562058105468750000e+02
1.237373737373737459e+00 2.499618530273437500e+02
1.247474747474747403e+00 2.546815643310546875e+02
1.257575757575757791e+00 2.523502960205078125e+02
1.267676767676767735e+00 2.353813781738281250e+02
1.277777777777777679e+00 2.207128906250000000e+02
1.287878787878788067e+00 2.020847320556640625e+02
1.297979797979798011e+00 1.944179992675781250e+02
1.308080808080808177e+00 1.797573394775390625e+02
1.318181818181818343e+00 1.726323852539062500e+02
1.328282828282828287e+00 1.556285858154296875e+02
1.338383838383838453e+00 1.400262298583984375e+02
1.348484848484848619e+00 1.298096771240234375e+02
1.358585858585858563e+00 1.336163024902343750e+02
1.368686868686868729e+00 1.285121002197265625e+02
1.378787878787878896e+00 1.118382720947265625e+02
1.388888888888888840e+00 1.026290740966796875e+02
1.398989898989899228e+00 9.865441894531250000e+01
1.409090909090909172e+00 9.686259460449218750e+01
1.419191919191919116e+00 7.501705169677734375e+01
1.429292929292929504e+00 6.942575836181640625e+01
1.439393939393939448e+00 4.428485870361328125e+01
1.449494949494949614e+00 6.688475036621093750e+01
1.459595959595959780e+00 3.888768386840820312e+01
1.469696969696969724e+00 4.195192718505859375e+01
1.479797979797979890e+00 3.171000671386718750e+01
1.489898989898990056e+00 3.345734405517578125e+01
1.500000000000000000e+00 2.962267303466796875e+01
