5.000000000000000000e-01 3.185578564265583746e+26
5.101010101010100550e-01 2.357735729434887029e+26
5.202020202020202211e-01 1.610508117685352846e+26
5.303030303030302761e-01 1.925933606287730896e+26
5.404040404040404422e-01 2.775757212421778441e+26
5.505050505050504972e-01 3.220498250797115927e+26
5.606060606060605522e-01 3.093377679101487191e+26
5.707070707070707183e-01 2.354254644360737299e+26
5.808080808080807733e-01 1.667297157186030649e+26
5.909090909090909394e-01 1.860208041620544501e+26
6.010101010101009944e-01 2.635399626113737204e+26
6.111111111111111605e-01 3.222742112746241957e+26
6.212121212121212155e-01 3.092576537006365985e+26
6.313131313131312705e-01 2.573154224183496853e+26
6.414141414141414366e-01 1.903414558992309224e+26
6.515151515151514916e-01 1.662008844594979594e+26
6.616161616161616577e-01 2.244474012094395541e+26
6.717171717171717127e-01 2.867400821447408230e+26
6.818181818181818787e-01 3.091636121993488272e+26
6.919191919191919338e-01 2.953743943030898317e+26
7.020202020202019888e-01 2.396350114336942496e+26
7.121212121212121549e-01 1.797416616065722347e+26
7.222222222222222099e-01 1.698916721202776191e+26
7.323232323232323759e-01 2.221828789069509696e+26
7.424242424242424310e-01 2.814054682260647578e+26
7.525252525252525970e-01 3.036158830463891955e+26
7.626262626262626521e-01 2.886982224749091656e+26
7.727272727272727071e-01 2.530973530249671118e+26
7.828282828282828731e-01 1.906016103309024482e+26
7.929292929292929282e-01 1.662522401949991668e+26
8.030303030303029832e-01 1.855455238009953235e+26
8.131313131313131493e-01 2.346421050022395801e+26
8.232323232323233153e-01 2.706518096410872587e+26
8.333333333333333703e-01 2.883487858019208856e+26
8.434343434343434254e-01 2.859422420168088112e+26
8.535353535353535914e-01 2.477933422547093307e+26
8.636363636363636465e-01 2.057913972709578414e+26
8.737373737373737015e-01 1.691964881231158010e+26
8.838383838383838675e-01 1.636515444285112994e+26
8.939393939393940336e-01 1.844178189955372375e+26
9.040404040404040886e-01 2.184124566520051058e+26
9.141414141414141437e-01 2.502225755350320679e+26
9.242424242424243097e-01 2.701122423769312543e+26
9.343434343434343647e-01 2.662740098907704342e+26
9.444444444444444198e-01 2.515085534046425819e+26
9.545454545454545858e-01 2.324521075458087821e+26
9.646464646464647519e-01 2.048840203767161422e+26
9.747474747474748069e-01 1.753011798198929451e+26
9.848484848484848619e-01 1.604069466133865264e+26
9.949494949494950280e-01 1.556584410941644347e+26
1.005050505050505194e+00 1.691564402417317775e+26
1.015151515151515138e+00 1.845539006265689928e+26
1.025252525252525304e+00 1.995402937664676645e+26
1.035353535353535470e+00 2.132024689362910223e+26
1.045454545454545414e+00 2.289227473424181548e+26
1.055555555555555580e+00 2.281859843841141953e+26
1.065656565656565746e+00 2.291802269961989927e+26
1.075757575757575690e+00 2.243744812301161803e+26
1.085858585858585856e+00 2.196197038179090274e+26
1.095959595959596022e+00 2.093237274001443360e+26
1.106060606060605966e+00 2.038092023865173815e+26
1.116161616161616355e+00 1.894152448792899658e+26
1.126262626262626299e+00 1.825521706401544745e+26
1.136363636363636465e+00 1.716624488708892938e+26
1.146464646464646631e+00 1.661536607946692630e+26
1.156565656565656575e+00 1.599816938222553001e+26
1.166666666666666741e+00 1.531760442974212667e+26
1.176767676767676907e+00 1.509346542120011139e+26
1.186868686868686851e+00 1.432714801187845814e+26
1.196969696969697017e+00 1.385323270988078605e+26
1.207070707070707183e+00 1.427410163228289527e+26
1.217171717171717127e+00 1.406865470951076988e+26
1.227272727272727293e+00 1.373182823077127769e+26
1.237373737373737459e+00 1.380086055878111726e+26
1.247474747474747403e+00 1.356642642237156468e+26
1.257575757575757791e+00 1.389909408265963905e+26
1.267676767676767735e+00 1.384855000389767488e+26
1.277777777777777679e+00 1.399802028177812863e+26
1.287878787878788067e+00 1.364765942691175575e+26
1.297979797979798011e+00 1.397167464189205665e+26
1.308080808080808177e+00 1.349380066861616649e+26
1.318181818181818343e+00 1.324082570973812844e+26
1.328282828282828287e+00 1.263389093622493677e+26
1.338383838383838453e+00 1.178328850855609721e+26
1.348484848484848619e+00 1.065573127705060087e+26
1.358585858585858563e+00 9.733970534117426713e+25
1.368686868686868729e+00 8.897207776189887742e+25
1.378787878787878896e+00 8.476459679961461321e+25
1.388888888888888840e+00 8.285965687935484894e+25
1.398989898989899228e+00 8.663741171507001229e+25
1.409090909090909172e+00 8.673353769843811277e+25
1.419191919191919116e+00 8.601843121767668829e+25
1.429292929292929504e+00 7.988482424956400439e+25
1.439393939393939448e+00 7.012895927490549181e+25
1.449494949494949614e+00 6.085744584770435250e+25
1.459595959595959780e+00 5.569213153445077511e+25
1.469696969696969724e+00 5.502597348908893893e+25
1.479797979797979890e+00 5.703199234350059468e+25
1.489898989898990056e+00 5.154831950933691942e+25
1.500000000000000000e+00 4.253836707804292627e+25
