5.000000000000000000e-01 8.814843990428876800e+16
5.101010101010100550e-01 3.940029910168371200e+16
5.202020202020202211e-01 4.543761866555392000e+16
5.303030303030302761e-01 1.107958454057697280e+17
5.404040404040404422e-01 1.112411390250844160e+17
5.505050505050504972e-01 1.168359781732188160e+17
5.606060606060605522e-01 9.340314341238374400e+16
5.707070707070707183e-01 5.956316910164377600e+16
5.808080808080807733e-01 9.120141432743526400e+16
5.909090909090909394e-01 5.340053098201088000e+16
6.010101010101009944e-01 5.486688006150553600e+16
6.111111111111111605e-01 7.906130271823462400e+16
6.212121212121212155e-01 7.359843073523712000e+16
6.313131313131312705e-01 7.118816380819865600e+16
6.414141414141414366e-01 5.896258664477491200e+16
6.515151515151514916e-01 3.500250814113382400e+16
6.616161616161616577e-01 4.972101531965849600e+16
6.717171717171717127e-01 5.427632205830553600e+16
6.818181818181818787e-01 4.312846815356518400e+16
6.919191919191919338e-01 4.680793657127731200e+16
7.020202020202019888e-01 3.136275313852416000e+16
7.121212121212121549e-01 5.295451151322316800e+16
7.222222222222222099e-01 4.927128499912704000e+16
7.323232323232323759e-01 4.517411812697702400e+16
7.424242424242424310e-01 4.661841254940672000e+16
7.525252525252525970e-01 1.409921477037260800e+16
7.626262626262626521e-01 2.990503264832716800e+16
7.727272727272727071e-01 2.669302202866073600e+16
7.828282828282828731e-01 3.252759336635596800e+16
7.929292929292929282e-01 3.229280038918553600e+16
8.030303030303029832e-01 3.430093167578316800e+16
8.131313131313131493e-01 2.904694542722662400e+16
8.232323232323233153e-01 2.540769078830694400e+16
8.333333333333333703e-01 1.950841791578112000e+16
8.434343434343434254e-01 2.524380986867712000e+16
8.535353535353535914e-01 1.046144189517004800e+16
8.636363636363636465e-01 1.744169790655692800e+16
8.737373737373737015e-01 2.506605835216486400e+16
8.838383838383838675e-01 2.421332051283148800e+16
8.939393939393940336e-01 2.701563205464883200e+16
9.040404040404040886e-01 2.979356750957772800e+16
9.141414141414141437e-01 1.973095090880512000e+16
9.242424242424243097e-01 1.635583246362214400e+16
9.343434343434343647e-01 3.649180308340736000e+15
9.444444444444444198e-01 9.370712401772544000e+15
9.545454545454545858e-01 1.254232992776192000e+16
9.646464646464647519e-01 1.247944301661388800e+16
9.747474747474748069e-01 1.470860835264921600e+16
9.848484848484848619e-01 1.628304994782412800e+16
9.949494949494950280e-01 1.221764972753715200e+16
1.005050505050505194e+00 1.421226045708697600e+16
1.015151515151515138e+00 1.613773831929856000e+16
1.025252525252525304e+00 1.233465752158208000e+16
1.035353535353535470e+00 1.216959226472038400e+16
1.045454545454545414e+00 1.734616065402470400e+16
1.055555555555555580e+00 8.577690713980928000e+15
1.065656565656565746e+00 8.260878356971520000e+15
1.075757575757575690e+00 1.039910581357772800e+16
1.085858585858585856e+00 6.496138572070912000e+15
1.095959595959596022e+00 3.849852454699008000e+15
1.106060606060605966e+00 7.185944679546880000e+15
1.116161616161616355e+00 6.910461719085056000e+15
1.126262626262626299e+00 6.277514536157184000e+15
1.136363636363636465e+00 5.404465796481024000e+15
1.146464646464646631e+00 5.287526185041920000e+15
1.156565656565656575e+00 5.765408405585920000e+15
1.166666666666666741e+00 6.325356176867328000e+15
1.176767676767676907e+00 4.094416750903296000e+15
1.186868686868686851e+00 5.749180945399808000e+15
1.196969696969697017e+00 3.619663414034432000e+15
1.207070707070707183e+00 4.918414011269120000e+15
1.217171717171717127e+00 6.585154990505984000e+15
1.227272727272727293e+00 2.858297514262528000e+15
1.237373737373737459e+00 3.274034510823424000e+15
1.247474747474747403e+00 2.874812200386560000e+15
1.257575757575757791e+00 2.197914617118720000e+15
1.267676767676767735e+00 2.936830185963520000e+15
1.277777777777777679e+00 2.988954445938688000e+15
1.287878787878788067e+00 3.241861984550912000e+15
1.297979797979798011e+00 2.327078242353152000e+15
1.308080808080808177e+00 1.626211520348160000e+15
1.318181818181818343e+00 1.803737685295104000e+15
1.328282828282828287e+00 2.772913027547136000e+15
1.338383838383838453e+00 2.681963068522496000e+15
1.348484848484848619e+00 2.189290457006080000e+15
1.358585858585858563e+00 1.865860092264448000e+15
1.368686868686868729e+00 1.664674294661120000e+15
1.378787878787878896e+00 1.772472068210688000e+15
1.388888888888888840e+00 6.765313030881280000e+14
1.398989898989899228e+00 1.010350321303552000e+15
1.409090909090909172e+00 9.767075069296640000e+14
1.419191919191919116e+00 4.135158609346560000e+14
1.429292929292929504e+00 7.411690173890560000e+14
1.439393939393939448e+00 1.510345113862144000e+15
1.449494949494949614e+00 8.687349818982400000e+14
1.459595959595959780e+00 4.426624149749760000e+14
1.469696969696969724e+00 3.927116768870400000e+14
1.479797979797979890e+00 3.981837001031680000e+14
1.489898989898990056e+00 5.675278516879360000e+14
1.500000000000000000e+00 3.773904883548160000e+14
