5.000000000000000000e-01 1.233740351880621015e+31
5.101010101010100550e-01 8.448419721094466471e+30
5.202020202020202211e-01 4.713922136019637029e+30
5.303030303030302761e-01 6.486358503302135228e+30
5.404040404040404422e-01 7.616232663572163801e+30
5.505050505050504972e-01 1.168446751933562739e+31
5.606060606060605522e-01 1.159038407634993849e+31
5.707070707070707183e-01 7.598708074891030136e+30
5.808080808080807733e-01 6.045352640176185229e+30
5.909090909090909394e-01 5.340754404730190907e+30
6.010101010101009944e-01 9.796239632587530199e+30
6.111111111111111605e-01 9.700253340361767872e+30
6.212121212121212155e-01 1.408121735838351238e+31
6.313131313131312705e-01 9.631962329737557084e+30
6.414141414141414366e-01 7.537496533866482617e+30
6.515151515151514916e-01 5.862558220547174839e+30
6.616161616161616577e-01 7.858886440696482747e+30
6.717171717171717127e-01 1.014664134123664220e+31
6.818181818181818787e-01 1.150211193977913711e+31
6.919191919191919338e-01 1.039984118274836936e+31
7.020202020202019888e-01 8.798668500627397221e+30
7.121212121212121549e-01 5.995556985666258653e+30
7.222222222222222099e-01 6.114019022267386359e+30
7.323232323232323759e-01 6.767063220598824627e+30
7.424242424242424310e-01 1.024892009235349867e+31
7.525252525252525970e-01 1.074945648515182205e+31
7.626262626262626521e-01 1.067152429111618459e+31
7.727272727272727071e-01 7.210890716587755170e+30
7.828282828282828731e-01 7.958251076125158155e+30
7.929292929292929282e-01 6.748795142538627965e+30
8.030303030303029832e-01 7.927279001089541163e+30
8.131313131313131493e-01 1.022798633286105175e+31
8.232323232323233153e-01 8.218799977694322649e+30
8.333333333333333703e-01 9.679806777974625648e+30
8.434343434343434254e-01 9.577250578382167619e+30
8.535353535353535914e-01 8.330704800649860606e+30
8.636363636363636465e-01 7.305940091303316160e+30
8.737373737373737015e-01 6.370293162138393525e+30
8.838383838383838675e-01 4.933154486546197053e+30
8.939393939393940336e-01 7.220568167773770277e+30
9.040404040404040886e-01 8.678952203488419338e+30
9.141414141414141437e-01 8.884355953795862522e+30
9.242424242424243097e-01 9.284979463306315255e+30
9.343434343434343647e-01 8.081032000216859123e+30
9.444444444444444198e-01 9.590467764368014360e+30
9.545454545454545858e-01 7.527739898039282752e+30
9.646464646464647519e-01 6.674968460586401791e+30
9.747474747474748069e-01 6.269551560201177053e+30
9.848484848484848619e-01 7.301013114125476738e+30
9.949494949494950280e-01 6.156770870489328298e+30
1.005050505050505194e+00 4.866409692045273376e+30
1.015151515151515138e+00 7.972607070233081877e+30
1.025252525252525304e+00 7.808569739158302266e+30
1.035353535353535470e+00 8.978164366157589095e+30
1.045454545454545414e+00 7.213424625105667433e+30
1.055555555555555580e+00 8.273696694700113153e+30
1.065656565656565746e+00 8.263730310243210150e+30
1.075757575757575690e+00 8.464118227325072238e+30
1.085858585858585856e+00 8.097908000195769539e+30
1.095959595959596022e+00 7.316527259168591275e+30
1.106060606060605966e+00 6.316222141467399813e+30
1.116161616161616355e+00 6.160221144778508449e+30
1.126262626262626299e+00 7.802542035021703725e+30
1.136363636363636465e+00 6.094806773142070672e+30
1.146464646464646631e+00 6.422591897557832190e+30
1.156565656565656575e+00 5.628773727698458620e+30
1.166666666666666741e+00 6.232082717810951044e+30
1.176767676767676907e+00 5.249185527449300435e+30
1.186868686868686851e+00 5.615381247468767758e+30
1.196969696969697017e+00 5.663362908786362583e+30
1.207070707070707183e+00 4.799073128355648338e+30
1.217171717171717127e+00 4.995195048451545304e+30
1.227272727272727293e+00 4.855465588831757042e+30
1.237373737373737459e+00 4.810949615607542456e+30
1.247474747474747403e+00 4.443485127940389579e+30
1.257575757575757791e+00 4.109238295018787868e+30
1.267676767676767735e+00 5.534171655536155043e+30
1.277777777777777679e+00 5.838047249554488233e+30
1.287878787878788067e+00 4.412824049071868450e+30
1.297979797979798011e+00 4.544609959362423887e+30
1.308080808080808177e+00 3.474059904681069494e+30
1.318181818181818343e+00 3.603074956993068201e+30
1.328282828282828287e+00 4.998098283807349836e+30
1.338383838383838453e+00 5.058532183298430245e+30
1.348484848484848619e+00 3.512695058255768716e+30
1.358585858585858563e+00 3.068382783013172707e+30
1.368686868686868729e+00 3.104467103108485062e+30
1.378787878787878896e+00 2.788208179688384323e+30
1.388888888888888840e+00 2.859658113479248136e+30
1.398989898989899228e+00 3.073275910268062919e+30
1.409090909090909172e+00 2.877967899480221502e+30
1.419191919191919116e+00 2.701156453732483912e+30
1.429292929292929504e+00 2.660313499379713473e+30
1.439393939393939448e+00 2.166337795888711238e+30
1.449494949494949614e+00 1.890887523551249373e+30
1.459595959595959780e+00 1.500053895328035907e+30
1.469696969696969724e+00 1.223020987976971040e+30
1.479797979797979890e+00 1.188113103819871171e+30
1.489898989898990056e+00 1.589320826732652673e+30
1.500000000000000000e+00 1.085195586523075819e+30
