5.000000000000000000e-01 4.360302755840000000e+12
5.101010101010100550e-01 4.018599100416000000e+12
5.202020202020202211e-01 3.670318776320000000e+12
5.303030303030302761e-01 3.913468608512000000e+12
5.404040404040404422e-01 4.549525372928000000e+12
5.505050505050504972e-01 4.850340331520000000e+12
5.606060606060605522e-01 4.793634914304000000e+12
5.707070707070707183e-01 4.374573875200000000e+12
5.808080808080807733e-01 4.145679958016000000e+12
5.909090909090909394e-01 4.455770095616000000e+12
6.010101010101009944e-01 4.892394520576000000e+12
6.111111111111111605e-01 5.294341488640000000e+12
6.212121212121212155e-01 5.419640029184000000e+12
6.313131313131312705e-01 5.219611049984000000e+12
6.414141414141414366e-01 4.968383250432000000e+12
6.515151515151514916e-01 4.960886456320000000e+12
6.616161616161616577e-01 5.345482637312000000e+12
6.717171717171717127e-01 5.993389359104000000e+12
6.818181818181818787e-01 6.036468531200000000e+12
6.919191919191919338e-01 5.958620151808000000e+12
7.020202020202019888e-01 6.008656101376000000e+12
7.121212121212121549e-01 5.828504977408000000e+12
7.222222222222222099e-01 6.201081331712000000e+12
7.323232323232323759e-01 6.625422213120000000e+12
7.424242424242424310e-01 7.199174688768000000e+12
7.525252525252525970e-01 7.248375447552000000e+12
7.626262626262626521e-01 7.284807696384000000e+12
7.727272727272727071e-01 7.471785574400000000e+12
7.828282828282828731e-01 7.486388043776000000e+12
7.929292929292929282e-01 7.525543444480000000e+12
8.030303030303029832e-01 8.241113726976000000e+12
8.131313131313131493e-01 8.558307966976000000e+12
8.232323232323233153e-01 9.113677332480000000e+12
8.333333333333333703e-01 9.226106699776000000e+12
8.434343434343434254e-01 8.996428709888000000e+12
8.535353535353535914e-01 8.896475299840000000e+12
8.636363636363636465e-01 9.080647188480000000e+12
8.737373737373737015e-01 9.042030231552000000e+12
8.838383838383838675e-01 9.169296949248000000e+12
8.939393939393940336e-01 9.416659173376000000e+12
9.040404040404040886e-01 9.254879625216000000e+12
9.141414141414141437e-01 8.840768651264000000e+12
9.242424242424243097e-01 8.366808629248000000e+12
9.343434343434343647e-01 7.674023378944000000e+12
9.444444444444444198e-01 7.340514344960000000e+12
9.545454545454545858e-01 6.822323290112000000e+12
9.646464646464647519e-01 6.469945655296000000e+12
9.747474747474748069e-01 5.889212284928000000e+12
9.848484848484848619e-01 5.740688310272000000e+12
9.949494949494950280e-01 5.516008882176000000e+12
1.005050505050505194e+00 5.185969061888000000e+12
1.015151515151515138e+00 4.786657689600000000e+12
1.025252525252525304e+00 4.490793582592000000e+12
1.035353535353535470e+00 4.096357302272000000e+12
1.045454545454545414e+00 3.725591576576000000e+12
1.055555555555555580e+00 3.243506401280000000e+12
1.065656565656565746e+00 3.098990608384000000e+12
1.075757575757575690e+00 2.756916281344000000e+12
1.085858585858585856e+00 2.610665619456000000e+12
1.095959595959596022e+00 2.348522668032000000e+12
1.106060606060605966e+00 2.180285726720000000e+12
1.116161616161616355e+00 2.017485258752000000e+12
1.126262626262626299e+00 1.869699874816000000e+12
1.136363636363636465e+00 1.817522077696000000e+12
1.146464646464646631e+00 1.676676562944000000e+12
1.156565656565656575e+00 1.571382493184000000e+12
1.166666666666666741e+00 1.482736140288000000e+12
1.176767676767676907e+00 1.368508596224000000e+12
1.186868686868686851e+00 1.288686796800000000e+12
1.196969696969697017e+00 1.212707373056000000e+12
1.207070707070707183e+00 1.103591112704000000e+12
1.217171717171717127e+00 1.054936072192000000e+12
1.227272727272727293e+00 9.423015116800000000e+11
1.237373737373737459e+00 8.537992724480000000e+11
1.247474747474747403e+00 7.804617359360000000e+11
1.257575757575757791e+00 7.016801894400000000e+11
1.267676767676767735e+00 6.496993935360000000e+11
1.277777777777777679e+00 5.805914849280000000e+11
1.287878787878788067e+00 5.302085877760000000e+11
1.297979797979798011e+00 4.951700275200000000e+11
1.308080808080808177e+00 4.688192471040000000e+11
1.318181818181818343e+00 4.566193930240000000e+11
1.328282828282828287e+00 4.470091939840000000e+11
1.338383838383838453e+00 4.422475776000000000e+11
1.348484848484848619e+00 4.387980574720000000e+11
1.358585858585858563e+00 4.078012661760000000e+11
1.368686868686868729e+00 3.645344645120000000e+11
1.378787878787878896e+00 3.128403558400000000e+11
1.388888888888888840e+00 2.566637486080000000e+11
1.398989898989899228e+00 1.976942919680000000e+11
1.409090909090909172e+00 1.742699397120000000e+11
1.419191919191919116e+00 1.765572444160000000e+11
1.429292929292929504e+00 1.882360545280000000e+11
1.439393939393939448e+00 1.905922048000000000e+11
1.449494949494949614e+00 1.602045050880000000e+11
1.459595959595959780e+00 1.238611230720000000e+11
1.469696969696969724e+00 8.679519846400000000e+10
1.479797979797979890e+00 8.722363187200000000e+10
1.489898989898990056e+00 1.005010206720000000e+11
1.500000000000000000e+00 9.467841740800000000e+10
