5.000000000000000000e-01 5.881127834320068359e+00
5.101010101010100550e-01 4.565171241760253906e+00
5.202020202020202211e-01 1.969383120536804199e+00
5.303030303030302761e-01 1.192912697792053223e+00
5.404040404040404422e-01 4.067212581634521484e+00
5.505050505050504972e-01 5.890997409820556641e+00
5.606060606060605522e-01 6.190987110137939453e+00
5.707070707070707183e-01 4.896769523620605469e+00
5.808080808080807733e-01 2.343797445297241211e+00
5.909090909090909394e-01 8.248024582862854004e-01
6.010101010101009944e-01 3.828642606735229492e+00
6.111111111111111605e-01 5.944939136505126953e+00
6.212121212121212155e-01 6.677741050720214844e+00
6.313131313131312705e-01 5.865284919738769531e+00
6.414141414141414366e-01 3.702181339263916016e+00
6.515151515151514916e-01 6.800001263618469238e-01
6.616161616161616577e-01 2.534719705581665039e+00
6.717171717171717127e-01 5.252779960632324219e+00
6.818181818181818787e-01 6.908942699432373047e+00
6.919191919191919338e-01 7.172308444976806641e+00
7.020202020202019888e-01 6.000434875488281250e+00
7.121212121212121549e-01 3.632152080535888672e+00
7.222222222222222099e-01 5.258821249008178711e-01
7.323232323232323759e-01 2.738964557647705078e+00
7.424242424242424310e-01 5.575077533721923828e+00
7.525252525252525970e-01 7.491031646728515625e+00
7.626262626262626521e-01 8.169686317443847656e+00
7.727272727272727071e-01 7.508922100067138672e+00
7.828282828282828731e-01 5.624026775360107422e+00
7.929292929292929282e-01 2.811431407928466797e+00
8.030303030303029832e-01 5.079236030578613281e-01
8.131313131313131493e-01 3.860536098480224609e+00
8.232323232323233153e-01 6.791017055511474609e+00
8.333333333333333703e-01 8.921417236328125000e+00
8.434343434343434254e-01 9.992241859436035156e+00
8.535353535353535914e-01 9.884373664855957031e+00
8.636363636363636465e-01 8.615585327148437500e+00
8.737373737373737015e-01 6.324676990509033203e+00
8.838383838383838675e-01 3.239676713943481445e+00
8.939393939393940336e-01 3.570918738842010498e-01
9.040404040404040886e-01 4.166446685791015625e+00
9.141414141414141437e-01 7.906606197357177734e+00
9.242424242424243097e-01 1.133761119842529297e+01
9.343434343434343647e-01 1.428527545928955078e+01
9.444444444444444198e-01 1.664768791198730469e+01
9.545454545454545858e-01 1.840919303894042969e+01
9.646464646464647519e-01 1.964711761474609375e+01
9.747474747474748069e-01 2.057360649108886719e+01
9.848484848484848619e-01 1.993095207214355469e+01
9.949494949494950280e-01 8.215095520019531250e+01
1.005050505050505194e+00 8.757789306640625000e+02
1.015151515151515138e+00 4.985689941406250000e+03
1.025252525252525304e+00 9.819411132812500000e+03
1.035353535353535470e+00 7.081727539062500000e+03
1.045454545454545414e+00 1.793072143554687500e+03
1.055555555555555580e+00 1.929144134521484375e+02
1.065656565656565746e+00 1.376015663146972656e+01
1.075757575757575690e+00 1.590518093109130859e+01
1.085858585858585856e+00 1.284947013854980469e+01
1.095959595959596022e+00 1.043437862396240234e+01
1.106060606060605966e+00 8.494587898254394531e+00
1.116161616161616355e+00 6.939487934112548828e+00
1.126262626262626299e+00 5.697273254394531250e+00
1.136363636363636465e+00 4.709197998046875000e+00
1.146464646464646631e+00 3.928807735443115234e+00
1.156565656565656575e+00 3.318175792694091797e+00
1.166666666666666741e+00 2.845959424972534180e+00
1.176767676767676907e+00 2.485713243484497070e+00
1.186868686868686851e+00 2.215811729431152344e+00
1.196969696969697017e+00 2.017506599426269531e+00
1.207070707070707183e+00 1.874948620796203613e+00
1.217171717171717127e+00 1.774482965469360352e+00
1.227272727272727293e+00 1.704278588294982910e+00
1.237373737373737459e+00 1.653757691383361816e+00
1.247474747474747403e+00 1.613333225250244141e+00
1.257575757575757791e+00 1.574363231658935547e+00
1.267676767676767735e+00 1.528881907463073730e+00
1.277777777777777679e+00 1.469721913337707520e+00
1.287878787878788067e+00 1.390583157539367676e+00
1.297979797979798011e+00 1.286564230918884277e+00
1.308080808080808177e+00 1.154382944107055664e+00
1.318181818181818343e+00 9.931041598320007324e-01
1.328282828282828287e+00 8.047842383384704590e-01
1.338383838383838453e+00 5.947924852371215820e-01
1.348484848484848619e+00 3.723744153976440430e-01
1.358585858585858563e+00 1.503504067659378052e-01
1.368686868686868729e+00 5.547510832548141479e-02
1.378787878787878896e+00 2.279148250818252563e-01
1.388888888888888840e+00 3.506403863430023193e-01
1.398989898989899228e+00 4.107411801815032959e-01
1.409090909090909172e+00 4.149828553199768066e-01
1.419191919191919116e+00 1.944743245840072632e-01
1.429292929292929504e+00 8.531571030616760254e-01
1.439393939393939448e+00 9.063976407051086426e-01
1.449494949494949614e+00 5.268728137016296387e-01
1.459595959595959780e+00 2.721993923187255859e-01
1.469696969696969724e+00 1.773023456335067749e-01
1.479797979797979890e+00 1.597905308008193970e-01
1.489898989898990056e+00 8.539089560508728027e-02
1.500000000000000000e+00 3.545786254107952118e-03
