5.000000000000000000e-01 6.551870800000000000e+07
5.101010101010100550e-01 6.944392000000000000e+07
5.202020202020202211e-01 7.068755200000000000e+07
5.303030303030302761e-01 7.940763200000000000e+07
5.404040404040404422e-01 8.651923200000000000e+07
5.505050505050504972e-01 9.250093600000000000e+07
5.606060606060605522e-01 9.466666400000000000e+07
5.707070707070707183e-01 9.693363200000000000e+07
5.808080808080807733e-01 1.034952880000000000e+08
5.909090909090909394e-01 1.071540080000000000e+08
6.010101010101009944e-01 1.121080560000000000e+08
6.111111111111111605e-01 1.129709600000000000e+08
6.212121212121212155e-01 1.066634320000000000e+08
6.313131313131312705e-01 1.031623280000000000e+08
6.414141414141414366e-01 9.492478400000000000e+07
6.515151515151514916e-01 9.114424800000000000e+07
6.616161616161616577e-01 8.668836000000000000e+07
6.717171717171717127e-01 7.835612800000000000e+07
6.818181818181818787e-01 7.004537600000000000e+07
6.919191919191919338e-01 6.214733600000000000e+07
7.020202020202019888e-01 5.938258800000000000e+07
7.121212121212121549e-01 5.443434000000000000e+07
7.222222222222222099e-01 5.259275200000000000e+07
7.323232323232323759e-01 4.863950400000000000e+07
7.424242424242424310e-01 4.431708800000000000e+07
7.525252525252525970e-01 3.953020000000000000e+07
7.626262626262626521e-01 3.534520800000000000e+07
7.727272727272727071e-01 3.438874400000000000e+07
7.828282828282828731e-01 3.264883600000000000e+07
7.929292929292929282e-01 3.220729600000000000e+07
8.030303030303029832e-01 3.067539800000000000e+07
8.131313131313131493e-01 2.805157400000000000e+07
8.232323232323233153e-01 2.610022600000000000e+07
8.333333333333333703e-01 2.223165200000000000e+07
8.434343434343434254e-01 2.183849400000000000e+07
8.535353535353535914e-01 1.968409200000000000e+07
8.636363636363636465e-01 2.016135600000000000e+07
8.737373737373737015e-01 2.015904400000000000e+07
8.838383838383838675e-01 1.995708400000000000e+07
8.939393939393940336e-01 1.860693400000000000e+07
9.040404040404040886e-01 1.700836600000000000e+07
9.141414141414141437e-01 1.581201400000000000e+07
9.242424242424243097e-01 1.390601000000000000e+07
9.343434343434343647e-01 1.260520000000000000e+07
9.444444444444444198e-01 1.174215000000000000e+07
9.545454545454545858e-01 1.154664300000000000e+07
9.646464646464647519e-01 1.172368700000000000e+07
9.747474747474748069e-01 1.201304700000000000e+07
9.848484848484848619e-01 1.130955800000000000e+07
9.949494949494950280e-01 1.133491000000000000e+07
1.005050505050505194e+00 1.074296500000000000e+07
1.015151515151515138e+00 1.021017400000000000e+07
1.025252525252525304e+00 9.260037000000000000e+06
1.035353535353535470e+00 8.690161000000000000e+06
1.045454545454545414e+00 7.838667000000000000e+06
1.055555555555555580e+00 7.095849500000000000e+06
1.065656565656565746e+00 6.346130500000000000e+06
1.075757575757575690e+00 5.836684000000000000e+06
1.085858585858585856e+00 5.530958500000000000e+06
1.095959595959596022e+00 5.109172500000000000e+06
1.106060606060605966e+00 5.000036500000000000e+06
1.116161616161616355e+00 4.789788000000000000e+06
1.126262626262626299e+00 4.688124000000000000e+06
1.136363636363636465e+00 4.482365000000000000e+06
1.146464646464646631e+00 4.404274500000000000e+06
1.156565656565656575e+00 4.199272000000000000e+06
1.166666666666666741e+00 4.039253000000000000e+06
1.176767676767676907e+00 3.950100750000000000e+06
1.186868686868686851e+00 3.649678250000000000e+06
1.196969696969697017e+00 3.480590500000000000e+06
1.207070707070707183e+00 3.248682750000000000e+06
1.217171717171717127e+00 3.003336250000000000e+06
1.227272727272727293e+00 2.829314000000000000e+06
1.237373737373737459e+00 2.598286750000000000e+06
1.247474747474747403e+00 2.344342500000000000e+06
1.257575757575757791e+00 2.127846000000000000e+06
1.267676767676767735e+00 1.894168625000000000e+06
1.277777777777777679e+00 1.717716250000000000e+06
1.287878787878788067e+00 1.543384875000000000e+06
1.297979797979798011e+00 1.384758375000000000e+06
1.308080808080808177e+00 1.387896875000000000e+06
1.318181818181818343e+00 1.401909250000000000e+06
1.328282828282828287e+00 1.444407000000000000e+06
1.338383838383838453e+00 1.476010125000000000e+06
1.348484848484848619e+00 1.499561250000000000e+06
1.358585858585858563e+00 1.422249375000000000e+06
1.368686868686868729e+00 1.305148250000000000e+06
1.378787878787878896e+00 1.106308875000000000e+06
1.388888888888888840e+00 8.889521250000000000e+05
1.398989898989899228e+00 6.601156875000000000e+05
1.409090909090909172e+00 5.485963125000000000e+05
1.419191919191919116e+00 5.829610625000000000e+05
1.429292929292929504e+00 6.614498750000000000e+05
1.439393939393939448e+00 6.852795000000000000e+05
1.449494949494949614e+00 6.187313125000000000e+05
1.459595959595959780e+00 4.535121562500000000e+05
1.469696969696969724e+00 2.931293125000000000e+05
1.479797979797979890e+00 2.945569375000000000e+05
1.489898989898990056e+00 3.745086875000000000e+05
1.500000000000000000e+00 3.595117812500000000e+05
