5.000000000000000000e-01 1.940872924804687500e+03
5.101010101010100550e-01 1.831988891601562500e+03
5.202020202020202211e-01 1.615970947265625000e+03
5.303030303030302761e-01 1.364804443359375000e+03
5.404040404040404422e-01 1.113562500000000000e+03
5.505050505050504972e-01 9.215895996093750000e+02
5.606060606060605522e-01 7.720798950195312500e+02
5.707070707070707183e-01 6.730635375976562500e+02
5.808080808080807733e-01 6.000243530273437500e+02
5.909090909090909394e-01 5.382046508789062500e+02
6.010101010101009944e-01 4.758903503417968750e+02
6.111111111111111605e-01 4.204800720214843750e+02
6.212121212121212155e-01 3.759953918457031250e+02
6.313131313131312705e-01 3.477567749023437500e+02
6.414141414141414366e-01 3.309638671875000000e+02
6.515151515151514916e-01 3.159703063964843750e+02
6.616161616161616577e-01 2.847041931152343750e+02
6.717171717171717127e-01 2.593757324218750000e+02
6.818181818181818787e-01 2.293666229248046875e+02
6.919191919191919338e-01 2.173029174804687500e+02
7.020202020202019888e-01 2.161377563476562500e+02
7.121212121212121549e-01 1.980260314941406250e+02
7.222222222222222099e-01 2.096702575683593750e+02
7.323232323232323759e-01 1.643476409912109375e+02
7.424242424242424310e-01 1.971511535644531250e+02
7.525252525252525970e-01 1.271502990722656250e+02
7.626262626262626521e-01 1.586687469482421875e+02
7.727272727272727071e-01 1.746125030517578125e+02
7.828282828282828731e-01 1.073085708618164062e+02
7.929292929292929282e-01 2.504483642578125000e+02
8.030303030303029832e-01 2.952177619934082031e+01
8.131313131313131493e-01 2.974422302246093750e+02
8.232323232323233153e-01 1.233364410400390625e+02
8.333333333333333703e-01 3.037628479003906250e+02
8.434343434343434254e-01 2.672490234375000000e+02
8.535353535353535914e-01 3.051005859375000000e+02
8.636363636363636465e-01 4.303579406738281250e+02
8.737373737373737015e-01 3.837398376464843750e+02
8.838383838383838675e-01 6.000872802734375000e+02
8.939393939393940336e-01 4.625813903808593750e+02
9.040404040404040886e-01 6.779716186523437500e+02
9.141414141414141437e-01 6.004573364257812500e+02
9.242424242424243097e-01 7.652006225585937500e+02
9.343434343434343647e-01 7.393327636718750000e+02
9.444444444444444198e-01 8.400180664062500000e+02
9.545454545454545858e-01 9.152857666015625000e+02
9.646464646464647519e-01 9.175072021484375000e+02
9.747474747474748069e-01 1.030943603515625000e+03
9.848484848484848619e-01 9.786247558593750000e+02
9.949494949494950280e-01 1.101192993164062500e+03
1.005050505050505194e+00 9.740530395507812500e+02
1.015151515151515138e+00 1.050845458984375000e+03
1.025252525252525304e+00 9.117398071289062500e+02
1.035353535353535470e+00 9.331317749023437500e+02
1.045454545454545414e+00 8.117614746093750000e+02
1.055555555555555580e+00 8.757272338867187500e+02
1.065656565656565746e+00 8.261317138671875000e+02
1.075757575757575690e+00 8.071044921875000000e+02
1.085858585858585856e+00 7.194671020507812500e+02
1.095959595959596022e+00 6.697097778320312500e+02
1.106060606060605966e+00 6.052416381835937500e+02
1.116161616161616355e+00 5.296353149414062500e+02
1.126262626262626299e+00 4.826985473632812500e+02
1.136363636363636465e+00 3.980844726562500000e+02
1.146464646464646631e+00 3.602300109863281250e+02
1.156565656565656575e+00 2.896368713378906250e+02
1.166666666666666741e+00 2.680992736816406250e+02
1.176767676767676907e+00 1.963158111572265625e+02
1.186868686868686851e+00 1.872527618408203125e+02
1.196969696969697017e+00 1.343172149658203125e+02
1.207070707070707183e+00 1.298628387451171875e+02
1.217171717171717127e+00 8.447154998779296875e+01
1.227272727272727293e+00 8.756228637695312500e+01
1.237373737373737459e+00 5.641627883911132812e+01
1.247474747474747403e+00 5.479357147216796875e+01
1.257575757575757791e+00 3.284056091308593750e+01
1.267676767676767735e+00 3.077216720581054688e+01
1.277777777777777679e+00 2.044262123107910156e+01
1.287878787878788067e+00 1.584689998626708984e+01
1.297979797979798011e+00 1.691295242309570312e+01
1.308080808080808177e+00 7.324326038360595703e+00
1.318181818181818343e+00 1.333932209014892578e+01
1.328282828282828287e+00 3.648904800415039062e+00
1.338383838383838453e+00 1.044041442871093750e+01
1.348484848484848619e+00 7.759449481964111328e+00
1.358585858585858563e+00 8.095578193664550781e+00
1.368686868686868729e+00 7.307425022125244141e+00
1.378787878787878896e+00 6.652053833007812500e+00
1.388888888888888840e+00 4.397624492645263672e+00
1.398989898989899228e+00 3.885467767715454102e+00
1.409090909090909172e+00 3.010438680648803711e+00
1.419191919191919116e+00 3.158912897109985352e+00
1.429292929292929504e+00 3.770748853683471680e+00
1.439393939393939448e+00 3.955970525741577148e+00
1.449494949494949614e+00 3.540674209594726562e+00
1.459595959595959780e+00 2.522166728973388672e+00
1.469696969696969724e+00 1.572183132171630859e+00
1.479797979797979890e+00 1.597308158874511719e+00
1.489898989898990056e+00 2.096920967102050781e+00
1.500000000000000000e+00 2.065809011459350586e+00
