5.000000000000000000e-01 1.934781030400000000e+10
5.101010101010100550e-01 1.348036608000000000e+10
5.202020202020202211e-01 1.234076467200000000e+10
5.303030303030302761e-01 1.290177740800000000e+10
5.404040404040404422e-01 2.195652608000000000e+10
5.505050505050504972e-01 1.688206848000000000e+10
5.606060606060605522e-01 1.525251174400000000e+10
5.707070707070707183e-01 1.865042124800000000e+10
5.808080808080807733e-01 1.001617920000000000e+10
5.909090909090909394e-01 1.710655692800000000e+10
6.010101010101009944e-01 2.009467289600000000e+10
6.111111111111111605e-01 1.860477542400000000e+10
6.212121212121212155e-01 2.077131366400000000e+10
6.313131313131312705e-01 1.805147136000000000e+10
6.414141414141414366e-01 2.098904473600000000e+10
6.515151515151514916e-01 1.203509248000000000e+10
6.616161616161616577e-01 1.634156646400000000e+10
6.717171717171717127e-01 1.545874124800000000e+10
6.818181818181818787e-01 3.061244313600000000e+10
6.919191919191919338e-01 1.497938022400000000e+10
7.020202020202019888e-01 2.019761152000000000e+10
7.121212121212121549e-01 1.508537036800000000e+10
7.222222222222222099e-01 1.476169011200000000e+10
7.323232323232323759e-01 1.490424422400000000e+10
7.424242424242424310e-01 2.064638976000000000e+10
7.525252525252525970e-01 2.357877145600000000e+10
7.626262626262626521e-01 1.693021184000000000e+10
7.727272727272727071e-01 2.048651673600000000e+10
7.828282828282828731e-01 1.699712614400000000e+10
7.929292929292929282e-01 1.519921766400000000e+10
8.030303030303029832e-01 1.640773427200000000e+10
8.131313131313131493e-01 1.580669132800000000e+10
8.232323232323233153e-01 2.100037222400000000e+10
8.333333333333333703e-01 2.297887539200000000e+10
8.434343434343434254e-01 1.439674777600000000e+10
8.535353535353535914e-01 2.061812326400000000e+10
8.636363636363636465e-01 1.814830694400000000e+10
8.737373737373737015e-01 1.918024704000000000e+10
8.838383838383838675e-01 1.885803929600000000e+10
8.939393939393940336e-01 2.279173324800000000e+10
9.040404040404040886e-01 2.533116723200000000e+10
9.141414141414141437e-01 2.196786176000000000e+10
9.242424242424243097e-01 2.109249740800000000e+10
9.343434343434343647e-01 2.865983078400000000e+10
9.444444444444444198e-01 2.757101158400000000e+10
9.545454545454545858e-01 2.415473254400000000e+10
9.646464646464647519e-01 2.167451443200000000e+10
9.747474747474748069e-01 1.711488102400000000e+10
9.848484848484848619e-01 2.343869235200000000e+10
9.949494949494950280e-01 1.312535449600000000e+10
1.005050505050505194e+00 2.206111129600000000e+10
1.015151515151515138e+00 1.457695641600000000e+10
1.025252525252525304e+00 2.431689318400000000e+10
1.035353535353535470e+00 2.524471910400000000e+10
1.045454545454545414e+00 1.913877094400000000e+10
1.055555555555555580e+00 2.096129433600000000e+10
1.065656565656565746e+00 2.142530560000000000e+10
1.075757575757575690e+00 2.367456256000000000e+10
1.085858585858585856e+00 1.563361996800000000e+10
1.095959595959596022e+00 2.635640422400000000e+10
1.106060606060605966e+00 2.414706688000000000e+10
1.116161616161616355e+00 2.360109875200000000e+10
1.126262626262626299e+00 2.989500211200000000e+10
1.136363636363636465e+00 2.409669836800000000e+10
1.146464646464646631e+00 1.986334310400000000e+10
1.156565656565656575e+00 1.436993126400000000e+10
1.166666666666666741e+00 2.814796185600000000e+10
1.176767676767676907e+00 2.461829324800000000e+10
1.186868686868686851e+00 2.596578304000000000e+10
1.196969696969697017e+00 2.450195660800000000e+10
1.207070707070707183e+00 2.721129881600000000e+10
1.217171717171717127e+00 3.428699955200000000e+10
1.227272727272727293e+00 2.619631206400000000e+10
1.237373737373737459e+00 3.420022169600000000e+10
1.247474747474747403e+00 2.907999436800000000e+10
1.257575757575757791e+00 3.163976499200000000e+10
1.267676767676767735e+00 2.601872179200000000e+10
1.277777777777777679e+00 2.360816435200000000e+10
1.287878787878788067e+00 2.989967155200000000e+10
1.297979797979798011e+00 2.900971315200000000e+10
1.308080808080808177e+00 2.048814899200000000e+10
1.318181818181818343e+00 1.725365043200000000e+10
1.328282828282828287e+00 1.644925952000000000e+10
1.338383838383838453e+00 1.748589158400000000e+10
1.348484848484848619e+00 1.480284057600000000e+10
1.358585858585858563e+00 1.442812211200000000e+10
1.368686868686868729e+00 9.356592128000000000e+09
1.378787878787878896e+00 9.546660864000000000e+09
1.388888888888888840e+00 5.948135936000000000e+09
1.398989898989899228e+00 6.254007296000000000e+09
1.409090909090909172e+00 5.313750016000000000e+09
1.419191919191919116e+00 4.062845952000000000e+09
1.429292929292929504e+00 2.865911040000000000e+09
1.439393939393939448e+00 3.240984832000000000e+09
1.449494949494949614e+00 3.119671808000000000e+09
1.459595959595959780e+00 2.823825664000000000e+09
1.469696969696969724e+00 1.725774464000000000e+09
1.479797979797979890e+00 1.765782272000000000e+09
1.489898989898990056e+00 2.281255936000000000e+09
1.500000000000000000e+00 1.565501952000000000e+09
