5.000000000000000000e-01 4.969012920320000000e+11
5.101010101010100550e-01 3.497496084480000000e+11
5.202020202020202211e-01 3.779037429760000000e+11
5.303030303030302761e-01 4.287763906560000000e+11
5.404040404040404422e-01 7.144909701120000000e+11
5.505050505050504972e-01 9.981367910400000000e+10
5.606060606060605522e-01 5.812457308160000000e+11
5.707070707070707183e-01 3.747981230080000000e+11
5.808080808080807733e-01 7.011155968000000000e+11
5.909090909090909394e-01 4.008479293440000000e+11
6.010101010101009944e-01 5.575308738560000000e+11
6.111111111111111605e-01 6.553970278400000000e+11
6.212121212121212155e-01 4.009817866240000000e+11
6.313131313131312705e-01 5.139474350080000000e+11
6.414141414141414366e-01 3.264903249920000000e+11
6.515151515151514916e-01 2.080863191040000000e+11
6.616161616161616577e-01 2.789224284160000000e+11
6.717171717171717127e-01 4.644541890560000000e+11
6.818181818181818787e-01 3.052108513280000000e+11
6.919191919191919338e-01 2.296425840640000000e+11
7.020202020202019888e-01 2.524768337920000000e+11
7.121212121212121549e-01 4.206678507520000000e+11
7.222222222222222099e-01 1.639564738560000000e+11
7.323232323232323759e-01 3.391631196160000000e+11
7.424242424242424310e-01 2.357700689920000000e+11
7.525252525252525970e-01 2.671685304320000000e+11
7.626262626262626521e-01 2.236167946240000000e+11
7.727272727272727071e-01 1.316335042560000000e+11
7.828282828282828731e-01 1.550985789440000000e+11
7.929292929292929282e-01 9.231453388800000000e+10
8.030303030303029832e-01 2.336119521280000000e+11
8.131313131313131493e-01 4.890913587200000000e+10
8.232323232323233153e-01 9.619922124800000000e+10
8.333333333333333703e-01 9.542619955200000000e+10
8.434343434343434254e-01 1.106354995200000000e+11
8.535353535353535914e-01 5.814937600000000000e+10
8.636363636363636465e-01 1.731141304320000000e+11
8.737373737373737015e-01 9.150656512000000000e+10
8.838383838383838675e-01 1.775194767360000000e+11
8.939393939393940336e-01 1.101071319040000000e+11
9.040404040404040886e-01 1.704775680000000000e+11
9.141414141414141437e-01 1.209859686400000000e+11
9.242424242424243097e-01 1.112283627520000000e+11
9.343434343434343647e-01 6.688258048000000000e+10
9.444444444444444198e-01 1.194963599360000000e+11
9.545454545454545858e-01 7.478752051200000000e+10
9.646464646464647519e-01 4.824757452800000000e+10
9.747474747474748069e-01 8.064105676800000000e+10
9.848484848484848619e-01 4.563359334400000000e+10
9.949494949494950280e-01 9.396081459200000000e+10
1.005050505050505194e+00 8.058755481600000000e+10
1.015151515151515138e+00 7.144540569600000000e+10
1.025252525252525304e+00 4.505465241600000000e+10
1.035353535353535470e+00 3.261361356800000000e+10
1.045454545454545414e+00 4.857121996800000000e+10
1.055555555555555580e+00 4.942682931200000000e+10
1.065656565656565746e+00 3.079475814400000000e+10
1.075757575757575690e+00 4.153761382400000000e+10
1.085858585858585856e+00 3.196320358400000000e+10
1.095959595959596022e+00 3.017142476800000000e+10
1.106060606060605966e+00 2.430388838400000000e+10
1.116161616161616355e+00 3.418684416000000000e+10
1.126262626262626299e+00 3.837169664000000000e+10
1.136363636363636465e+00 3.286955827200000000e+10
1.146464646464646631e+00 3.282898534400000000e+10
1.156565656565656575e+00 6.793200640000000000e+09
1.166666666666666741e+00 2.885236736000000000e+10
1.176767676767676907e+00 2.571768832000000000e+10
1.186868686868686851e+00 3.321503334400000000e+10
1.196969696969697017e+00 2.286274764800000000e+10
1.207070707070707183e+00 9.499262976000000000e+09
1.217171717171717127e+00 1.578300825600000000e+10
1.227272727272727293e+00 1.800442880000000000e+10
1.237373737373737459e+00 1.005143244800000000e+10
1.247474747474747403e+00 2.260835737600000000e+10
1.257575757575757791e+00 2.204912844800000000e+10
1.267676767676767735e+00 1.202724352000000000e+10
1.277777777777777679e+00 1.734774784000000000e+10
1.287878787878788067e+00 1.242040422400000000e+10
1.297979797979798011e+00 1.183463526400000000e+10
1.308080808080808177e+00 9.817388032000000000e+09
1.318181818181818343e+00 5.621603328000000000e+09
1.328282828282828287e+00 9.442550784000000000e+09
1.338383838383838453e+00 1.378239795200000000e+10
1.348484848484848619e+00 1.292538265600000000e+10
1.358585858585858563e+00 8.554492928000000000e+09
1.368686868686868729e+00 8.064280064000000000e+09
1.378787878787878896e+00 1.237216153600000000e+10
1.388888888888888840e+00 7.875608064000000000e+09
1.398989898989899228e+00 3.854406144000000000e+09
1.409090909090909172e+00 5.017752576000000000e+09
1.419191919191919116e+00 5.098690048000000000e+09
1.429292929292929504e+00 3.176567296000000000e+09
1.439393939393939448e+00 2.903333376000000000e+09
1.449494949494949614e+00 6.948420608000000000e+09
1.459595959595959780e+00 2.655843840000000000e+09
1.469696969696969724e+00 6.100828800000000000e+08
1.479797979797979890e+00 1.792576384000000000e+09
1.489898989898990056e+00 1.860550912000000000e+09
1.500000000000000000e+00 3.440397056000000000e+09
