5.000000000000000000e-01 5.130831819440128000e+15
5.101010101010100550e-01 4.206954289299456000e+15
5.202020202020202211e-01 3.563927086563328000e+15
5.303030303030302761e-01 3.704143004827648000e+15
5.404040404040404422e-01 4.726235699609600000e+15
5.505050505050504972e-01 5.170001921179648000e+15
5.606060606060605522e-01 4.977471422201856000e+15
5.707070707070707183e-01 4.402692591976448000e+15
5.808080808080807733e-01 3.650410011164672000e+15
5.909090909090909394e-01 3.918817818312704000e+15
6.010101010101009944e-01 4.803781871009792000e+15
6.111111111111111605e-01 5.317219978313728000e+15
6.212121212121212155e-01 5.222737677123584000e+15
6.313131313131312705e-01 4.675089618436096000e+15
6.414141414141414366e-01 4.136688624336896000e+15
6.515151515151514916e-01 4.013541979848704000e+15
6.616161616161616577e-01 4.578649349029888000e+15
6.717171717171717127e-01 5.330826434707456000e+15
6.818181818181818787e-01 5.287673287671808000e+15
6.919191919191919338e-01 5.361523102842880000e+15
7.020202020202019888e-01 4.738957392740352000e+15
7.121212121212121549e-01 4.277807559475200000e+15
7.222222222222222099e-01 4.271849902964736000e+15
7.323232323232323759e-01 4.926130456887296000e+15
7.424242424242424310e-01 5.557307576418304000e+15
7.525252525252525970e-01 5.617144523915264000e+15
7.626262626262626521e-01 5.607725123764224000e+15
7.727272727272727071e-01 5.053622266101760000e+15
7.828282828282828731e-01 4.711209219653632000e+15
7.929292929292929282e-01 4.636488599863296000e+15
8.030303030303029832e-01 4.793397176958976000e+15
8.131313131313131493e-01 5.366891811962880000e+15
8.232323232323233153e-01 5.829534414798848000e+15
8.333333333333333703e-01 5.815803404353536000e+15
8.434343434343434254e-01 5.872152301535232000e+15
8.535353535353535914e-01 5.539897926483968000e+15
8.636363636363636465e-01 5.287732343472128000e+15
8.737373737373737015e-01 4.837512933539840000e+15
8.838383838383838675e-01 5.163927226810368000e+15
8.939393939393940336e-01 5.322164022542336000e+15
9.040404040404040886e-01 5.801496331419648000e+15
9.141414141414141437e-01 6.227103968133120000e+15
9.242424242424243097e-01 6.397405326999552000e+15
9.343434343434343647e-01 6.577492231979008000e+15
9.444444444444444198e-01 6.390919389511680000e+15
9.545454545454545858e-01 6.309970530271232000e+15
9.646464646464647519e-01 6.050484175503360000e+15
9.747474747474748069e-01 6.136305675141120000e+15
9.848484848484848619e-01 6.001208552587264000e+15
9.949494949494950280e-01 6.143085281017856000e+15
1.005050505050505194e+00 6.482294281863168000e+15
1.015151515151515138e+00 6.546116959010816000e+15
1.025252525252525304e+00 6.855990796353536000e+15
1.035353535353535470e+00 7.124412830580736000e+15
1.045454545454545414e+00 7.301192073871360000e+15
1.055555555555555580e+00 7.424885521383424000e+15
1.065656565656565746e+00 7.584651862343680000e+15
1.075757575757575690e+00 7.495946829037568000e+15
1.085858585858585856e+00 7.528253573038080000e+15
1.095959595959596022e+00 7.702107943600128000e+15
1.106060606060605966e+00 7.297439883067392000e+15
1.116161616161616355e+00 7.236545299873792000e+15
1.126262626262626299e+00 6.912938841473024000e+15
1.136363636363636465e+00 7.106542545403904000e+15
1.146464646464646631e+00 6.775310372569088000e+15
1.156565656565656575e+00 6.506428776841216000e+15
1.166666666666666741e+00 6.241311183077376000e+15
1.176767676767676907e+00 6.024651557830656000e+15
1.186868686868686851e+00 5.827257545261056000e+15
1.196969696969697017e+00 5.186069393833984000e+15
1.207070707070707183e+00 5.076374855352320000e+15
1.217171717171717127e+00 4.632822308405248000e+15
1.227272727272727293e+00 4.234553749143552000e+15
1.237373737373737459e+00 3.934885022531584000e+15
1.247474747474747403e+00 3.635141402427392000e+15
1.257575757575757791e+00 3.228886083043328000e+15
1.267676767676767735e+00 2.923786370285568000e+15
1.277777777777777679e+00 2.658748233416704000e+15
1.287878787878788067e+00 2.428594357796864000e+15
1.297979797979798011e+00 2.221567538888704000e+15
1.308080808080808177e+00 2.031484231745536000e+15
1.318181818181818343e+00 1.845313102938112000e+15
1.328282828282828287e+00 1.706658136850432000e+15
1.338383838383838453e+00 1.617285236129792000e+15
1.348484848484848619e+00 1.462607894544384000e+15
1.358585858585858563e+00 1.324914598477824000e+15
1.368686868686868729e+00 1.195771642773504000e+15
1.378787878787878896e+00 1.042730281074688000e+15
1.388888888888888840e+00 8.282097508679680000e+14
1.398989898989899228e+00 7.032351951421440000e+14
1.409090909090909172e+00 6.297812551598080000e+14
1.419191919191919116e+00 6.112430354595840000e+14
1.429292929292929504e+00 6.117063550566400000e+14
1.439393939393939448e+00 5.486853939527680000e+14
1.449494949494949614e+00 4.728127834030080000e+14
1.459595959595959780e+00 3.549026100183040000e+14
1.469696969696969724e+00 2.960998101155840000e+14
1.479797979797979890e+00 2.716234458071040000e+14
1.489898989898990056e+00 2.800341326233600000e+14
1.500000000000000000e+00 2.569195581603840000e+14
