5.000000000000000000e-01 1.231553740092211200e+16
5.101010101010100550e-01 9.252434371149824000e+15
5.202020202020202211e-01 5.597719997448192000e+15
5.303030303030302761e-01 6.412289536163840000e+15
5.404040404040404422e-01 1.167059544807833600e+16
5.505050505050504972e-01 1.022443056739123200e+16
5.606060606060605522e-01 1.375700573487104000e+16
5.707070707070707183e-01 1.002327362659942400e+16
5.808080808080807733e-01 8.118862578974720000e+15
5.909090909090909394e-01 8.406710750281728000e+15
6.010101010101009944e-01 1.112551363235020800e+16
6.111111111111111605e-01 9.778493776723968000e+15
6.212121212121212155e-01 1.311236765096345600e+16
6.313131313131312705e-01 1.047138259697664000e+16
6.414141414141414366e-01 8.203062728458240000e+15
6.515151515151514916e-01 7.680255149998080000e+15
6.616161616161616577e-01 6.791320936906752000e+15
6.717171717171717127e-01 1.115058765142425600e+16
6.818181818181818787e-01 1.177109231409561600e+16
6.919191919191919338e-01 1.192576697132646400e+16
7.020202020202019888e-01 8.981933035880448000e+15
7.121212121212121549e-01 8.628254827085824000e+15
7.222222222222222099e-01 7.132430460780544000e+15
7.323232323232323759e-01 7.905017231048704000e+15
7.424242424242424310e-01 1.197757501433446400e+16
7.525252525252525970e-01 9.695532188434432000e+15
7.626262626262626521e-01 1.080052741570560000e+16
7.727272727272727071e-01 1.106645031583744000e+16
7.828282828282828731e-01 5.510007101587456000e+15
7.929292929292929282e-01 8.768969766862848000e+15
8.030303030303029832e-01 8.228119567663104000e+15
8.131313131313131493e-01 7.245026786541568000e+15
8.232323232323233153e-01 1.013251504603136000e+16
8.333333333333333703e-01 1.182301095251148800e+16
8.434343434343434254e-01 1.262675609989939200e+16
8.535353535353535914e-01 1.220827918263910400e+16
8.636363636363636465e-01 9.337219173056512000e+15
8.737373737373737015e-01 8.358840118542336000e+15
8.838383838383838675e-01 6.850222118404096000e+15
8.939393939393940336e-01 9.465925384273920000e+15
9.040404040404040886e-01 7.353092458676224000e+15
9.141414141414141437e-01 1.118947643280588800e+16
9.242424242424243097e-01 9.787806339563520000e+15
9.343434343434343647e-01 1.181588774925107200e+16
9.444444444444444198e-01 9.438600802336768000e+15
9.545454545454545858e-01 9.733840075489280000e+15
9.646464646464647519e-01 7.717438292492288000e+15
9.747474747474748069e-01 7.747274356555776000e+15
9.848484848484848619e-01 7.023565387857920000e+15
9.949494949494950280e-01 8.359800580603904000e+15
1.005050505050505194e+00 9.034384250241024000e+15
1.015151515151515138e+00 9.739784310226944000e+15
1.025252525252525304e+00 9.151684102062080000e+15
1.035353535353535470e+00 8.823620004478976000e+15
1.045454545454545414e+00 1.152457837117440000e+16
1.055555555555555580e+00 1.025673623764992000e+16
1.065656565656565746e+00 9.493347676717056000e+15
1.075757575757575690e+00 1.120950171782348800e+16
1.085858585858585856e+00 1.129375501752729600e+16
1.095959595959596022e+00 9.847452697886720000e+15
1.106060606060605966e+00 9.411456609026048000e+15
1.116161616161616355e+00 5.675067526610944000e+15
1.126262626262626299e+00 9.406072867520512000e+15
1.136363636363636465e+00 1.025442984021196800e+16
1.146464646464646631e+00 9.022618187333632000e+15
1.156565656565656575e+00 9.783635926319104000e+15
1.166666666666666741e+00 9.934626575351808000e+15
1.176767676767676907e+00 9.668378331447296000e+15
1.186868686868686851e+00 7.678236515368960000e+15
1.196969696969697017e+00 9.544421280317440000e+15
1.207070707070707183e+00 7.994632260550656000e+15
1.217171717171717127e+00 1.110676824758681600e+16
1.227272727272727293e+00 8.945486480277504000e+15
1.237373737373737459e+00 1.113398867656704000e+16
1.247474747474747403e+00 7.063035600437248000e+15
1.257575757575757791e+00 8.947699999047680000e+15
1.267676767676767735e+00 8.321759518392320000e+15
1.277777777777777679e+00 1.014465584483532800e+16
1.287878787878788067e+00 7.373290616127488000e+15
1.297979797979798011e+00 8.731928895160320000e+15
1.308080808080808177e+00 8.335729973264384000e+15
1.318181818181818343e+00 9.257284462968832000e+15
1.328282828282828287e+00 7.414373052055552000e+15
1.338383838383838453e+00 6.564441973850112000e+15
1.348484848484848619e+00 6.241465265029120000e+15
1.358585858585858563e+00 6.684347797078016000e+15
1.368686868686868729e+00 7.052146784600064000e+15
1.378787878787878896e+00 4.911719230996480000e+15
1.388888888888888840e+00 5.233312960348160000e+15
1.398989898989899228e+00 6.124272787390464000e+15
1.409090909090909172e+00 4.232299696619520000e+15
1.419191919191919116e+00 4.672959851528192000e+15
1.429292929292929504e+00 5.022494490624000000e+15
1.439393939393939448e+00 3.476722070585344000e+15
1.449494949494949614e+00 2.991427273359360000e+15
1.459595959595959780e+00 2.328583628390400000e+15
1.469696969696969724e+00 1.765290211803136000e+15
1.479797979797979890e+00 2.242134526656512000e+15
1.489898989898990056e+00 1.629285508972544000e+15
1.500000000000000000e+00 1.832544030949376000e+15
