5.000000000000000000e-01 4.568125841636065280e+17
5.101010101010100550e-01 4.393879362034728960e+17
5.202020202020202211e-01 3.465352100299407360e+17
5.303030303030302761e-01 3.036439829849047040e+17
5.404040404040404422e-01 4.880753418735452160e+17
5.505050505050504972e-01 5.058837193917726720e+17
5.606060606060605522e-01 3.504180322642165760e+17
5.707070707070707183e-01 3.643710409791242240e+17
5.808080808080807733e-01 6.099207465625190400e+17
5.909090909090909394e-01 5.265628186909081600e+17
6.010101010101009944e-01 8.534462168794398720e+17
6.111111111111111605e-01 7.085151224562974720e+17
6.212121212121212155e-01 3.755545173426176000e+17
6.313131313131312705e-01 5.615287659229347840e+17
6.414141414141414366e-01 5.238975337857024000e+17
6.515151515151514916e-01 4.475588537860751360e+17
6.616161616161616577e-01 6.752707699151994880e+17
6.717171717171717127e-01 3.753174351478784000e+17
6.818181818181818787e-01 7.119536389137367040e+17
6.919191919191919338e-01 8.410269581658030080e+17
7.020202020202019888e-01 9.325061194383360000e+17
7.121212121212121549e-01 6.855542960113582080e+17
7.222222222222222099e-01 5.329952365913047040e+17
7.323232323232323759e-01 5.400441369174999040e+17
7.424242424242424310e-01 5.579964130200125440e+17
7.525252525252525970e-01 6.399824939775426560e+17
7.626262626262626521e-01 9.174437722104791040e+17
7.727272727272727071e-01 4.372094944312033280e+17
7.828282828282828731e-01 5.351605873032560640e+17
7.929292929292929282e-01 4.560699671382589440e+17
8.030303030303029832e-01 8.954217912567070720e+17
8.131313131313131493e-01 5.373311950551777280e+17
8.232323232323233153e-01 4.618251889551605760e+17
8.333333333333333703e-01 5.410001622778511360e+17
8.434343434343434254e-01 6.891666727449395200e+17
8.535353535353535914e-01 5.160338953433251840e+17
8.636363636363636465e-01 5.620196291452600320e+17
8.737373737373737015e-01 4.785029592823889920e+17
8.838383838383838675e-01 3.744803632017571840e+17
8.939393939393940336e-01 3.822923933171056640e+17
9.040404040404040886e-01 3.483091002426654720e+17
9.141414141414141437e-01 2.845799803676262400e+17
9.242424242424243097e-01 4.629965811556024320e+17
9.343434343434343647e-01 1.552914317144227840e+17
9.444444444444444198e-01 3.037999418373570560e+17
9.545454545454545858e-01 2.787656769806008320e+17
9.646464646464647519e-01 3.852413865820160000e+17
9.747474747474748069e-01 2.295379472448225280e+17
9.848484848484848619e-01 2.078902641009623040e+17
9.949494949494950280e-01 3.255386954677616640e+17
1.005050505050505194e+00 1.730832134790184960e+17
1.015151515151515138e+00 1.934759930783334400e+17
1.025252525252525304e+00 1.274566763819827200e+17
1.035353535353535470e+00 1.748201497931284480e+17
1.045454545454545414e+00 1.552979600647127040e+17
1.055555555555555580e+00 2.292254282444963840e+17
1.065656565656565746e+00 1.746357926169149440e+17
1.075757575757575690e+00 1.751330811103150080e+17
1.085858585858585856e+00 7.192787314068684800e+16
1.095959595959596022e+00 1.600732249634897920e+17
1.106060606060605966e+00 1.605861986774548480e+17
1.116161616161616355e+00 1.399776828708618240e+17
1.126262626262626299e+00 1.252130627759636480e+17
1.136363636363636465e+00 1.257482672406528000e+17
1.146464646464646631e+00 1.275329292313559040e+17
1.156565656565656575e+00 1.351508525947289600e+17
1.166666666666666741e+00 1.094721880247500800e+17
1.176767676767676907e+00 1.063464224958709760e+17
1.186868686868686851e+00 6.349628110798848000e+16
1.196969696969697017e+00 1.002712427952865280e+17
1.207070707070707183e+00 4.423196980595916800e+16
1.217171717171717127e+00 8.217315255307468800e+16
1.227272727272727293e+00 5.200165154376908800e+16
1.237373737373737459e+00 6.683749078636953600e+16
1.247474747474747403e+00 3.597363460649779200e+16
1.257575757575757791e+00 6.875531394311782400e+16
1.267676767676767735e+00 5.638557190743654400e+16
1.277777777777777679e+00 3.922401646398668800e+16
1.287878787878788067e+00 2.172993821002956800e+16
1.297979797979798011e+00 3.789134394661273600e+16
1.308080808080808177e+00 3.443076853714124800e+16
1.318181818181818343e+00 4.316021225684992000e+16
1.328282828282828287e+00 2.981593140428800000e+16
1.338383838383838453e+00 2.304602141622272000e+16
1.348484848484848619e+00 3.157448643628236800e+16
1.358585858585858563e+00 2.844394705125376000e+16
1.368686868686868729e+00 3.700011675785625600e+16
1.378787878787878896e+00 3.603112059627110400e+16
1.388888888888888840e+00 2.496736429867008000e+16
1.398989898989899228e+00 2.242660767524454400e+16
1.409090909090909172e+00 1.440781568678297600e+16
1.419191919191919116e+00 6.959778681061376000e+15
1.429292929292929504e+00 1.784454221660160000e+16
1.439393939393939448e+00 1.143957989464473600e+16
1.449494949494949614e+00 1.392705852250521600e+16
1.459595959595959780e+00 1.486291471643443200e+16
1.469696969696969724e+00 4.571602918309888000e+15
1.479797979797979890e+00 4.897048159584256000e+15
1.489898989898990056e+00 7.788585499492352000e+15
1.500000000000000000e+00 6.004379312193536000e+15
