5.000000000000000000e-01 8.948608479120064512e+18
5.101010101010100550e-01 8.652796420539023360e+18
5.202020202020202211e-01 8.984211765139079168e+18
5.303030303030302761e-01 9.392984899578757120e+18
5.404040404040404422e-01 9.488813935009202176e+18
5.505050505050504972e-01 9.413910804878589952e+18
5.606060606060605522e-01 8.784338143395446784e+18
5.707070707070707183e-01 8.681531607175135232e+18
5.808080808080807733e-01 8.653509453829636096e+18
5.909090909090909394e-01 8.801384971672485888e+18
6.010101010101009944e-01 8.844976759423107072e+18
6.111111111111111605e-01 8.485668454093815808e+18
6.212121212121212155e-01 7.765056229830819840e+18
6.313131313131312705e-01 7.343109846578757632e+18
6.414141414141414366e-01 7.346440817055105024e+18
6.515151515151514916e-01 7.553126463088623616e+18
6.616161616161616577e-01 7.472966567865614336e+18
6.717171717171717127e-01 6.982732266191454208e+18
6.818181818181818787e-01 6.401893808342040576e+18
6.919191919191919338e-01 5.887315219717292032e+18
7.020202020202019888e-01 5.656570610000592896e+18
7.121212121212121549e-01 5.577741123847192576e+18
7.222222222222222099e-01 5.765505274278313984e+18
7.323232323232323759e-01 5.597912764170371072e+18
7.424242424242424310e-01 5.147618222375174144e+18
7.525252525252525970e-01 4.643531173702664192e+18
7.626262626262626521e-01 4.356241429748514816e+18
7.727272727272727071e-01 4.121253529782321152e+18
7.828282828282828731e-01 4.120215041049886720e+18
7.929292929292929282e-01 4.223943242892181504e+18
8.030303030303029832e-01 4.150963708354363392e+18
8.131313131313131493e-01 3.934491309322010624e+18
8.232323232323233153e-01 3.497670183013580800e+18
8.333333333333333703e-01 3.198771245537558528e+18
8.434343434343434254e-01 2.898251353044287488e+18
8.535353535353535914e-01 2.816172810030809088e+18
8.636363636363636465e-01 2.854261542084411392e+18
8.737373737373737015e-01 2.962664317612195840e+18
8.838383838383838675e-01 2.877840294064160768e+18
8.939393939393940336e-01 2.785816393499541504e+18
9.040404040404040886e-01 2.661872570868957184e+18
9.141414141414141437e-01 2.411044281759301632e+18
9.242424242424243097e-01 2.194766358846111744e+18
9.343434343434343647e-01 1.948047769323175936e+18
9.444444444444444198e-01 1.800580445172137984e+18
9.545454545454545858e-01 1.766683051443617792e+18
9.646464646464647519e-01 1.830939335604568064e+18
9.747474747474748069e-01 1.849245242134364160e+18
9.848484848484848619e-01 1.841090989024870400e+18
9.949494949494950280e-01 1.850813832910340096e+18
1.005050505050505194e+00 1.797110661352783872e+18
1.015151515151515138e+00 1.722359676143665152e+18
1.025252525252525304e+00 1.586800062921441280e+18
1.035353535353535470e+00 1.466022009145131008e+18
1.045454545454545414e+00 1.286534982247907328e+18
1.055555555555555580e+00 1.186875660623151104e+18
1.065656565656565746e+00 1.072603966904205312e+18
1.075757575757575690e+00 9.683410588134277120e+17
1.085858585858585856e+00 9.024238248997683200e+17
1.095959595959596022e+00 8.626719440702013440e+17
1.106060606060605966e+00 8.195724626509168640e+17
1.116161616161616355e+00 7.915019995132723200e+17
1.126262626262626299e+00 7.644140874539991040e+17
1.136363636363636465e+00 7.563416792412979200e+17
1.146464646464646631e+00 7.295388155715256320e+17
1.156565656565656575e+00 7.076882209927331840e+17
1.166666666666666741e+00 6.870686671201894400e+17
1.176767676767676907e+00 6.561703287953817600e+17
1.186868686868686851e+00 6.249837122656665600e+17
1.196969696969697017e+00 5.899760179515228160e+17
1.207070707070707183e+00 5.613781328299294720e+17
1.217171717171717127e+00 5.150515504233840640e+17
1.227272727272727293e+00 4.835886815971901440e+17
1.237373737373737459e+00 4.313496472109711360e+17
1.247474747474747403e+00 3.968447389483663360e+17
1.257575757575757791e+00 3.554733118508236800e+17
1.267676767676767735e+00 3.167106822486097920e+17
1.277777777777777679e+00 2.902930256056811520e+17
1.287878787878788067e+00 2.597948579737763840e+17
1.297979797979798011e+00 2.459201207428710400e+17
1.308080808080808177e+00 2.421378007433216000e+17
1.318181818181818343e+00 2.530852257042268160e+17
1.328282828282828287e+00 2.591531039604080640e+17
1.338383838383838453e+00 2.665360324831477760e+17
1.348484848484848619e+00 2.684822367837880320e+17
1.358585858585858563e+00 2.534175015541145600e+17
1.368686868686868729e+00 2.354259007310397440e+17
1.378787878787878896e+00 1.933645129071984640e+17
1.388888888888888840e+00 1.532618191488942080e+17
1.398989898989899228e+00 1.131085650355814400e+17
1.409090909090909172e+00 9.357422054971801600e+16
1.419191919191919116e+00 1.054690465766440960e+17
1.429292929292929504e+00 1.240921793909227520e+17
1.439393939393939448e+00 1.275559674359316480e+17
1.449494949494949614e+00 1.107994016386908160e+17
1.459595959595959780e+00 7.866639765523660800e+16
1.469696969696969724e+00 4.927005663848038400e+16
1.479797979797979890e+00 5.387302892417843200e+16
1.489898989898990056e+00 6.755720704609484800e+16
1.500000000000000000e+00 6.620935611429683200e+16
