5.000000000000000000e-01 2.071319756800000000e+10
5.101010101010100550e-01 1.864055193600000000e+10
5.202020202020202211e-01 1.667145318400000000e+10
5.303030303030302761e-01 1.819559526400000000e+10
5.404040404040404422e-01 2.031360614400000000e+10
5.505050505050504972e-01 2.169080627200000000e+10
5.606060606060605522e-01 2.222312448000000000e+10
5.707070707070707183e-01 2.050739200000000000e+10
5.808080808080807733e-01 1.744347750400000000e+10
5.909090909090909394e-01 1.903063040000000000e+10
6.010101010101009944e-01 2.128595148800000000e+10
6.111111111111111605e-01 2.380681830400000000e+10
6.212121212121212155e-01 2.376427315200000000e+10
6.313131313131312705e-01 2.243181158400000000e+10
6.414141414141414366e-01 2.099530752000000000e+10
6.515151515151514916e-01 2.068174438400000000e+10
6.616161616161616577e-01 2.295852851200000000e+10
6.717171717171717127e-01 2.464081305600000000e+10
6.818181818181818787e-01 2.492850176000000000e+10
6.919191919191919338e-01 2.475687526400000000e+10
7.020202020202019888e-01 2.574861516800000000e+10
7.121212121212121549e-01 2.403850649600000000e+10
7.222222222222222099e-01 2.538366771200000000e+10
7.323232323232323759e-01 2.618286694400000000e+10
7.424242424242424310e-01 2.916907212800000000e+10
7.525252525252525970e-01 2.814462156800000000e+10
7.626262626262626521e-01 3.033060352000000000e+10
7.727272727272727071e-01 3.010596864000000000e+10
7.828282828282828731e-01 2.919738777600000000e+10
7.929292929292929282e-01 2.961788928000000000e+10
8.030303030303029832e-01 3.098559488000000000e+10
8.131313131313131493e-01 3.208047001600000000e+10
8.232323232323233153e-01 3.664444620800000000e+10
8.333333333333333703e-01 3.755292262400000000e+10
8.434343434343434254e-01 3.748517478400000000e+10
8.535353535353535914e-01 3.787101798400000000e+10
8.636363636363636465e-01 3.898043187200000000e+10
8.737373737373737015e-01 3.969520435200000000e+10
8.838383838383838675e-01 4.265336832000000000e+10
8.939393939393940336e-01 4.492516556800000000e+10
9.040404040404040886e-01 4.926407884800000000e+10
9.141414141414141437e-01 5.047868211200000000e+10
9.242424242424243097e-01 5.431776460800000000e+10
9.343434343434343647e-01 5.263848243200000000e+10
9.444444444444444198e-01 5.376453836800000000e+10
9.545454545454545858e-01 5.256965734400000000e+10
9.646464646464647519e-01 4.865991475200000000e+10
9.747474747474748069e-01 5.114409369600000000e+10
9.848484848484848619e-01 5.077482291200000000e+10
9.949494949494950280e-01 4.702965760000000000e+10
1.005050505050505194e+00 4.358843596800000000e+10
1.015151515151515138e+00 4.298362880000000000e+10
1.025252525252525304e+00 3.840132300800000000e+10
1.035353535353535470e+00 3.539011993600000000e+10
1.045454545454545414e+00 3.172477952000000000e+10
1.055555555555555580e+00 2.948257996800000000e+10
1.065656565656565746e+00 2.556114124800000000e+10
1.075757575757575690e+00 2.371026534400000000e+10
1.085858585858585856e+00 2.118403481600000000e+10
1.095959595959596022e+00 1.909523660800000000e+10
1.106060606060605966e+00 1.741263257600000000e+10
1.116161616161616355e+00 1.653663744000000000e+10
1.126262626262626299e+00 1.458483302400000000e+10
1.136363636363636465e+00 1.381965209600000000e+10
1.146464646464646631e+00 1.283185664000000000e+10
1.156565656565656575e+00 1.179932672000000000e+10
1.166666666666666741e+00 1.045242060800000000e+10
1.176767676767676907e+00 1.023838822400000000e+10
1.186868686868686851e+00 9.294580736000000000e+09
1.196969696969697017e+00 8.104208896000000000e+09
1.207070707070707183e+00 8.009120256000000000e+09
1.217171717171717127e+00 7.308008960000000000e+09
1.227272727272727293e+00 6.947226112000000000e+09
1.237373737373737459e+00 5.987252224000000000e+09
1.247474747474747403e+00 5.355805696000000000e+09
1.257575757575757791e+00 4.644598272000000000e+09
1.267676767676767735e+00 4.415826432000000000e+09
1.277777777777777679e+00 3.993799424000000000e+09
1.287878787878788067e+00 3.516985088000000000e+09
1.297979797979798011e+00 3.312766208000000000e+09
1.308080808080808177e+00 3.237378560000000000e+09
1.318181818181818343e+00 2.933087488000000000e+09
1.328282828282828287e+00 2.781910016000000000e+09
1.338383838383838453e+00 2.784245248000000000e+09
1.348484848484848619e+00 2.708349184000000000e+09
1.358585858585858563e+00 2.521606656000000000e+09
1.368686868686868729e+00 2.231962112000000000e+09
1.378787878787878896e+00 1.976366208000000000e+09
1.388888888888888840e+00 1.603317888000000000e+09
1.398989898989899228e+00 1.232048768000000000e+09
1.409090909090909172e+00 1.060498880000000000e+09
1.419191919191919116e+00 1.150604160000000000e+09
1.429292929292929504e+00 1.112025728000000000e+09
1.439393939393939448e+00 1.087628800000000000e+09
1.449494949494949614e+00 1.024948928000000000e+09
1.459595959595959780e+00 7.245566720000000000e+08
1.469696969696969724e+00 5.550838400000000000e+08
1.479797979797979890e+00 5.324557760000000000e+08
1.489898989898990056e+00 5.850011520000000000e+08
1.500000000000000000e+00 5.716931840000000000e+08
