5.000000000000000000e-01 1.608681030273437500e+02
5.101010101010100550e-01 1.601242523193359375e+02
5.202020202020202211e-01 1.561929321289062500e+02
5.303030303030302761e-01 1.654241943359375000e+02
5.404040404040404422e-01 1.816159210205078125e+02
5.505050505050504972e-01 1.967949218750000000e+02
5.606060606060605522e-01 2.037383422851562500e+02
5.707070707070707183e-01 2.034562988281250000e+02
5.808080808080807733e-01 2.035620117187500000e+02
5.909090909090909394e-01 2.175158538818359375e+02
6.010101010101009944e-01 2.407093200683593750e+02
6.111111111111111605e-01 2.629190063476562500e+02
6.212121212121212155e-01 2.864182739257812500e+02
6.313131313131312705e-01 2.966662597656250000e+02
6.414141414141414366e-01 3.096513977050781250e+02
6.515151515151514916e-01 3.380100402832031250e+02
6.616161616161616577e-01 3.802858886718750000e+02
6.717171717171717127e-01 4.380123901367187500e+02
6.818181818181818787e-01 5.084520568847656250e+02
6.919191919191919338e-01 5.896457519531250000e+02
7.020202020202019888e-01 6.826914672851562500e+02
7.121212121212121549e-01 8.040423583984375000e+02
7.222222222222222099e-01 1.005505554199218750e+03
7.323232323232323759e-01 1.177035522460937500e+03
7.424242424242424310e-01 1.222355834960937500e+03
7.525252525252525970e-01 1.141560791015625000e+03
7.626262626262626521e-01 9.366713867187500000e+02
7.727272727272727071e-01 7.676238403320312500e+02
7.828282828282828731e-01 6.206577758789062500e+02
7.929292929292929282e-01 5.182193603515625000e+02
8.030303030303029832e-01 4.308886108398437500e+02
8.131313131313131493e-01 3.603959045410156250e+02
8.232323232323233153e-01 3.047148437500000000e+02
8.333333333333333703e-01 2.633902587890625000e+02
8.434343434343434254e-01 2.329782562255859375e+02
8.535353535353535914e-01 2.089721374511718750e+02
8.636363636363636465e-01 1.896788482666015625e+02
8.737373737373737015e-01 1.803234405517578125e+02
8.838383838383838675e-01 1.657142181396484375e+02
8.939393939393940336e-01 1.533166198730468750e+02
9.040404040404040886e-01 1.372234039306640625e+02
9.141414141414141437e-01 1.217112274169921875e+02
9.242424242424243097e-01 1.112197723388671875e+02
9.343434343434343647e-01 9.933212280273437500e+01
9.444444444444444198e-01 9.155722045898437500e+01
9.545454545454545858e-01 8.696246337890625000e+01
9.646464646464647519e-01 8.402123260498046875e+01
9.747474747474748069e-01 8.031418609619140625e+01
9.848484848484848619e-01 7.801825714111328125e+01
9.949494949494950280e-01 7.440657806396484375e+01
1.005050505050505194e+00 6.985171508789062500e+01
1.015151515151515138e+00 6.466857910156250000e+01
1.025252525252525304e+00 6.023225021362304688e+01
1.035353535353535470e+00 5.485379028320312500e+01
1.045454545454545414e+00 4.906106567382812500e+01
1.055555555555555580e+00 4.500268554687500000e+01
1.065656565656565746e+00 4.030278015136718750e+01
1.075757575757575690e+00 3.817992019653320312e+01
1.085858585858585856e+00 3.491923522949218750e+01
1.095959595959596022e+00 3.291515350341796875e+01
1.106060606060605966e+00 3.191703796386718750e+01
1.116161616161616355e+00 3.015469932556152344e+01
1.126262626262626299e+00 2.915058326721191406e+01
1.136363636363636465e+00 2.741838073730468750e+01
1.146464646464646631e+00 2.644090461730957031e+01
1.156565656565656575e+00 2.503619003295898438e+01
1.166666666666666741e+00 2.373141860961914062e+01
1.176767676767676907e+00 2.290616226196289062e+01
1.186868686868686851e+00 2.133160972595214844e+01
1.196969696969697017e+00 2.012957382202148438e+01
1.207070707070707183e+00 1.857839393615722656e+01
1.217171717171717127e+00 1.743574142456054688e+01
1.227272727272727293e+00 1.601959228515625000e+01
1.237373737373737459e+00 1.466853332519531250e+01
1.247474747474747403e+00 1.349164199829101562e+01
1.257575757575757791e+00 1.201460266113281250e+01
1.267676767676767735e+00 1.077334213256835938e+01
1.277777777777777679e+00 9.740409851074218750e+00
1.287878787878788067e+00 8.744195938110351562e+00
1.297979797979798011e+00 7.967592716217041016e+00
1.308080808080808177e+00 7.596347808837890625e+00
1.318181818181818343e+00 7.549479484558105469e+00
1.328282828282828287e+00 7.641687870025634766e+00
1.338383838383838453e+00 7.740786075592041016e+00
1.348484848484848619e+00 7.711355686187744141e+00
1.358585858585858563e+00 7.412543296813964844e+00
1.368686868686868729e+00 6.762374401092529297e+00
1.378787878787878896e+00 5.908843994140625000e+00
1.388888888888888840e+00 4.674634933471679688e+00
1.398989898989899228e+00 3.594189643859863281e+00
1.409090909090909172e+00 2.957973003387451172e+00
1.419191919191919116e+00 3.048019886016845703e+00
1.429292929292929504e+00 3.432924509048461914e+00
1.439393939393939448e+00 3.542116880416870117e+00
1.449494949494949614e+00 3.139547586441040039e+00
1.459595959595959780e+00 2.338428497314453125e+00
1.469696969696969724e+00 1.558448672294616699e+00
1.479797979797979890e+00 1.491350650787353516e+00
1.489898989898990056e+00 1.845250248908996582e+00
1.500000000000000000e+00 1.824215412139892578e+00
