5.000000000000000000e-01 3.925093989597839360e+17
5.101010101010100550e-01 3.586645069114900480e+17
5.202020202020202211e-01 3.449992266456760320e+17
5.303030303030302761e-01 3.613680685652377600e+17
5.404040404040404422e-01 4.165946134830776320e+17
5.505050505050504972e-01 4.287948288646184960e+17
5.606060606060605522e-01 4.272574023713423360e+17
5.707070707070707183e-01 3.978550526953390080e+17
5.808080808080807733e-01 3.845503435239587840e+17
5.909090909090909394e-01 4.287476529438392320e+17
6.010101010101009944e-01 4.491239742284759040e+17
6.111111111111111605e-01 4.902706542773534720e+17
6.212121212121212155e-01 4.823915195929722880e+17
6.313131313131312705e-01 4.471130705404887040e+17
6.414141414141414366e-01 4.292205460229980160e+17
6.515151515151514916e-01 4.597075295600640000e+17
6.616161616161616577e-01 4.855260210853314560e+17
6.717171717171717127e-01 5.336106195054755840e+17
6.818181818181818787e-01 5.346725072197386240e+17
6.919191919191919338e-01 5.169704043722833920e+17
7.020202020202019888e-01 5.093794791733329920e+17
7.121212121212121549e-01 5.079739597156515840e+17
7.222222222222222099e-01 5.597369742865203200e+17
7.323232323232323759e-01 5.639330886152355840e+17
7.424242424242424310e-01 6.164449736838348800e+17
7.525252525252525970e-01 6.263913620271267840e+17
7.626262626262626521e-01 6.092656437907947520e+17
7.727272727272727071e-01 6.100135178561126400e+17
7.828282828282828731e-01 6.001161264997335040e+17
7.929292929292929282e-01 6.016369572393779200e+17
8.030303030303029832e-01 6.443162190584217600e+17
8.131313131313131493e-01 6.631034368032768000e+17
8.232323232323233153e-01 6.583720321105264640e+17
8.333333333333333703e-01 6.509071727916482560e+17
8.434343434343434254e-01 6.302712636836413440e+17
8.535353535353535914e-01 5.980589402441646080e+17
8.636363636363636465e-01 5.657174585481625600e+17
8.737373737373737015e-01 5.563529180143943680e+17
8.838383838383838675e-01 5.644450830766571520e+17
8.939393939393940336e-01 5.630645087890309120e+17
9.040404040404040886e-01 5.594589009239080960e+17
9.141414141414141437e-01 5.361322807043031040e+17
9.242424242424243097e-01 4.845968650403840000e+17
9.343434343434343647e-01 4.569674435044311040e+17
9.444444444444444198e-01 4.138240159797739520e+17
9.545454545454545858e-01 4.104948322098216960e+17
9.646464646464647519e-01 3.711664695153786880e+17
9.747474747474748069e-01 3.702667254064742400e+17
9.848484848484848619e-01 3.597708904869396480e+17
9.949494949494950280e-01 3.397178599806074880e+17
1.005050505050505194e+00 3.415562090625105920e+17
1.015151515151515138e+00 3.164021317980651520e+17
1.025252525252525304e+00 3.046223078154567680e+17
1.035353535353535470e+00 2.779108925893509120e+17
1.045454545454545414e+00 2.564070564901683200e+17
1.055555555555555580e+00 2.278444588198789120e+17
1.065656565656565746e+00 2.010791159844044800e+17
1.075757575757575690e+00 1.870387819944345600e+17
1.085858585858585856e+00 1.761329666766929920e+17
1.095959595959596022e+00 1.602522563802562560e+17
1.106060606060605966e+00 1.500551106663546880e+17
1.116161616161616355e+00 1.380141612620840960e+17
1.126262626262626299e+00 1.365828290509537280e+17
1.136363636363636465e+00 1.267196599939891200e+17
1.146464646464646631e+00 1.203283878802882560e+17
1.156565656565656575e+00 1.113335753112289280e+17
1.166666666666666741e+00 1.079326484075642880e+17
1.176767676767676907e+00 1.016345684942520320e+17
1.186868686868686851e+00 9.396166095955558400e+16
1.196969696969697017e+00 8.909696625174118400e+16
1.207070707070707183e+00 8.417125723851980800e+16
1.217171717171717127e+00 7.823047565456179200e+16
1.227272727272727293e+00 7.070160843807129600e+16
1.237373737373737459e+00 6.465346985158246400e+16
1.247474747474747403e+00 5.985066562250342400e+16
1.257575757575757791e+00 5.139973335207116800e+16
1.267676767676767735e+00 4.942326671186329600e+16
1.277777777777777679e+00 4.440311995773747200e+16
1.287878787878788067e+00 3.971632279532339200e+16
1.297979797979798011e+00 3.865185810068275200e+16
1.308080808080808177e+00 3.623144646089113600e+16
1.318181818181818343e+00 3.566359380230144000e+16
1.328282828282828287e+00 3.539403306486988800e+16
1.338383838383838453e+00 3.539890141029990400e+16
1.348484848484848619e+00 3.447805612707020800e+16
1.358585858585858563e+00 3.186226213001625600e+16
1.368686868686868729e+00 2.962495353598771200e+16
1.378787878787878896e+00 2.542993012896563200e+16
1.388888888888888840e+00 1.983607452834201600e+16
1.398989898989899228e+00 1.573645093489868800e+16
1.409090909090909172e+00 1.338642199792844800e+16
1.419191919191919116e+00 1.410604376837324800e+16
1.429292929292929504e+00 1.578579474042060800e+16
1.439393939393939448e+00 1.561957521109811200e+16
1.449494949494949614e+00 1.308145462385049600e+16
1.459595959595959780e+00 9.296069091393536000e+15
1.469696969696969724e+00 6.772020964491264000e+15
1.479797979797979890e+00 6.909010557009920000e+15
1.489898989898990056e+00 8.065478819840000000e+15
1.500000000000000000e+00 7.842995218939904000e+15
