0.5000
0.5010
0.5020
0.5030
0.5040
0.5050
0.5060
0.5070
0.5080
0.5090
0.5100
0.5110
0.5120
0.5130
0.5140
0.5150
0.5160
0.5170
0.5180
0.5190
0.5200
0.5210
0.5220
0.5230
0.5240
0.5250
0.5260
0.5270
0.5280
0.5290
0.5300
0.5310
0.5320
0.5330
0.5340
0.5350
0.5360
0.5370
0.5380
0.5390
0.5400
0.5410
0.5420
0.5430
0.5440
0.5450
0.5460
0.5470
0.5480
0.5490
0.5501
0.5511
0.5521
0.5531
0.5541
0.5551
0.5561
0.5571
0.5581
0.5591
0.5601
0.5611
0.5621
0.5631
0.5641
0.5651
0.5661
0.5671
0.5681
0.5691
0.5701
0.5711
0.5721
0.5731
0.5741
0.5751
0.5761
0.5771
0.5781
0.5791
0.5801
0.5811
0.5821
0.5831
0.5841
0.5851
0.5861
0.5871
0.5881
0.5891
0.5901
0.5911
0.5921
0.5931
0.5941
0.5951
0.5961
0.5971
0.5981
0.5991
0.6001
0.6011
0.6021
0.6031
0.6041
0.6051
0.6061
0.6071
0.6081
0.6091
0.6101
0.6111
0.6121
0.6131
0.6141
0.6151
0.6161
0.6171
0.6181
0.6191
0.6201
0.6211
0.6221
0.6231
0.6241
0.6251
0.6261
0.6271
0.6281
0.6291
0.6301
0.6311
0.6321
0.6331
0.6341
0.6351
0.6361
0.6371
0.6381
0.6391
0.6401
0.6411
0.6421
0.6431
0.6441
0.6451
0.6461
0.6471
0.6481
0.6491
0.6502
0.6512
0.6522
0.6532
0.6542
0.6552
0.6562
0.6572
0.6582
0.6592
0.6602
0.6612
0.6622
0.6632
0.6642
0.6652
0.6662
0.6672
0.6682
0.6692
0.6702
0.6712
0.6722
0.6732
0.6742
0.6752
0.6762
0.6772
0.6782
0.6792
0.6802
0.6812
0.6822
0.6832
0.6842
0.6852
0.6862
0.6872
0.6882
0.6892
0.6902
0.6912
0.6922
0.6932
0.6942
0.6952
0.6962
0.6972
0.6982
0.6992
0.7002
0.7012
0.7022
0.7032
0.7042
0.7052
0.7062
0.7072
0.7082
0.7092
0.7102
0.7112
0.7122
0.7132
0.7142
0.7152
0.7162
0.7172
0.7182
0.7192
0.7202
0.7212
0.7222
0.7232
0.7242
0.7252
0.7262
0.7272
0.7282
0.7292
0.7302
0.7312
0.7322
0.7332
0.7342
0.7352
0.7362
0.7372
0.7382
0.7392
0.7402
0.7412
0.7422
0.7432
0.7442
0.7452
0.7462
0.7472
0.7482
0.7492
0.7503
0.7513
0.7523
0.7533
0.7543
0.7553
0.7563
0.7573
0.7583
0.7593
0.7603
0.7613
0.7623
0.7633
0.7643
0.7653
0.7663
0.7673
0.7683
0.7693
0.7703
0.7713
0.7723
0.7733
0.7743
0.7753
0.7763
0.7773
0.7783
0.7793
0.7803
0.7813
0.7823
0.7833
0.7843
0.7853
0.7863
0.7873
0.7883
0.7893
0.7903
0.7913
0.7923
0.7933
0.7943
0.7953
0.7963
0.7973
0.7983
0.7993
0.8003
0.8013
0.8023
0.8033
0.8043
0.8053
0.8063
0.8073
0.8083
0.8093
0.8103
0.8113
0.8123
0.8133
0.8143
0.8153
0.8163
0.8173
0.8183
0.8193
0.8203
0.8213
0.8223
0.8233
0.8243
0.8253
0.8263
0.8273
0.8283
0.8293
0.8303
0.8313
0.8323
0.8333
0.8343
0.8353
0.8363
0.8373
0.8383
0.8393
0.8403
0.8413
0.8423
0.8433
0.8443
0.8453
0.8463
0.8473
0.8483
0.8493
0.8504
0.8514
0.8524
0.8534
0.8544
0.8554
0.8564
0.8574
0.8584
0.8594
0.8604
0.8614
0.8624
0.8634
0.8644
0.8654
0.8664
0.8674
0.8684
0.8694
0.8704
0.8714
0.8724
0.8734
0.8744
0.8754
0.8764
0.8774
0.8784
0.8794
0.8804
0.8814
0.8824
0.8834
0.8844
0.8854
0.8864
0.8874
0.8884
0.8894
0.8904
0.8914
0.8924
0.8934
0.8944
0.8954
0.8964
0.8974
0.8984
0.8994
0.9004
0.9014
0.9024
0.9034
0.9044
0.9054
0.9064
0.9074
0.9084
0.9094
0.9104
0.9114
0.9124
0.9134
0.9144
0.9154
0.9164
0.9174
0.9184
0.9194
0.9204
0.9214
0.9224
0.9234
0.9244
0.9254
0.9264
0.9274
0.9284
0.9294
0.9304
0.9314
0.9324
0.9334
0.9344
0.9354
0.9364
0.9374
0.9384
0.9394
0.9404
0.9414
0.9424
0.9434
0.9444
0.9454
0.9464
0.9474
0.9484
0.9494
0.9505
0.9515
0.9525
0.9535
0.9545
0.9555
0.9565
0.9575
0.9585
0.9595
0.9605
0.9615
0.9625
0.9635
0.9645
0.9655
0.9665
0.9675
0.9685
0.9695
0.9705
0.9715
0.9725
0.9735
0.9745
0.9755
0.9765
0.9775
0.9785
0.9795
0.9805
0.9815
0.9825
0.9835
0.9845
0.9855
0.9865
0.9875
0.9885
0.9895
0.9905
0.9915
0.9925
0.9935
0.9945
0.9955
0.9965
0.9975
0.9985
0.9995
1.0005
1.0015
1.0025
1.0035
1.0045
1.0055
1.0065
1.0075
1.0085
1.0095
1.0105
1.0115
1.0125
1.0135
1.0145
1.0155
1.0165
1.0175
1.0185
1.0195
1.0205
1.0215
1.0225
1.0235
1.0245
1.0255
1.0265
1.0275
1.0285
1.0295
1.0305
1.0315
1.0325
1.0335
1.0345
1.0355
1.0365
1.0375
1.0385
1.0395
1.0405
1.0415
1.0425
1.0435
1.0445
1.0455
1.0465
1.0475
1.0485
1.0495
1.0506
1.0516
1.0526
1.0536
1.0546
1.0556
1.0566
1.0576
1.0586
1.0596
1.0606
1.0616
1.0626
1.0636
1.0646
1.0656
1.0666
1.0676
1.0686
1.0696
1.0706
1.0716
1.0726
1.0736
1.0746
1.0756
1.0766
1.0776
1.0786
1.0796
1.0806
1.0816
1.0826
1.0836
1.0846
1.0856
1.0866
1.0876
1.0886
1.0896
1.0906
1.0916
1.0926
1.0936
1.0946
1.0956
1.0966
1.0976
1.0986
1.0996
1.1006
1.1016
1.1026
1.1036
1.1046
1.1056
1.1066
1.1076
1.1086
1.1096
1.1106
1.1116
1.1126
1.1136
1.1146
1.1156
1.1166
1.1176
1.1186
1.1196
1.1206
1.1216
1.1226
1.1236
1.1246
1.1256
1.1266
1.1276
1.1286
1.1296
1.1306
1.1316
1.1326
1.1336
1.1346
1.1356
1.1366
1.1376
1.1386
1.1396
1.1406
1.1416
1.1426
1.1436
1.1446
1.1456
1.1466
1.1476
1.1486
1.1496
1.1507
1.1517
1.1527
1.1537
1.1547
1.1557
1.1567
1.1577
1.1587
1.1597
1.1607
1.1617
1.1627
1.1637
1.1647
1.1657
1.1667
1.1677
1.1687
1.1697
1.1707
1.1717
1.1727
1.1737
1.1747
1.1757
1.1767
1.1777
1.1787
1.1797
1.1807
1.1817
1.1827
1.1837
1.1847
1.1857
1.1867
1.1877
1.1887
1.1897
1.1907
1.1917
1.1927
1.1937
1.1947
1.1957
1.1967
1.1977
1.1987
1.1997
1.2007
1.2017
1.2027
1.2037
1.2047
1.2057
1.2067
1.2077
1.2087
1.2097
1.2107
1.2117
1.2127
1.2137
1.2147
1.2157
1.2167
1.2177
1.2187
1.2197
1.2207
1.2217
1.2227
1.2237
1.2247
1.2257
1.2267
1.2277
1.2287
1.2297
1.2307
1.2317
1.2327
1.2337
1.2347
1.2357
1.2367
1.2377
1.2387
1.2397
1.2407
1.2417
1.2427
1.2437
1.2447
1.2457
1.2467
1.2477
1.2487
1.2497
1.2508
1.2518
1.2528
1.2538
1.2548
1.2558
1.2568
1.2578
1.2588
1.2598
1.2608
1.2618
1.2628
1.2638
1.2648
1.2658
1.2668
1.2678
1.2688
1.2698
1.2708
1.2718
1.2728
1.2738
1.2748
1.2758
1.2768
1.2778
1.2788
1.2798
1.2808
1.2818
1.2828
1.2838
1.2848
1.2858
1.2868
1.2878
1.2888
1.2898
1.2908
1.2918
1.2928
1.2938
1.2948
1.2958
1.2968
1.2978
1.2988
1.2998
1.3008
1.3018
1.3028
1.3038
1.3048
1.3058
1.3068
1.3078
1.3088
1.3098
1.3108
1.3118
1.3128
1.3138
1.3148
1.3158
1.3168
1.3178
1.3188
1.3198
1.3208
1.3218
1.3228
1.3238
1.3248
1.3258
1.3268
1.3278
1.3288
1.3298
1.3308
1.3318
1.3328
1.3338
1.3348
1.3358
1.3368
1.3378
1.3388
1.3398
1.3408
1.3418
1.3428
1.3438
1.3448
1.3458
1.3468
1.3478
1.3488
1.3498
1.3509
1.3519
1.3529
1.3539
1.3549
1.3559
1.3569
1.3579
1.3589
1.3599
1.3609
1.3619
1.3629
1.3639
1.3649
1.3659
1.3669
1.3679
1.3689
1.3699
1.3709
1.3719
1.3729
1.3739
1.3749
1.3759
1.3769
1.3779
1.3789
1.3799
1.3809
1.3819
1.3829
1.3839
1.3849
1.3859
1.3869
1.3879
1.3889
1.3899
1.3909
1.3919
1.3929
1.3939
1.3949
1.3959
1.3969
1.3979
1.3989
1.3999
1.4009
1.4019
1.4029
1.4039
1.4049
1.4059
1.4069
1.4079
1.4089
1.4099
1.4109
1.4119
1.4129
1.4139
1.4149
1.4159
1.4169
1.4179
1.4189
1.4199
1.4209
1.4219
1.4229
1.4239
1.4249
1.4259
1.4269
1.4279
1.4289
1.4299
1.4309
1.4319
1.4329
1.4339
1.4349
1.4359
1.4369
1.4379
1.4389
1.4399
1.4409
1.4419
1.4429
1.4439
1.4449
1.4459
1.4469
1.4479
1.4489
1.4499
1.4510
1.4520
1.4530
1.4540
1.4550
1.4560
1.4570
1.4580
1.4590
1.4600
1.4610
1.4620
1.4630
1.4640
1.4650
1.4660
1.4670
1.4680
1.4690
1.4700
1.4710
1.4720
1.4730
1.4740
1.4750
1.4760
1.4770
1.4780
1.4790
1.4800
1.4810
1.4820
1.4830
1.4840
1.4850
1.4860
1.4870
1.4880
1.4890
1.4900
1.4910
1.4920
1.4930
1.4940
1.4950
1.4960
1.4970
1.4980
1.4990
1.5000
