6.200000000000001066e-01 3.773735284805297852e+00
6.276767676767678328e-01 4.251494407653808594e+00
6.353535353535354480e-01 4.358738422393798828e+00
6.430303030303031742e-01 3.504399299621582031e+00
6.507070707070707893e-01 2.668629884719848633e+00
6.583838383838385155e-01 3.539264440536499023e+00
6.660606060606061307e-01 6.396877288818359375e+00
6.737373737373738569e-01 9.492211341857910156e+00
6.814141414141414721e-01 1.117269039154052734e+01
6.890909090909091983e-01 1.134110832214355469e+01
6.967676767676768135e-01 1.120954895019531250e+01
7.044444444444445397e-01 1.255445575714111328e+01
7.121212121212121549e-01 1.551271057128906250e+01
7.197979797979798811e-01 1.815850448608398438e+01
7.274747474747476073e-01 1.914397621154785156e+01
7.351515151515152224e-01 1.843833923339843750e+01
7.428282828282829486e-01 1.714097785949707031e+01
7.505050505050505638e-01 1.709332656860351562e+01
7.581818181818182900e-01 1.911569404602050781e+01
7.658585858585859052e-01 2.222660446166992188e+01
7.735353535353536314e-01 2.449683380126953125e+01
7.812121212121212466e-01 2.670248222351074219e+01
7.888888888888889728e-01 3.066324806213378906e+01
7.965656565656566990e-01 3.433034133911132812e+01
8.042424242424243142e-01 3.503282928466796875e+01
8.119191919191919293e-01 3.346531677246093750e+01
8.195959595959596555e-01 2.991294479370117188e+01
8.272727272727273817e-01 2.457288360595703125e+01
8.349494949494949969e-01 2.243500328063964844e+01
8.426262626262627231e-01 2.703896522521972656e+01
8.503030303030303383e-01 3.540938186645507812e+01
8.579797979797980645e-01 4.267889022827148438e+01
8.656565656565656797e-01 4.530775451660156250e+01
8.733333333333334059e-01 4.287349319458007812e+01
8.810101010101010210e-01 3.841380310058593750e+01
8.886868686868687472e-01 3.643512725830078125e+01
8.963636363636364734e-01 3.909875106811523438e+01
9.040404040404040886e-01 4.425405120849609375e+01
9.117171717171717038e-01 4.844416809082031250e+01
9.193939393939394300e-01 5.053529357910156250e+01
9.270707070707071562e-01 5.166569900512695312e+01
9.347474747474747714e-01 5.203683471679687500e+01
9.424242424242423866e-01 5.044631195068359375e+01
9.501010101010101128e-01 4.765283584594726562e+01
9.577777777777778390e-01 5.564422607421875000e+01
9.654545454545455652e-01 1.036883087158203125e+02
9.731313131313131803e-01 1.273746826171875000e+03
9.808080808080807955e-01 6.431942871093750000e+03
9.884848484848485217e-01 1.840013476562500000e+04
9.961616161616162479e-01 2.923905273437500000e+04
1.003838383838383752e+00 2.566971679687500000e+04
1.011515151515151478e+00 1.260029101562500000e+04
1.019191919191919204e+00 3.339993896484375000e+03
1.026868686868686931e+00 5.696133422851562500e+02
1.034545454545454657e+00 4.409153747558593750e+01
1.042222222222222161e+00 6.649340057373046875e+01
1.049898989898989887e+00 6.560504150390625000e+01
1.057575757575757613e+00 6.759829711914062500e+01
1.065252525252525340e+00 6.817894744873046875e+01
1.072929292929293066e+00 6.146680831909179688e+01
1.080606060606060570e+00 5.122514724731445312e+01
1.088282828282828296e+00 4.702381134033203125e+01
1.095959595959596022e+00 5.089405822753906250e+01
1.103636363636363527e+00 5.707736968994140625e+01
1.111313131313131253e+00 5.880193328857421875e+01
1.118989898989898979e+00 5.400717544555664062e+01
1.126666666666666705e+00 4.776967620849609375e+01
1.134343434343434431e+00 4.503327560424804688e+01
1.142020202020201936e+00 4.368923568725585938e+01
1.149696969696969662e+00 4.096362686157226562e+01
1.157373737373737388e+00 3.862309265136718750e+01
1.165050505050504892e+00 3.801242446899414062e+01
1.172727272727272840e+00 3.787281036376953125e+01
1.180404040404040344e+00 3.673078918457031250e+01
1.188080808080808071e+00 3.434089279174804688e+01
1.195757575757575797e+00 3.255783843994140625e+01
1.203434343434343301e+00 3.347178649902343750e+01
1.211111111111111249e+00 3.547483062744140625e+01
1.218787878787878753e+00 3.459331893920898438e+01
1.226464646464646480e+00 3.033499145507812500e+01
1.234141414141414206e+00 2.705553436279296875e+01
1.241818181818181710e+00 2.699372100830078125e+01
1.249494949494949436e+00 2.704983139038085938e+01
1.257171717171717162e+00 2.508417129516601562e+01
1.264848484848484667e+00 2.237075233459472656e+01
1.272525252525252615e+00 1.973017883300781250e+01
1.280202020202020119e+00 1.781044578552246094e+01
1.287878787878787845e+00 1.644946098327636719e+01
1.295555555555555571e+00 1.384023189544677734e+01
1.303232323232323076e+00 1.011563682556152344e+01
1.310909090909091024e+00 7.039267539978027344e+00
1.318585858585858528e+00 5.402616977691650391e+00
1.326262626262626254e+00 5.466763973236083984e+00
1.333939393939393980e+00 6.704139232635498047e+00
1.341616161616161484e+00 7.601817131042480469e+00
1.349292929292929211e+00 7.990574836730957031e+00
1.356969696969696937e+00 8.245324134826660156e+00
1.364646464646464441e+00 7.455084800720214844e+00
1.372323232323232389e+00 5.511683464050292969e+00
1.379999999999999893e+00 3.410507440567016602e+00
