6.400000000000000133e-01 3.347139000000000000e+07
6.472727272727273329e-01 2.119182200000000000e+07
6.545454545454545414e-01 2.555960000000000000e+07
6.618181818181818610e-01 4.331451600000000000e+07
6.690909090909090695e-01 3.891731600000000000e+07
6.763636363636363891e-01 2.958539400000000000e+07
6.836363636363635976e-01 4.129030400000000000e+07
6.909090909090909172e-01 5.080177200000000000e+07
6.981818181818182367e-01 4.177364800000000000e+07
7.054545454545454453e-01 4.562342800000000000e+07
7.127272727272727648e-01 7.277126400000000000e+07
7.199999999999999734e-01 6.174432800000000000e+07
7.272727272727272929e-01 4.922630800000000000e+07
7.345454545454545014e-01 8.106868000000000000e+07
7.418181818181818210e-01 7.651490400000000000e+07
7.490909090909090295e-01 6.567742000000000000e+07
7.563636363636363491e-01 9.238339200000000000e+07
7.636363636363636687e-01 9.723706400000000000e+07
7.709090909090908772e-01 7.650380800000000000e+07
7.781818181818181968e-01 1.017563440000000000e+08
7.854545454545454053e-01 1.174429040000000000e+08
7.927272727272727249e-01 9.661484000000000000e+07
8.000000000000000444e-01 1.194263760000000000e+08
8.072727272727272529e-01 1.202480320000000000e+08
8.145454545454544615e-01 1.070873200000000000e+08
8.218181818181817810e-01 1.602178400000000000e+08
8.290909090909091006e-01 1.732569600000000000e+08
8.363636363636363091e-01 1.314837760000000000e+08
8.436363636363636287e-01 1.783945600000000000e+08
8.509090909090908372e-01 1.644433760000000000e+08
8.581818181818181568e-01 1.779746400000000000e+08
8.654545454545454763e-01 2.039532320000000000e+08
8.727272727272726849e-01 1.925789760000000000e+08
8.799999999999998934e-01 1.995277120000000000e+08
8.872727272727272130e-01 2.409501760000000000e+08
8.945454545454545325e-01 2.517190560000000000e+08
9.018181818181817411e-01 2.365258400000000000e+08
9.090909090909090606e-01 2.751924480000000000e+08
9.163636363636362692e-01 2.527887840000000000e+08
9.236363636363635887e-01 2.577774240000000000e+08
9.309090909090909083e-01 3.303740160000000000e+08
9.381818181818181168e-01 2.996633920000000000e+08
9.454545454545453254e-01 3.381033280000000000e+08
9.527272727272726449e-01 3.581146240000000000e+08
9.599999999999999645e-01 3.917851200000000000e+08
9.672727272727272840e-01 3.539492160000000000e+08
9.745454545454544926e-01 3.737144640000000000e+08
9.818181818181817011e-01 3.801932800000000000e+08
9.890909090909090207e-01 5.056184000000000000e+08
9.963636363636363402e-01 4.204838720000000000e+08
1.003636363636363438e+00 3.819992320000000000e+08
1.010909090909090757e+00 4.276321280000000000e+08
1.018181818181818077e+00 3.917789440000000000e+08
1.025454545454545396e+00 3.765512000000000000e+08
1.032727272727272716e+00 3.737819520000000000e+08
1.040000000000000036e+00 3.429832960000000000e+08
1.047272727272727133e+00 3.711667520000000000e+08
1.054545454545454453e+00 2.779175040000000000e+08
1.061818181818181772e+00 3.296902080000000000e+08
1.069090909090908870e+00 3.054746880000000000e+08
1.076363636363636189e+00 2.715489600000000000e+08
1.083636363636363509e+00 2.861080320000000000e+08
1.090909090909090828e+00 2.792483520000000000e+08
1.098181818181818148e+00 2.646536640000000000e+08
1.105454545454545467e+00 2.478774240000000000e+08
1.112727272727272565e+00 2.209480640000000000e+08
1.119999999999999885e+00 2.020794080000000000e+08
1.127272727272727204e+00 2.622095680000000000e+08
1.134545454545454302e+00 1.954254240000000000e+08
1.141818181818181621e+00 1.675533600000000000e+08
1.149090909090908941e+00 2.093451680000000000e+08
1.156363636363636260e+00 1.518684960000000000e+08
1.163636363636363580e+00 1.519436640000000000e+08
1.170909090909090899e+00 1.660002560000000000e+08
1.178181818181818219e+00 1.166179520000000000e+08
1.185454545454545316e+00 1.365884000000000000e+08
1.192727272727272636e+00 1.364420480000000000e+08
1.199999999999999734e+00 1.082120720000000000e+08
1.207272727272727053e+00 1.293539280000000000e+08
1.214545454545454373e+00 1.170849040000000000e+08
1.221818181818181692e+00 8.914122400000000000e+07
1.229090909090909012e+00 1.053141200000000000e+08
1.236363636363636331e+00 1.030049600000000000e+08
1.243636363636363651e+00 8.077988800000000000e+07
1.250909090909090748e+00 8.877245600000000000e+07
1.258181818181818068e+00 8.861889600000000000e+07
1.265454545454545165e+00 6.810652000000000000e+07
1.272727272727272485e+00 7.682055200000000000e+07
1.279999999999999805e+00 7.517368000000000000e+07
1.287272727272727124e+00 5.877467200000000000e+07
1.294545454545454444e+00 4.743881600000000000e+07
1.301818181818181763e+00 6.547553600000000000e+07
1.309090909090909083e+00 4.975393200000000000e+07
1.316363636363636180e+00 3.763776400000000000e+07
1.323636363636363500e+00 4.806305600000000000e+07
1.330909090909090597e+00 4.693752800000000000e+07
1.338181818181817917e+00 3.273780200000000000e+07
1.345454545454545237e+00 3.145873200000000000e+07
1.352727272727272556e+00 4.435859200000000000e+07
1.359999999999999876e+00 3.573208800000000000e+07
