6.400000000000000133e-01 2.790031738281250000e+02
6.472727272727273329e-01 4.149295959472656250e+02
6.545454545454545414e-01 5.009541320800781250e+02
6.618181818181818610e-01 4.390774536132812500e+02
6.690909090909090695e-01 4.594234924316406250e+02
6.763636363636363891e-01 6.248175659179687500e+02
6.836363636363635976e-01 5.809920654296875000e+02
6.909090909090909172e-01 4.417758789062500000e+02
6.981818181818182367e-01 7.239966430664062500e+02
7.054545454545454453e-01 8.239332275390625000e+02
7.127272727272727648e-01 5.386459960937500000e+02
7.199999999999999734e-01 8.035564575195312500e+02
7.272727272727272929e-01 1.001154602050781250e+03
7.345454545454545014e-01 7.790163574218750000e+02
7.418181818181818210e-01 8.337069091796875000e+02
7.490909090909090295e-01 1.090817382812500000e+03
7.563636363636363491e-01 9.978482666015625000e+02
7.636363636363636687e-01 9.002331542968750000e+02
7.709090909090908772e-01 1.121877929687500000e+03
7.781818181818181968e-01 1.551942871093750000e+03
7.854545454545454053e-01 1.032605834960937500e+03
7.927272727272727249e-01 1.602867309570312500e+03
8.000000000000000444e-01 1.653188720703125000e+03
8.072727272727272529e-01 1.305809448242187500e+03
8.145454545454544615e-01 1.889964721679687500e+03
8.218181818181817810e-01 1.943656738281250000e+03
8.290909090909091006e-01 1.711167724609375000e+03
8.363636363636363091e-01 2.099257568359375000e+03
8.436363636363636287e-01 2.209990722656250000e+03
8.509090909090908372e-01 2.040412597656250000e+03
8.581818181818181568e-01 2.546735351562500000e+03
8.654545454545454763e-01 2.676612792968750000e+03
8.727272727272726849e-01 2.566328125000000000e+03
8.799999999999998934e-01 3.465981445312500000e+03
8.872727272727272130e-01 2.518980468750000000e+03
8.945454545454545325e-01 3.281413330078125000e+03
9.018181818181817411e-01 4.653841796875000000e+03
9.090909090909090606e-01 3.798760742187500000e+03
9.163636363636362692e-01 4.353396972656250000e+03
9.236363636363635887e-01 3.766420898437500000e+03
9.309090909090909083e-01 4.429950683593750000e+03
9.381818181818181168e-01 5.667398925781250000e+03
9.454545454545453254e-01 6.521646484375000000e+03
9.527272727272726449e-01 5.422924316406250000e+03
9.599999999999999645e-01 7.429350585937500000e+03
9.672727272727272840e-01 8.423315429687500000e+03
9.745454545454544926e-01 9.388557617187500000e+03
9.818181818181817011e-01 9.379301757812500000e+03
9.890909090909090207e-01 8.169276367187500000e+03
9.963636363636363402e-01 8.195913085937500000e+03
1.003636363636363438e+00 1.017105175781250000e+04
1.010909090909090757e+00 9.977280273437500000e+03
1.018181818181818077e+00 9.850417968750000000e+03
1.025454545454545396e+00 7.768557617187500000e+03
1.032727272727272716e+00 6.687132812500000000e+03
1.040000000000000036e+00 8.377453125000000000e+03
1.047272727272727133e+00 6.746032226562500000e+03
1.054545454545454453e+00 6.741093750000000000e+03
1.061818181818181772e+00 5.601200683593750000e+03
1.069090909090908870e+00 6.035099609375000000e+03
1.076363636363636189e+00 4.494501953125000000e+03
1.083636363636363509e+00 4.157702148437500000e+03
1.090909090909090828e+00 3.616355712890625000e+03
1.098181818181818148e+00 3.862399902343750000e+03
1.105454545454545467e+00 3.050731201171875000e+03
1.112727272727272565e+00 3.394032226562500000e+03
1.119999999999999885e+00 2.893456054687500000e+03
1.127272727272727204e+00 2.567729248046875000e+03
1.134545454545454302e+00 2.536277587890625000e+03
1.141818181818181621e+00 2.334209716796875000e+03
1.149090909090908941e+00 2.049004394531250000e+03
1.156363636363636260e+00 2.655164550781250000e+03
1.163636363636363580e+00 1.833591186523437500e+03
1.170909090909090899e+00 1.760415039062500000e+03
1.178181818181818219e+00 2.218348876953125000e+03
1.185454545454545316e+00 1.503687255859375000e+03
1.192727272727272636e+00 1.537069091796875000e+03
1.199999999999999734e+00 1.888572998046875000e+03
1.207272727272727053e+00 1.438498901367187500e+03
1.214545454545454373e+00 1.226965576171875000e+03
1.221818181818181692e+00 1.397046997070312500e+03
1.229090909090909012e+00 1.213879516601562500e+03
1.236363636363636331e+00 9.898469238281250000e+02
1.243636363636363651e+00 1.414219848632812500e+03
1.250909090909090748e+00 1.127815673828125000e+03
1.258181818181818068e+00 9.754242553710937500e+02
1.265454545454545165e+00 1.255270263671875000e+03
1.272727272727272485e+00 1.048837158203125000e+03
1.279999999999999805e+00 5.977262573242187500e+02
1.287272727272727124e+00 8.166318969726562500e+02
1.294545454545454444e+00 9.441803588867187500e+02
1.301818181818181763e+00 5.837501220703125000e+02
1.309090909090909083e+00 5.930599975585937500e+02
1.316363636363636180e+00 7.021831665039062500e+02
1.323636363636363500e+00 5.188823852539062500e+02
1.330909090909090597e+00 3.176468811035156250e+02
1.338181818181817917e+00 4.823905334472656250e+02
1.345454545454545237e+00 5.378238525390625000e+02
1.352727272727272556e+00 3.406678466796875000e+02
1.359999999999999876e+00 2.952806091308593750e+02
