5.800000000000000711e-01 nan
5.884848484848486105e-01 nan
5.969696969696970390e-01 nan
6.054545454545454675e-01 nan
6.139393939393940069e-01 nan
6.224242424242425464e-01 nan
6.309090909090909749e-01 nan
6.393939393939394034e-01 nan
6.478787878787879428e-01 nan
6.563636363636364823e-01 nan
6.648484848484849108e-01 nan
6.733333333333333393e-01 nan
6.818181818181818787e-01 nan
6.903030303030304182e-01 nan
6.987878787878788467e-01 nan
7.072727272727272751e-01 nan
7.157575757575758146e-01 nan
7.242424242424243541e-01 nan
7.327272727272727826e-01 nan
7.412121212121212110e-01 nan
7.496969696969697505e-01 nan
7.581818181818182900e-01 nan
7.666666666666667185e-01 nan
7.751515151515151469e-01 nan
7.836363636363636864e-01 nan
7.921212121212122259e-01 nan
8.006060606060606544e-01 nan
8.090909090909090828e-01 nan
8.175757575757576223e-01 nan
8.260606060606061618e-01 nan
8.345454545454545903e-01 nan
8.430303030303030187e-01 nan
8.515151515151515582e-01 nan
8.600000000000000977e-01 nan
8.684848484848485262e-01 nan
8.769696969696969546e-01 nan
8.854545454545454941e-01 nan
8.939393939393940336e-01 nan
9.024242424242424621e-01 nan
9.109090909090908905e-01 nan
9.193939393939394300e-01 nan
9.278787878787879695e-01 nan
9.363636363636363980e-01 nan
9.448484848484848264e-01 nan
9.533333333333333659e-01 nan
9.618181818181819054e-01 nan
9.703030303030303338e-01 nan
9.787878787878787623e-01 nan
9.872727272727273018e-01 nan
9.957575757575758413e-01 nan
1.004242424242424381e+00 nan
1.012727272727272698e+00 nan
1.021212121212121238e+00 nan
1.029696969696969777e+00 nan
1.038181818181818095e+00 nan
1.046666666666666634e+00 nan
1.055151515151515174e+00 nan
1.063636363636363713e+00 nan
1.072121212121212253e+00 nan
1.080606060606060570e+00 nan
1.089090909090909109e+00 nan
1.097575757575757649e+00 nan
1.106060606060605966e+00 nan
1.114545454545454506e+00 nan
1.123030303030303045e+00 nan
1.131515151515151585e+00 nan
1.140000000000000124e+00 nan
1.148484848484848442e+00 nan
1.156969696969696981e+00 nan
1.165454545454545521e+00 nan
1.173939393939393838e+00 nan
1.182424242424242378e+00 nan
1.190909090909090917e+00 nan
1.199393939393939457e+00 nan
1.207878787878787996e+00 nan
1.216363636363636314e+00 nan
1.224848484848484853e+00 nan
1.233333333333333393e+00 nan
1.241818181818181710e+00 nan
1.250303030303030249e+00 nan
1.258787878787878789e+00 nan
1.267272727272727328e+00 nan
1.275757575757575868e+00 nan
1.284242424242424185e+00 nan
1.292727272727272725e+00 nan
1.301212121212121264e+00 nan
1.309696969696969582e+00 nan
1.318181818181818121e+00 nan
1.326666666666666661e+00 nan
1.335151515151515200e+00 nan
1.343636363636363740e+00 nan
1.352121212121212057e+00 nan
1.360606060606060597e+00 nan
1.369090909090909136e+00 nan
1.377575757575757454e+00 nan
1.386060606060605993e+00 nan
1.394545454545454533e+00 nan
1.403030303030303072e+00 nan
1.411515151515151612e+00 nan
1.419999999999999929e+00 nan
