7.000000000000000666e-01 5.595876574516296387e-01
7.060606060606061662e-01 1.102889418601989746e+00
7.121212121212121549e-01 1.777351975440979004e+00
7.181818181818182545e-01 2.130875349044799805e+00
7.242424242424243541e-01 2.027203559875488281e+00
7.303030303030303427e-01 1.772190690040588379e+00
7.363636363636364424e-01 1.691776871681213379e+00
7.424242424242425420e-01 1.955136775970458984e+00
7.484848484848485306e-01 2.657016754150390625e+00
7.545454545454546302e-01 3.691745042800903320e+00
7.606060606060607299e-01 4.949571609497070312e+00
7.666666666666667185e-01 6.655942916870117188e+00
7.727272727272728181e-01 8.794077873229980469e+00
7.787878787878788067e-01 1.065430068969726562e+01
7.848484848484849064e-01 1.179818058013916016e+01
7.909090909090910060e-01 1.279231929779052734e+01
7.969696969696969946e-01 1.441808986663818359e+01
8.030303030303030942e-01 1.672178840637207031e+01
8.090909090909091939e-01 1.919370460510253906e+01
8.151515151515151825e-01 2.144270324707031250e+01
8.212121212121212821e-01 2.326354789733886719e+01
8.272727272727273817e-01 2.445637130737304688e+01
8.333333333333333703e-01 2.515507698059082031e+01
8.393939393939394700e-01 2.597711372375488281e+01
8.454545454545454586e-01 2.732519340515136719e+01
8.515151515151515582e-01 2.913169097900390625e+01
8.575757575757576578e-01 3.162901115417480469e+01
8.636363636363637575e-01 3.514815139770507812e+01
8.696969696969697461e-01 3.898686599731445312e+01
8.757575757575758457e-01 4.219775390625000000e+01
8.818181818181818343e-01 4.539331054687500000e+01
8.878787878787879340e-01 4.990623855590820312e+01
8.939393939393940336e-01 5.595095443725585938e+01
9.000000000000001332e-01 6.314975357055664062e+01
9.060606060606061218e-01 7.068361663818359375e+01
9.121212121212122215e-01 7.605471038818359375e+01
9.181818181818182101e-01 7.695628356933593750e+01
9.242424242424243097e-01 7.492879486083984375e+01
9.303030303030304093e-01 7.408917999267578125e+01
9.363636363636363980e-01 7.587547302246093750e+01
9.424242424242424976e-01 7.854937744140625000e+01
9.484848484848484862e-01 8.223207855224609375e+01
9.545454545454545858e-01 8.880491638183593750e+01
9.606060606060606855e-01 1.112760391235351562e+02
9.666666666666667851e-01 5.059313964843750000e+01
9.727272727272727737e-01 7.292797851562500000e+02
9.787878787878788733e-01 2.802256591796875000e+03
9.848484848484848619e-01 8.900801757812500000e+03
9.909090909090909616e-01 1.899592187500000000e+04
9.969696969696970612e-01 2.822330273437500000e+04
1.003030303030303161e+00 2.907456835937500000e+04
1.009090909090909260e+00 2.064103906250000000e+04
1.015151515151515138e+00 1.027918554687500000e+04
1.021212121212121238e+00 3.408067382812500000e+03
1.027272727272727337e+00 9.141595458984375000e+02
1.033333333333333437e+00 4.690913009643554688e+01
1.039393939393939537e+00 1.053302917480468750e+02
1.045454545454545414e+00 9.314391326904296875e+01
1.051515151515151514e+00 9.495816040039062500e+01
1.057575757575757613e+00 9.005671691894531250e+01
1.063636363636363713e+00 8.240787506103515625e+01
1.069696969696969813e+00 7.552785491943359375e+01
1.075757575757575690e+00 7.021284484863281250e+01
1.081818181818182012e+00 6.498221588134765625e+01
1.087878787878787890e+00 5.910960769653320312e+01
1.093939393939393989e+00 5.352609634399414062e+01
1.100000000000000089e+00 4.905694961547851562e+01
1.106060606060606188e+00 4.581053543090820312e+01
1.112121212121212288e+00 4.403359222412109375e+01
1.118181818181818166e+00 4.359782028198242188e+01
1.124242424242424265e+00 4.310914611816406250e+01
1.130303030303030365e+00 4.134356307983398438e+01
1.136363636363636465e+00 3.891029739379882812e+01
1.142424242424242564e+00 3.704065322875976562e+01
1.148484848484848442e+00 3.571520996093750000e+01
1.154545454545454541e+00 3.396932983398437500e+01
1.160606060606060641e+00 3.158960342407226562e+01
1.166666666666666741e+00 2.996651077270507812e+01
1.172727272727272840e+00 3.034810256958007812e+01
1.178787878787878718e+00 3.160929679870605469e+01
1.184848484848485040e+00 3.134433937072753906e+01
1.190909090909090917e+00 2.860410881042480469e+01
1.196969696969697017e+00 2.412953948974609375e+01
1.203030303030303116e+00 1.885932731628417969e+01
1.209090909090908994e+00 1.361023330688476562e+01
1.215151515151515316e+00 9.386241912841796875e+00
1.221212121212121193e+00 6.863198757171630859e+00
1.227272727272727293e+00 5.796377182006835938e+00
1.233333333333333393e+00 5.349514484405517578e+00
1.239393939393939492e+00 4.824638843536376953e+00
1.245454545454545592e+00 3.934995412826538086e+00
1.251515151515151469e+00 2.765086174011230469e+00
1.257575757575757791e+00 1.702266454696655273e+00
1.263636363636363669e+00 1.164135098457336426e+00
1.269696969696969768e+00 1.229034781455993652e+00
1.275757575757575868e+00 1.594168901443481445e+00
1.281818181818181746e+00 1.903560638427734375e+00
1.287878787878788067e+00 2.005316972732543945e+00
1.293939393939393945e+00 1.891171932220458984e+00
1.300000000000000044e+00 1.586172819137573242e+00
