5.800000000000000711e-01 3.535088867187500000e+03
5.884848484848486105e-01 3.659036621093750000e+03
5.969696969696970390e-01 2.611851318359375000e+03
6.054545454545454675e-01 3.300740966796875000e+03
6.139393939393940069e-01 4.621855957031250000e+03
6.224242424242425464e-01 4.090855224609375000e+03
6.309090909090909749e-01 3.213442382812500000e+03
6.393939393939394034e-01 4.934738769531250000e+03
6.478787878787879428e-01 5.558092285156250000e+03
6.563636363636364823e-01 4.151570312500000000e+03
6.648484848484849108e-01 4.978737792968750000e+03
6.733333333333333393e-01 6.624049804687500000e+03
6.818181818181818787e-01 5.552954589843750000e+03
6.903030303030304182e-01 5.326803222656250000e+03
6.987878787878788467e-01 7.581629882812500000e+03
7.072727272727272751e-01 7.125471191406250000e+03
7.157575757575758146e-01 6.041017089843750000e+03
7.242424242424243541e-01 8.557657226562500000e+03
7.327272727272727826e-01 8.576019531250000000e+03
7.412121212121212110e-01 7.011161132812500000e+03
7.496969696969697505e-01 9.676435546875000000e+03
7.581818181818182900e-01 1.000234667968750000e+04
7.666666666666667185e-01 8.412942382812500000e+03
7.751515151515151469e-01 1.113002832031250000e+04
7.836363636363636864e-01 1.170019140625000000e+04
7.921212121212122259e-01 1.007687500000000000e+04
8.006060606060606544e-01 1.286481933593750000e+04
8.090909090909090828e-01 1.333946386718750000e+04
8.175757575757576223e-01 1.206512988281250000e+04
8.260606060606061618e-01 1.544521777343750000e+04
8.345454545454545903e-01 1.523371972656250000e+04
8.430303030303030187e-01 1.475894238281250000e+04
8.515151515151515582e-01 1.854973437500000000e+04
8.600000000000000977e-01 1.804967968750000000e+04
8.684848484848485262e-01 1.824964453125000000e+04
8.769696969696969546e-01 2.243176562500000000e+04
8.854545454545454941e-01 2.144996679687500000e+04
8.939393939393940336e-01 2.338257421875000000e+04
9.024242424242424621e-01 2.752794531250000000e+04
9.109090909090908905e-01 2.695827929687500000e+04
9.193939393939394300e-01 3.088389648437500000e+04
9.278787878787879695e-01 3.411146093750000000e+04
9.363636363636363980e-01 3.457519140625000000e+04
9.448484848484848264e-01 4.115185937500000000e+04
9.533333333333333659e-01 4.370953906250000000e+04
9.618181818181819054e-01 4.734677343750000000e+04
9.703030303030303338e-01 5.431925000000000000e+04
9.787878787878787623e-01 5.493449609375000000e+04
9.872727272727273018e-01 5.930514843750000000e+04
9.957575757575758413e-01 6.202900000000000000e+04
1.004242424242424381e+00 5.897248046875000000e+04
1.012727272727272698e+00 6.027370312500000000e+04
1.021212121212121238e+00 5.572257812500000000e+04
1.029696969696969777e+00 5.228183984375000000e+04
1.038181818181818095e+00 5.025976562500000000e+04
1.046666666666666634e+00 4.231233593750000000e+04
1.055151515151515174e+00 4.083144921875000000e+04
1.063636363636363713e+00 3.734976171875000000e+04
1.072121212121212253e+00 3.142357226562500000e+04
1.080606060606060570e+00 3.209911523437500000e+04
1.089090909090909109e+00 2.816004492187500000e+04
1.097575757575757649e+00 2.506657812500000000e+04
1.106060606060605966e+00 2.570998632812500000e+04
1.114545454545454506e+00 2.155279882812500000e+04
1.123030303030303045e+00 2.057826757812500000e+04
1.131515151515151585e+00 2.100857031250000000e+04
1.140000000000000124e+00 1.706889062500000000e+04
1.148484848484848442e+00 1.759901953125000000e+04
1.156969696969696981e+00 1.720351367187500000e+04
1.165454545454545521e+00 1.382196875000000000e+04
1.173939393939393838e+00 1.503022167968750000e+04
1.182424242424242378e+00 1.443285156250000000e+04
1.190909090909090917e+00 1.142701171875000000e+04
1.199393939393939457e+00 1.331208984375000000e+04
1.207878787878787996e+00 1.228914453125000000e+04
1.216363636363636314e+00 9.637352539062500000e+03
1.224848484848484853e+00 1.158031835937500000e+04
1.233333333333333393e+00 1.050821582031250000e+04
1.241818181818181710e+00 8.141421875000000000e+03
1.250303030303030249e+00 1.007601660156250000e+04
1.258787878787878789e+00 8.972924804687500000e+03
1.267272727272727328e+00 6.836176269531250000e+03
1.275757575757575868e+00 8.626838867187500000e+03
1.284242424242424185e+00 8.022433593750000000e+03
1.292727272727272725e+00 5.771078613281250000e+03
1.301212121212121264e+00 7.247216308593750000e+03
1.309696969696969582e+00 7.213868652343750000e+03
1.318181818181818121e+00 4.916906250000000000e+03
1.326666666666666661e+00 5.790374023437500000e+03
1.335151515151515200e+00 6.521962402343750000e+03
1.343636363636363740e+00 4.606180175781250000e+03
1.352121212121212057e+00 4.297875976562500000e+03
1.360606060606060597e+00 5.579604980468750000e+03
1.369090909090909136e+00 4.579451660156250000e+03
1.377575757575757454e+00 3.139181152343750000e+03
1.386060606060605993e+00 4.319223144531250000e+03
1.394545454545454533e+00 4.470095214843750000e+03
1.403030303030303072e+00 2.947011230468750000e+03
1.411515151515151612e+00 2.741745605468750000e+03
1.419999999999999929e+00 3.757999023437500000e+03
