7.399999999999999911e-01 7.774730329401791096e-04
7.452525252525252775e-01 7.938550552353262901e-04
7.505050505050504528e-01 1.423053327016532421e-03
7.557575757575757391e-01 1.501231454312801361e-03
7.610101010101010255e-01 1.110592973418533802e-03
7.662626262626262008e-01 1.709154690615832806e-03
7.715151515151514872e-01 2.252313774079084396e-03
7.767676767676767735e-01 1.917404704727232456e-03
7.820202020202020599e-01 1.833437825553119183e-03
7.872727272727272352e-01 3.258051117882132530e-03
7.925252525252525215e-01 2.960284939035773277e-03
7.977777777777778079e-01 2.543091541156172752e-03
8.030303030303029832e-01 3.800720442086458206e-03
8.082828282828282696e-01 4.218940623104572296e-03
8.135353535353535559e-01 3.527943277731537819e-03
8.187878787878787312e-01 4.927393049001693726e-03
8.240404040404040176e-01 5.721426568925380707e-03
8.292929292929293039e-01 4.646297544240951538e-03
8.345454545454544792e-01 6.644257344305515289e-03
8.397979797979797656e-01 6.675784476101398468e-03
8.450505050505050519e-01 7.008109241724014282e-03
8.503030303030303383e-01 8.711488917469978333e-03
8.555555555555555136e-01 8.327292278409004211e-03
8.608080808080808000e-01 8.936439640820026398e-03
8.660606060606060863e-01 1.174620818346738815e-02
8.713131313131312616e-01 9.912650100886821747e-03
8.765656565656565480e-01 1.157383993268013000e-02
8.818181818181818343e-01 1.603444479405879974e-02
8.870707070707071207e-01 9.920446202158927917e-03
8.923232323232322960e-01 1.993140578269958496e-02
8.975757575757575824e-01 2.630803361535072327e-02
9.028282828282827577e-01 2.006059512495994568e-03
9.080808080808080440e-01 3.432210907340049744e-02
9.133333333333333304e-01 3.980481997132301331e-02
9.185858585858586167e-01 1.338884234428405762e-02
9.238383838383837920e-01 5.487204715609550476e-02
9.290909090909090784e-01 6.295026093721389771e-02
9.343434343434343647e-01 2.949115075170993805e-02
9.395959595959595401e-01 9.014906734228134155e-02
9.448484848484848264e-01 1.017683446407318115e-01
9.501010101010101128e-01 6.025527045130729675e-02
9.553535353535353991e-01 1.439696401357650757e-01
9.606060606060605744e-01 1.433228701353073120e-01
9.658585858585858608e-01 1.085635647177696228e-01
9.711111111111110361e-01 2.538319230079650879e-01
9.763636363636363225e-01 6.411041021347045898e-01
9.816161616161616088e-01 1.773648381233215332e+00
9.868686868686868952e-01 3.759886980056762695e+00
9.921212121212121815e-01 5.739833354949951172e+00
9.973737373737373568e-01 7.334075927734375000e+00
1.002626262626262754e+00 7.529640674591064453e+00
1.007878787878787818e+00 6.588977336883544922e+00
1.013131313131313105e+00 4.633118629455566406e+00
1.018383838383838391e+00 2.578857421875000000e+00
1.023636363636363678e+00 1.075871706008911133e+00
1.028888888888888964e+00 3.529463708400726318e-01
1.034141414141414028e+00 1.399768590927124023e-01
1.039393939393939315e+00 7.488562911748886108e-02
1.044646464646464601e+00 1.536507606506347656e-01
1.049898989898989887e+00 9.547828882932662964e-02
1.055151515151515174e+00 6.519394367933273315e-02
1.060404040404040460e+00 9.649351984262466431e-02
1.065656565656565746e+00 4.805476590991020203e-02
1.070909090909090811e+00 3.132461383938789368e-02
1.076161616161616097e+00 5.460328236222267151e-02
1.081414141414141383e+00 2.460823208093643188e-02
1.086666666666666670e+00 2.578216046094894409e-02
1.091919191919191956e+00 3.616732731461524963e-02
1.097171717171717242e+00 1.619199290871620178e-02
1.102424242424242529e+00 1.795519702136516571e-02
1.107676767676767593e+00 2.407758310437202454e-02
1.112929292929292879e+00 1.259496528655290604e-02
1.118181818181818166e+00 1.307076029479503632e-02
1.123434343434343452e+00 1.492048054933547974e-02
1.128686868686868738e+00 1.051803678274154663e-02
1.133939393939393803e+00 9.856903925538063049e-03
1.139191919191919311e+00 1.052051410079002380e-02
1.144444444444444375e+00 9.123925119638442993e-03
1.149696969696969662e+00 8.070081472396850586e-03
1.154949494949494948e+00 7.283241488039493561e-03
1.160202020202020234e+00 7.493590004742145538e-03
1.165454545454545521e+00 6.175539921969175339e-03
1.170707070707070585e+00 5.308901891112327576e-03
1.175959595959595871e+00 5.717244464904069901e-03
1.181212121212121158e+00 5.336913280189037323e-03
1.186464646464646444e+00 3.873397363349795341e-03
1.191717171717171730e+00 4.416067618876695633e-03
1.196969696969697017e+00 3.807064145803451538e-03
1.202222222222222303e+00 2.681494224816560745e-03
1.207474747474747367e+00 3.333040978759527206e-03
1.212727272727272654e+00 3.032719250768423080e-03
1.217979797979797940e+00 1.967495772987604141e-03
1.223232323232323226e+00 1.986036542803049088e-03
1.228484848484848513e+00 2.300002146512269974e-03
1.233737373737373799e+00 1.595218549482524395e-03
1.238989898989899086e+00 1.169646624475717545e-03
1.244242424242424150e+00 1.526822219602763653e-03
1.249494949494949436e+00 1.374986139126121998e-03
1.254747474747474723e+00 7.803235203027725220e-04
1.260000000000000009e+00 8.276973967440426350e-04
