8.000000000000000444e-01 8.469838649034500122e-03
8.040404040404041108e-01 8.237830363214015961e-03
8.080808080808081773e-01 8.179831318557262421e-03
8.121212121212121327e-01 1.447342149913311005e-02
8.161616161616161991e-01 1.754042692482471466e-02
8.202020202020202655e-01 1.448284834623336792e-02
8.242424242424243319e-01 2.108663693070411682e-02
8.282828282828282873e-01 3.136169910430908203e-02
8.323232323232323537e-01 2.751523256301879883e-02
8.363636363636364202e-01 3.218301385641098022e-02
8.404040404040404866e-01 5.041185393929481506e-02
8.444444444444444420e-01 4.970138520002365112e-02
8.484848484848485084e-01 4.928136244416236877e-02
8.525252525252525748e-01 7.562044262886047363e-02
8.565656565656566412e-01 8.097749948501586914e-02
8.606060606060605966e-01 7.559688389301300049e-02
8.646464646464646631e-01 1.103816851973533630e-01
8.686868686868687295e-01 1.222556829452514648e-01
8.727272727272727959e-01 1.163720637559890747e-01
8.767676767676767513e-01 1.642780303955078125e-01
8.808080808080808177e-01 1.834188252687454224e-01
8.848484848484848841e-01 1.724819093942642212e-01
8.888888888888889506e-01 2.368203401565551758e-01
8.929292929292929060e-01 2.656577527523040771e-01
8.969696969696969724e-01 2.625453174114227295e-01
9.010101010101010388e-01 3.388370573520660400e-01
9.050505050505051052e-01 3.881593346595764160e-01
9.090909090909091717e-01 3.779084086418151855e-01
9.131313131313131271e-01 4.949294030666351318e-01
9.171717171717171935e-01 5.731773376464843750e-01
9.212121212121212599e-01 6.326745748519897461e-01
9.252525252525252153e-01 8.169819116592407227e-01
9.292929292929292817e-01 6.259953379631042480e-01
9.333333333333333481e-01 1.713773846626281738e+00
9.373737373737374146e-01 6.319736480712890625e+00
9.414141414141414810e-01 1.642244529724121094e+01
9.454545454545454364e-01 3.277994918823242188e+01
9.494949494949495028e-01 5.250620651245117188e+01
9.535353535353535692e-01 7.216158294677734375e+01
9.575757575757575246e-01 8.484020996093750000e+01
9.616161616161615910e-01 8.877633666992187500e+01
9.656565656565656575e-01 7.839008331298828125e+01
9.696969696969697239e-01 4.781356048583984375e+01
9.737373737373737903e-01 3.369172286987304688e+01
9.777777777777777457e-01 9.772174072265625000e+01
9.818181818181818121e-01 1.980248870849609375e+02
9.858585858585858785e-01 3.680638427734375000e+02
9.898989898989898339e-01 5.998572387695312500e+02
9.939393939393939004e-01 8.298884887695312500e+02
9.979797979797979668e-01 9.794777221679687500e+02
1.002020202020202033e+00 9.794472045898437500e+02
1.006060606060606100e+00 8.298624267578125000e+02
1.010101010101010166e+00 5.998737792968750000e+02
1.014141414141414232e+00 3.681145324707031250e+02
1.018181818181818077e+00 1.980321350097656250e+02
1.022222222222222143e+00 9.797792816162109375e+01
1.026262626262626210e+00 3.274628067016601562e+01
1.030303030303030276e+00 4.856777954101562500e+01
1.034343434343434343e+00 7.786198425292968750e+01
1.038383838383838409e+00 8.917010498046875000e+01
1.042424242424242475e+00 8.914769744873046875e+01
1.046464646464646542e+00 7.224425506591796875e+01
1.050505050505050608e+00 5.380109405517578125e+01
1.054545454545454453e+00 3.222671127319335938e+01
1.058585858585858519e+00 1.662164115905761719e+01
1.062626262626262585e+00 6.527496814727783203e+00
1.066666666666666652e+00 1.744618177413940430e+00
1.070707070707070718e+00 6.355644464492797852e-01
1.074747474747474785e+00 8.027881383895874023e-01
1.078787878787878851e+00 6.307966709136962891e-01
1.082828282828282696e+00 5.545150041580200195e-01
1.086868686868686762e+00 5.021298527717590332e-01
1.090909090909090828e+00 3.728100955486297607e-01
1.094949494949494895e+00 3.965768218040466309e-01
1.098989898989898961e+00 3.368231654167175293e-01
1.103030303030303028e+00 2.575247287750244141e-01
1.107070707070707094e+00 2.719084024429321289e-01
1.111111111111111160e+00 2.422925233840942383e-01
1.115151515151515227e+00 1.750060766935348511e-01
1.119191919191919293e+00 1.844093948602676392e-01
1.123232323232323138e+00 1.669373959302902222e-01
1.127272727272727204e+00 1.163565069437026978e-01
1.131313131313131271e+00 1.260837614536285400e-01
1.135353535353535337e+00 1.166120171546936035e-01
1.139393939393939403e+00 7.490982115268707275e-02
1.143434343434343470e+00 7.900049537420272827e-02
1.147474747474747314e+00 7.594525068998336792e-02
1.151515151515151381e+00 4.791569337248802185e-02
1.155555555555555447e+00 4.895746335387229919e-02
1.159595959595959513e+00 5.000879243016242981e-02
1.163636363636363580e+00 3.230011463165283203e-02
1.167676767676767646e+00 2.820600755512714386e-02
1.171717171717171713e+00 3.150190412998199463e-02
1.175757575757575779e+00 2.133917994797229767e-02
1.179797979797979846e+00 1.451981160789728165e-02
1.183838383838383912e+00 1.720226369798183441e-02
1.187878787878787978e+00 1.433099247515201569e-02
1.191919191919191823e+00 8.122429251670837402e-03
1.195959595959595889e+00 8.348898030817508698e-03
1.199999999999999956e+00 8.449958637356758118e-03
