6.400000000000000133e-01 6.628015041351318359e+00
6.472727272727273329e-01 6.933089733123779297e+00
6.545454545454545414e-01 6.398091793060302734e+00
6.618181818181818610e-01 5.663235187530517578e+00
6.690909090909090695e-01 6.094703674316406250e+00
6.763636363636363891e-01 8.215184211730957031e+00
6.836363636363635976e-01 1.093839263916015625e+01
6.909090909090909172e-01 1.263074588775634766e+01
6.981818181818182367e-01 1.309307765960693359e+01
7.054545454545454453e-01 1.367981338500976562e+01
7.127272727272727648e-01 1.536244201660156250e+01
7.199999999999999734e-01 1.756300735473632812e+01
7.272727272727272929e-01 1.848325729370117188e+01
7.345454545454545014e-01 1.723918151855468750e+01
7.418181818181818210e-01 1.496204471588134766e+01
7.490909090909090295e-01 1.335866355895996094e+01
7.563636363636363491e-01 1.424704742431640625e+01
7.636363636363636687e-01 1.812177085876464844e+01
7.709090909090908772e-01 2.266946983337402344e+01
7.781818181818181968e-01 2.584961509704589844e+01
7.854545454545454053e-01 2.900825309753417969e+01
7.927272727272727249e-01 3.279045486450195312e+01
8.000000000000000444e-01 3.374924468994140625e+01
8.072727272727272529e-01 3.100743865966796875e+01
8.145454545454544615e-01 2.961399459838867188e+01
8.218181818181817810e-01 3.297641754150390625e+01
8.290909090909091006e-01 3.900440597534179688e+01
8.363636363636363091e-01 4.456386947631835938e+01
8.436363636363636287e-01 4.898554611206054688e+01
8.509090909090908372e-01 5.234178543090820312e+01
8.581818181818181568e-01 5.285559844970703125e+01
8.654545454545454763e-01 4.978958892822265625e+01
8.727272727272726849e-01 4.578938674926757812e+01
8.799999999999998934e-01 4.383926010131835938e+01
8.872727272727272130e-01 4.537114334106445312e+01
8.945454545454545325e-01 4.949459457397460938e+01
9.018181818181817411e-01 5.338018798828125000e+01
9.090909090909090606e-01 5.518814849853515625e+01
9.163636363636362692e-01 5.444606781005859375e+01
9.236363636363635887e-01 5.088296127319335938e+01
9.309090909090909083e-01 4.649203872680664062e+01
9.381818181818181168e-01 4.456739044189453125e+01
9.454545454545453254e-01 4.536196899414062500e+01
9.527272727272726449e-01 4.709728622436523438e+01
9.599999999999999645e-01 5.589031600952148438e+01
9.672727272727272840e-01 9.815680694580078125e+01
9.745454545454544926e-01 9.492093505859375000e+02
9.818181818181817011e-01 4.483850585937500000e+03
9.890909090909090207e-01 1.290211425781250000e+04
9.963636363636363402e-01 2.176743554687500000e+04
1.003636363636363438e+00 2.165228906250000000e+04
1.010909090909090757e+00 1.270961718750000000e+04
1.018181818181818077e+00 4.367008300781250000e+03
1.025454545454545396e+00 9.188248291015625000e+02
1.032727272727272716e+00 9.029350280761718750e+01
1.040000000000000036e+00 5.956299209594726562e+01
1.047272727272727133e+00 5.514878082275390625e+01
1.054545454545454453e+00 5.585485076904296875e+01
1.061818181818181772e+00 5.405050277709960938e+01
1.069090909090908870e+00 5.307164764404296875e+01
1.076363636363636189e+00 5.574493408203125000e+01
1.083636363636363509e+00 5.918530273437500000e+01
1.090909090909090828e+00 5.870614242553710938e+01
1.098181818181818148e+00 5.284572982788085938e+01
1.105454545454545467e+00 4.442292404174804688e+01
1.112727272727272565e+00 3.866430282592773438e+01
1.119999999999999885e+00 3.836284255981445312e+01
1.127272727272727204e+00 4.204658126831054688e+01
1.134545454545454302e+00 4.512246322631835938e+01
1.141818181818181621e+00 4.396437835693359375e+01
1.149090909090908941e+00 4.110832214355468750e+01
1.156363636363636260e+00 3.997814941406250000e+01
1.163636363636363580e+00 3.904365539550781250e+01
1.170909090909090899e+00 3.611029052734375000e+01
1.178181818181818219e+00 3.200242996215820312e+01
1.185454545454545316e+00 2.894000434875488281e+01
1.192727272727272636e+00 2.784114265441894531e+01
1.199999999999999734e+00 2.829959297180175781e+01
1.207272727272727053e+00 2.907911491394042969e+01
1.214545454545454373e+00 2.806409645080566406e+01
1.221818181818181692e+00 2.547852897644042969e+01
1.229090909090909012e+00 2.382643508911132812e+01
1.236363636363636331e+00 2.301955795288085938e+01
1.243636363636363651e+00 2.142616653442382812e+01
1.250909090909090748e+00 1.914148521423339844e+01
1.258181818181818068e+00 1.722945404052734375e+01
1.265454545454545165e+00 1.654194831848144531e+01
1.272727272727272485e+00 1.675982284545898438e+01
1.279999999999999805e+00 1.648147773742675781e+01
1.287272727272727124e+00 1.461711597442626953e+01
1.294545454545454444e+00 1.198677921295166016e+01
1.301818181818181763e+00 1.089653110504150391e+01
1.309090909090909083e+00 1.169998741149902344e+01
1.316363636363636180e+00 1.247009849548339844e+01
1.323636363636363500e+00 1.164792156219482422e+01
1.330909090909090597e+00 9.080452919006347656e+00
1.338181818181817917e+00 5.945952415466308594e+00
1.345454545454545237e+00 3.781592130661010742e+00
1.352727272727272556e+00 3.378641128540039062e+00
1.359999999999999876e+00 4.178491592407226562e+00
