7.800000000000000266e-01 2.474618400000000000e+08
7.844444444444444997e-01 2.245755520000000000e+08
7.888888888888888618e-01 4.040617600000000000e+08
7.933333333333333348e-01 4.991971200000000000e+08
7.977777777777778079e-01 4.021633600000000000e+08
8.022222222222222809e-01 5.548984960000000000e+08
8.066666666666666430e-01 8.256716160000000000e+08
8.111111111111111160e-01 7.397580160000000000e+08
8.155555555555555891e-01 7.446538880000000000e+08
8.200000000000000622e-01 1.203192064000000000e+09
8.244444444444444242e-01 1.262501888000000000e+09
8.288888888888888973e-01 1.071185472000000000e+09
8.333333333333333703e-01 1.691196928000000000e+09
8.377777777777778434e-01 1.906057344000000000e+09
8.422222222222222054e-01 1.583157760000000000e+09
8.466666666666666785e-01 2.320826368000000000e+09
8.511111111111111516e-01 2.753001216000000000e+09
8.555555555555556246e-01 2.270307840000000000e+09
8.599999999999999867e-01 3.135556864000000000e+09
8.644444444444444597e-01 3.811420160000000000e+09
8.688888888888889328e-01 3.186254592000000000e+09
8.733333333333332948e-01 4.275905792000000000e+09
8.777777777777777679e-01 5.060063744000000000e+09
8.822222222222222410e-01 4.311707648000000000e+09
8.866666666666667140e-01 5.691741184000000000e+09
8.911111111111110761e-01 6.575127040000000000e+09
8.955555555555555491e-01 5.709039616000000000e+09
9.000000000000000222e-01 7.608324096000000000e+09
9.044444444444443842e-01 8.233856512000000000e+09
9.088888888888888573e-01 7.660925952000000000e+09
9.133333333333333304e-01 9.995799552000000000e+09
9.177777777777778034e-01 1.035525734400000000e+10
9.222222222222222765e-01 1.032414105600000000e+10
9.266666666666666385e-01 1.289927270400000000e+10
9.311111111111111116e-01 1.263069081600000000e+10
9.355555555555555847e-01 1.365079244800000000e+10
9.399999999999999467e-01 1.641875558400000000e+10
9.444444444444444198e-01 1.570788966400000000e+10
9.488888888888888928e-01 1.826537676800000000e+10
9.533333333333333659e-01 2.053797273600000000e+10
9.577777777777778390e-01 1.991261388800000000e+10
9.622222222222222010e-01 2.362511974400000000e+10
9.666666666666666741e-01 2.480899891200000000e+10
9.711111111111110361e-01 2.511701811200000000e+10
9.755555555555555092e-01 2.926746419200000000e+10
9.799999999999999822e-01 2.874772275200000000e+10
9.844444444444444553e-01 3.049686016000000000e+10
9.888888888888889284e-01 3.278887526400000000e+10
9.933333333333332904e-01 3.146828800000000000e+10
9.977777777777777635e-01 3.413134745600000000e+10
1.002222222222222126e+00 3.329235148800000000e+10
1.006666666666666599e+00 3.168090316800000000e+10
1.011111111111111072e+00 3.300363878400000000e+10
1.015555555555555545e+00 3.004109414400000000e+10
1.020000000000000018e+00 2.952148582400000000e+10
1.024444444444444491e+00 2.893679616000000000e+10
1.028888888888888964e+00 2.484768972800000000e+10
1.033333333333333215e+00 2.532014489600000000e+10
1.037777777777777688e+00 2.285494067200000000e+10
1.042222222222222161e+00 1.999266611200000000e+10
1.046666666666666634e+00 2.074318233600000000e+10
1.051111111111111107e+00 1.736962457600000000e+10
1.055555555555555580e+00 1.635984691200000000e+10
1.060000000000000053e+00 1.665302323200000000e+10
1.064444444444444304e+00 1.323320217600000000e+10
1.068888888888888777e+00 1.328122265600000000e+10
1.073333333333333250e+00 1.265197465600000000e+10
1.077777777777777724e+00 1.009265459200000000e+10
1.082222222222222197e+00 1.075968307200000000e+10
1.086666666666666670e+00 9.624143872000000000e+09
1.091111111111111143e+00 7.722880000000000000e+09
1.095555555555555394e+00 8.656002048000000000e+09
1.100000000000000089e+00 7.186045952000000000e+09
1.104444444444444340e+00 5.996912640000000000e+09
1.108888888888888813e+00 6.718975488000000000e+09
1.113333333333333286e+00 5.343823872000000000e+09
1.117777777777777759e+00 4.526639104000000000e+09
1.122222222222222232e+00 5.202695680000000000e+09
1.126666666666666705e+00 3.953794304000000000e+09
1.131111111111111178e+00 3.483928320000000000e+09
1.135555555555555429e+00 3.890736384000000000e+09
1.139999999999999902e+00 2.845547520000000000e+09
1.144444444444444375e+00 2.501931776000000000e+09
1.148888888888888848e+00 2.849000448000000000e+09
1.153333333333333321e+00 2.116258944000000000e+09
1.157777777777777795e+00 1.725108992000000000e+09
1.162222222222222268e+00 2.057585536000000000e+09
1.166666666666666519e+00 1.538056064000000000e+09
1.171111111111110992e+00 1.128726400000000000e+09
1.175555555555555465e+00 1.375497216000000000e+09
1.179999999999999938e+00 1.135174528000000000e+09
1.184444444444444411e+00 7.149312640000000000e+08
1.188888888888888884e+00 8.696950400000000000e+08
1.193333333333333357e+00 8.112330880000000000e+08
1.197777777777777608e+00 4.862104640000000000e+08
1.202222222222222303e+00 4.702274560000000000e+08
1.206666666666666554e+00 5.289235520000000000e+08
1.211111111111111027e+00 3.633875200000000000e+08
1.215555555555555500e+00 2.313297760000000000e+08
1.219999999999999973e+00 2.894310400000000000e+08
