5.600000000000000533e-01 2.710372812500000000e+05
5.688888888888888884e-01 2.476300781250000000e+05
5.777777777777778345e-01 1.800935625000000000e+05
5.866666666666666696e-01 2.625281875000000000e+05
5.955555555555556158e-01 3.326274375000000000e+05
6.044444444444444509e-01 2.715183125000000000e+05
6.133333333333333970e-01 2.455503593750000000e+05
6.222222222222222321e-01 3.713384375000000000e+05
6.311111111111111782e-01 3.817546875000000000e+05
6.400000000000000133e-01 2.795909375000000000e+05
6.488888888888889594e-01 3.817743437500000000e+05
6.577777777777777946e-01 4.669757500000000000e+05
6.666666666666667407e-01 3.629793125000000000e+05
6.755555555555555758e-01 4.005150937500000000e+05
6.844444444444444109e-01 5.396681250000000000e+05
6.933333333333333570e-01 4.647887812500000000e+05
7.022222222222223031e-01 4.361149375000000000e+05
7.111111111111111382e-01 6.061079375000000000e+05
7.199999999999999734e-01 5.520478125000000000e+05
7.288888888888889195e-01 4.999120937500000000e+05
7.377777777777778656e-01 6.843367500000000000e+05
7.466666666666667007e-01 6.527260000000000000e+05
7.555555555555555358e-01 5.794150625000000000e+05
7.644444444444444819e-01 7.788236875000000000e+05
7.733333333333333171e-01 7.554765000000000000e+05
7.822222222222222632e-01 6.857856250000000000e+05
7.911111111111110983e-01 8.948771250000000000e+05
8.000000000000000444e-01 8.594593125000000000e+05
8.088888888888888795e-01 8.198763125000000000e+05
8.177777777777777146e-01 1.060109875000000000e+06
8.266666666666666607e-01 9.817045000000000000e+05
8.355555555555556069e-01 9.985119375000000000e+05
8.444444444444444420e-01 1.225379625000000000e+06
8.533333333333332771e-01 1.140609250000000000e+06
8.622222222222222232e-01 1.235955125000000000e+06
8.711111111111111693e-01 1.452870250000000000e+06
8.800000000000000044e-01 1.344069625000000000e+06
8.888888888888888395e-01 1.541764000000000000e+06
8.977777777777777857e-01 1.693196625000000000e+06
9.066666666666667318e-01 1.634177500000000000e+06
9.155555555555555669e-01 1.933005250000000000e+06
9.244444444444444020e-01 2.025850000000000000e+06
9.333333333333333481e-01 2.028305875000000000e+06
9.422222222222221832e-01 2.404745250000000000e+06
9.511111111111110183e-01 2.392783250000000000e+06
9.599999999999999645e-01 2.539576250000000000e+06
9.688888888888889106e-01 2.838869750000000000e+06
9.777777777777777457e-01 2.756910500000000000e+06
9.866666666666665808e-01 3.000916250000000000e+06
9.955555555555555269e-01 3.026944000000000000e+06
1.004444444444444473e+00 2.876020000000000000e+06
1.013333333333333197e+00 3.061593000000000000e+06
1.022222222222222143e+00 2.802286500000000000e+06
1.031111111111111089e+00 2.709932500000000000e+06
1.040000000000000036e+00 2.699841500000000000e+06
1.048888888888888982e+00 2.323197000000000000e+06
1.057777777777777706e+00 2.348835750000000000e+06
1.066666666666666652e+00 2.177862250000000000e+06
1.075555555555555376e+00 1.895630250000000000e+06
1.084444444444444322e+00 1.978490625000000000e+06
1.093333333333333268e+00 1.724224625000000000e+06
1.102222222222222214e+00 1.591941750000000000e+06
1.111111111111111160e+00 1.640213875000000000e+06
1.120000000000000107e+00 1.363745375000000000e+06
1.128888888888888831e+00 1.343429000000000000e+06
1.137777777777777555e+00 1.379133000000000000e+06
1.146666666666666501e+00 1.093046875000000000e+06
1.155555555555555447e+00 1.168757000000000000e+06
1.164444444444444393e+00 1.138475375000000000e+06
1.173333333333333339e+00 9.171958125000000000e+05
1.182222222222222285e+00 1.031121000000000000e+06
1.191111111111111009e+00 9.595874375000000000e+05
1.199999999999999956e+00 7.708810000000000000e+05
1.208888888888888680e+00 9.036114375000000000e+05
1.217777777777777626e+00 8.116392500000000000e+05
1.226666666666666572e+00 6.561280625000000000e+05
1.235555555555555518e+00 7.921616875000000000e+05
1.244444444444444464e+00 6.923341875000000000e+05
1.253333333333333410e+00 5.656573125000000000e+05
1.262222222222222134e+00 6.980961875000000000e+05
1.271111111111111081e+00 6.038460625000000000e+05
1.279999999999999805e+00 4.788456875000000000e+05
1.288888888888888751e+00 6.125273125000000000e+05
1.297777777777777697e+00 5.400141875000000000e+05
1.306666666666666643e+00 3.992903750000000000e+05
1.315555555555555589e+00 5.241475937500000000e+05
1.324444444444444313e+00 4.949495312500000000e+05
1.333333333333333259e+00 3.405910312500000000e+05
1.342222222222221983e+00 4.300982812500000000e+05
1.351111111111110930e+00 4.546109375000000000e+05
1.359999999999999876e+00 3.085320937500000000e+05
1.368888888888888822e+00 3.278548750000000000e+05
1.377777777777777768e+00 4.038648437500000000e+05
1.386666666666666714e+00 3.116296250000000000e+05
1.395555555555555438e+00 2.329772968750000000e+05
1.404444444444444384e+00 3.260248125000000000e+05
1.413333333333333108e+00 3.183782812500000000e+05
1.422222222222222054e+00 2.042399218750000000e+05
1.431111111111111001e+00 2.146945000000000000e+05
1.439999999999999947e+00 2.813190625000000000e+05
