7.200000000000000844e-01 1.415336877107620239e-01
7.256565656565657774e-01 1.577926874160766602e-01
7.313131313131313593e-01 2.441420406103134155e-01
7.369696969696970523e-01 2.754655480384826660e-01
7.426262626262627453e-01 4.124141633510589600e-01
7.482828282828283273e-01 4.300561547279357910e-01
7.539393939393940203e-01 1.435418725013732910e+00
7.595959595959597133e-01 2.101761579513549805e+00
7.652525252525252952e-01 1.885768055915832520e+00
7.709090909090909882e-01 2.357561349868774414e+00
7.765656565656566812e-01 1.907013773918151855e+00
7.822222222222222632e-01 1.069970488548278809e+00
7.878787878787879562e-01 1.924831628799438477e+00
7.935353535353536492e-01 2.164120435714721680e+00
7.991919191919192311e-01 3.414481639862060547e+00
8.048484848484849241e-01 7.556154251098632812e+00
8.105050505050506171e-01 1.063174724578857422e+01
8.161616161616161991e-01 1.310376548767089844e+01
8.218181818181818921e-01 1.594662189483642578e+01
8.274747474747475851e-01 1.555246067047119141e+01
8.331313131313131670e-01 1.591985607147216797e+01
8.387878787878788600e-01 1.947573852539062500e+01
8.444444444444445530e-01 2.073687553405761719e+01
8.501010101010101350e-01 2.288848686218261719e+01
8.557575757575758280e-01 2.800811576843261719e+01
8.614141414141414099e-01 2.957152748107910156e+01
8.670707070707071029e-01 3.122133445739746094e+01
8.727272727272727959e-01 3.618874359130859375e+01
8.783838383838384889e-01 3.660524368286132812e+01
8.840404040404040709e-01 3.754576110839843750e+01
8.896969696969697639e-01 4.402998733520507812e+01
8.953535353535353458e-01 4.553073501586914062e+01
9.010101010101010388e-01 4.749139022827148438e+01
9.066666666666667318e-01 5.839445877075195312e+01
9.123232323232324248e-01 6.526575469970703125e+01
9.179797979797980068e-01 7.064602661132812500e+01
9.236363636363636997e-01 8.389171600341796875e+01
9.292929292929292817e-01 8.868568420410156250e+01
9.349494949494949747e-01 8.822742462158203125e+01
9.406060606060606677e-01 1.017655639648437500e+02
9.462626262626263607e-01 1.086469573974609375e+02
9.519191919191919427e-01 1.044092483520507812e+02
9.575757575757576356e-01 1.165340423583984375e+02
9.632323232323232176e-01 1.223307418823242188e+02
9.688888888888889106e-01 1.081544876098632812e+02
9.745454545454546036e-01 1.293436279296875000e+02
9.802020202020202966e-01 1.503001556396484375e+02
9.858585858585858785e-01 1.122209167480468750e+02
9.915151515151515715e-01 9.594975280761718750e+01
9.971717171717171535e-01 1.704462280273437500e+02
1.002828282828282846e+00 1.875154571533203125e+02
1.008484848484848539e+00 1.115818176269531250e+02
1.014141414141414232e+00 7.191164398193359375e+01
1.019797979797979703e+00 1.254736633300781250e+02
1.025454545454545396e+00 1.269345550537109375e+02
1.031111111111111089e+00 9.924555969238281250e+01
1.036767676767676782e+00 1.098935699462890625e+02
1.042424242424242475e+00 1.163972854614257812e+02
1.048080808080808168e+00 9.955073547363281250e+01
1.053737373737373861e+00 9.856935119628906250e+01
1.059393939393939554e+00 1.012099990844726562e+02
1.065050505050505025e+00 8.784799957275390625e+01
1.070707070707070718e+00 8.199567413330078125e+01
1.076363636363636411e+00 7.919484710693359375e+01
1.082020202020202104e+00 6.477706146240234375e+01
1.087676767676767575e+00 5.889968490600585938e+01
1.093333333333333268e+00 6.264540481567382812e+01
1.098989898989898961e+00 5.904013824462890625e+01
1.104646464646464654e+00 5.679392623901367188e+01
1.110303030303030347e+00 5.621199035644531250e+01
1.115959595959596040e+00 4.610441589355468750e+01
1.121616161616161733e+00 3.782950592041015625e+01
1.127272727272727426e+00 3.586095809936523438e+01
1.132929292929292897e+00 2.947009658813476562e+01
1.138585858585858590e+00 2.495010566711425781e+01
1.144242424242424283e+00 2.623653793334960938e+01
1.149898989898989976e+00 2.374091339111328125e+01
1.155555555555555447e+00 2.124253654479980469e+01
1.161212121212121140e+00 2.090540504455566406e+01
1.166868686868686833e+00 1.609622001647949219e+01
1.172525252525252526e+00 1.174295234680175781e+01
1.178181818181818219e+00 1.093253040313720703e+01
1.183838383838383912e+00 7.648353099822998047e+00
1.189494949494949605e+00 5.278670787811279297e+00
1.195151515151515298e+00 5.583583831787109375e+00
1.200808080808080769e+00 3.982295989990234375e+00
1.206464646464646462e+00 3.475460767745971680e+00
1.212121212121212155e+00 4.776272296905517578e+00
1.217777777777777848e+00 4.212211132049560547e+00
1.223434343434343319e+00 4.204115390777587891e+00
1.229090909090909012e+00 4.421411991119384766e+00
1.234747474747474705e+00 2.605021238327026367e+00
1.240404040404040398e+00 1.783655405044555664e+00
1.246060606060606091e+00 1.338522315025329590e+00
1.251717171717171784e+00 1.165486648678779602e-01
1.257373737373737477e+00 2.829157114028930664e-01
1.263030303030303170e+00 2.786216735839843750e-01
1.268686868686868641e+00 2.522321343421936035e-01
1.274343434343434334e+00 1.693708300590515137e-01
1.280000000000000027e+00 1.323609203100204468e-01
