6.000000000000000888e-01 3.824913024902343750e+00
6.080808080808082217e-01 4.750753402709960938e+00
6.161616161616162435e-01 4.988467693328857422e+00
6.242424242424243763e-01 6.200205802917480469e+00
6.323232323232323981e-01 8.403834342956542969e+00
6.404040404040405310e-01 9.180958747863769531e+00
6.484848484848485528e-01 8.395325660705566406e+00
6.565656565656566857e-01 9.042056083679199219e+00
6.646464646464647075e-01 1.206226921081542969e+01
6.727272727272728403e-01 1.499999618530273438e+01
6.808080808080808621e-01 1.608727645874023438e+01
6.888888888888889950e-01 1.577815437316894531e+01
6.969696969696970168e-01 1.536828613281250000e+01
7.050505050505051496e-01 1.599923229217529297e+01
7.131313131313131715e-01 1.760432052612304688e+01
7.212121212121213043e-01 1.938219070434570312e+01
7.292929292929293261e-01 2.196144104003906250e+01
7.373737373737374590e-01 2.555808067321777344e+01
7.454545454545454808e-01 2.682637786865234375e+01
7.535353535353536136e-01 2.326893424987792969e+01
7.616161616161616355e-01 1.890587043762207031e+01
7.696969696969697683e-01 1.956048202514648438e+01
7.777777777777777901e-01 2.464657592773437500e+01
7.858585858585859230e-01 2.864463424682617188e+01
7.939393939393939448e-01 2.856645393371582031e+01
8.020202020202020776e-01 2.642476844787597656e+01
8.101010101010102105e-01 2.617007446289062500e+01
8.181818181818182323e-01 2.984734535217285156e+01
8.262626262626262541e-01 3.588623428344726562e+01
8.343434343434343869e-01 4.022578430175781250e+01
8.424242424242425198e-01 4.003066635131835938e+01
8.505050505050505416e-01 3.655041885375976562e+01
8.585858585858585634e-01 3.465054702758789062e+01
8.666666666666666963e-01 3.741063308715820312e+01
8.747474747474748291e-01 4.251311874389648438e+01
8.828282828282828509e-01 4.625176620483398438e+01
8.909090909090908728e-01 4.828970336914062500e+01
8.989898989898990056e-01 4.970811843872070312e+01
9.070707070707071384e-01 5.026107406616210938e+01
9.151515151515151603e-01 5.044345092773437500e+01
9.232323232323231821e-01 5.128408813476562500e+01
9.313131313131313149e-01 5.243932723999023438e+01
9.393939393939394478e-01 5.405614852905273438e+01
9.474747474747474696e-01 5.560348892211914062e+01
9.555555555555554914e-01 5.398566818237304688e+01
9.636363636363636243e-01 4.842901611328125000e+01
9.717171717171717571e-01 4.472409057617187500e+01
9.797979797979797789e-01 4.596120834350585938e+01
9.878787878787879118e-01 4.883819198608398438e+01
9.959595959595959336e-01 5.053405380249023438e+01
1.004040404040404066e+00 5.094748306274414062e+01
1.012121212121212199e+00 4.832542419433593750e+01
1.020202020202020332e+00 4.443986511230468750e+01
1.028282828282828243e+00 4.587036895751953125e+01
1.036363636363636376e+00 5.091319274902343750e+01
1.044444444444444509e+00 5.154046249389648438e+01
1.052525252525252419e+00 4.851115036010742188e+01
1.060606060606060552e+00 4.665349578857421875e+01
1.068686868686868685e+00 4.424850463867187500e+01
1.076767676767676818e+00 4.080944824218750000e+01
1.084848484848484951e+00 4.158884811401367188e+01
1.092929292929292862e+00 4.631208419799804688e+01
1.101010101010100994e+00 4.850264358520507812e+01
1.109090909090908905e+00 4.861104583740234375e+01
1.117171717171717038e+00 5.144580078125000000e+01
1.125252525252525171e+00 5.460923004150390625e+01
1.133333333333333304e+00 5.218352127075195312e+01
1.141414141414141437e+00 4.508636093139648438e+01
1.149494949494949569e+00 3.858591842651367188e+01
1.157575757575757702e+00 3.458744430541992188e+01
1.165656565656565613e+00 3.176616096496582031e+01
1.173737373737373746e+00 2.983563423156738281e+01
1.181818181818181657e+00 2.924160575866699219e+01
1.189898989898989790e+00 2.916395759582519531e+01
1.197979797979797922e+00 2.838954734802246094e+01
1.206060606060606055e+00 2.708782768249511719e+01
1.214141414141414188e+00 2.628201675415039062e+01
1.222222222222222321e+00 2.676872253417968750e+01
1.230303030303030232e+00 2.743556594848632812e+01
1.238383838383838365e+00 2.566551017761230469e+01
1.246464646464646275e+00 2.150373649597167969e+01
1.254545454545454408e+00 1.874843788146972656e+01
1.262626262626262541e+00 1.853918457031250000e+01
1.270707070707070674e+00 1.755644989013671875e+01
1.278787878787878807e+00 1.505484676361083984e+01
1.286868686868686940e+00 1.406026840209960938e+01
1.294949494949494850e+00 1.483105945587158203e+01
1.303030303030302983e+00 1.415357971191406250e+01
1.311111111111110894e+00 1.105243206024169922e+01
1.319191919191919027e+00 8.103464126586914062e+00
1.327272727272727160e+00 7.848280906677246094e+00
1.335353535353535293e+00 1.021833992004394531e+01
1.343434343434343425e+00 1.320032119750976562e+01
1.351515151515151558e+00 1.454001617431640625e+01
1.359595959595959469e+00 1.327821731567382812e+01
1.367676767676767602e+00 1.068809032440185547e+01
1.375757575757575735e+00 8.997889518737792969e+00
1.383838383838383645e+00 8.814743995666503906e+00
1.391919191919191778e+00 8.941372871398925781e+00
1.399999999999999911e+00 8.304163932800292969e+00
