7.399999999999999911e-01 5.072256640625000000e+04
7.452525252525252775e-01 4.493933984375000000e+04
7.505050505050504528e-01 4.073830468750000000e+04
7.557575757575757391e-01 6.902763281250000000e+04
7.610101010101010255e-01 8.015589843750000000e+04
7.662626262626262008e-01 6.049149218750000000e+04
7.715151515151514872e-01 8.291203125000000000e+04
7.767676767676767735e-01 1.172669296875000000e+05
7.820202020202020599e-01 9.860170312500000000e+04
7.872727272727272352e-01 1.014205703125000000e+05
7.925252525252525215e-01 1.533883750000000000e+05
7.977777777777778079e-01 1.497799062500000000e+05
8.030303030303029832e-01 1.304671484375000000e+05
8.082828282828282696e-01 1.997130625000000000e+05
8.135353535353535559e-01 2.137666875000000000e+05
8.187878787878787312e-01 1.709938125000000000e+05
8.240404040404040176e-01 2.482012343750000000e+05
8.292929292929293039e-01 2.828085937500000000e+05
8.345454545454544792e-01 2.278582343750000000e+05
8.397979797979797656e-01 3.169629687500000000e+05
8.450505050505050519e-01 3.572109375000000000e+05
8.503030303030303383e-01 2.992911562500000000e+05
8.555555555555555136e-01 4.064920937500000000e+05
8.608080808080808000e-01 4.521990625000000000e+05
8.660606060606060863e-01 3.894413750000000000e+05
8.713131313131312616e-01 5.072194062500000000e+05
8.765656565656565480e-01 5.572318750000000000e+05
8.818181818181818343e-01 5.027753125000000000e+05
8.870707070707071207e-01 6.399146250000000000e+05
8.923232323232322960e-01 6.970649375000000000e+05
8.975757575757575824e-01 6.368720625000000000e+05
9.028282828282827577e-01 8.014758750000000000e+05
9.080808080808080440e-01 8.296703125000000000e+05
9.133333333333333304e-01 8.358101250000000000e+05
9.185858585858586167e-01 1.044783187500000000e+06
9.238383838383837920e-01 1.018512062500000000e+06
9.290909090909090784e-01 1.098326250000000000e+06
9.343434343434343647e-01 1.321961750000000000e+06
9.395959595959595401e-01 1.314898375000000000e+06
9.448484848484848264e-01 1.490221125000000000e+06
9.501010101010101128e-01 1.706185125000000000e+06
9.553535353535353991e-01 1.731839000000000000e+06
9.606060606060605744e-01 2.045374875000000000e+06
9.658585858585858608e-01 2.241973750000000000e+06
9.711111111111110361e-01 2.381084750000000000e+06
9.763636363636363225e-01 2.786039000000000000e+06
9.816161616161616088e-01 2.865416500000000000e+06
9.868686868686868952e-01 3.091665750000000000e+06
9.921212121212121815e-01 3.305690750000000000e+06
9.973737373737373568e-01 3.239303500000000000e+06
1.002626262626262754e+00 3.426013250000000000e+06
1.007878787878787818e+00 3.308069000000000000e+06
1.013131313131313105e+00 3.129877000000000000e+06
1.018383838383838391e+00 3.069427750000000000e+06
1.023636363636363678e+00 2.684235250000000000e+06
1.028888888888888964e+00 2.518573500000000000e+06
1.034141414141414028e+00 2.281627750000000000e+06
1.039393939393939315e+00 1.982160625000000000e+06
1.044646464646464601e+00 1.908313875000000000e+06
1.049898989898989887e+00 1.650429125000000000e+06
1.055151515151515174e+00 1.473415750000000000e+06
1.060404040404040460e+00 1.447825875000000000e+06
1.065656565656565746e+00 1.197619750000000000e+06
1.070909090909090811e+00 1.136120375000000000e+06
1.076161616161616097e+00 1.117726875000000000e+06
1.081414141414141383e+00 8.754128125000000000e+05
1.086666666666666670e+00 9.144007500000000000e+05
1.091919191919191956e+00 8.610128750000000000e+05
1.097171717171717242e+00 6.872693750000000000e+05
1.102424242424242529e+00 7.475219375000000000e+05
1.107676767676767593e+00 6.610383125000000000e+05
1.112929292929292879e+00 5.357271875000000000e+05
1.118181818181818166e+00 6.010946250000000000e+05
1.123434343434343452e+00 5.142934062500000000e+05
1.128686868686868738e+00 4.157331562500000000e+05
1.133939393939393803e+00 4.869750625000000000e+05
1.139191919191919311e+00 4.036315625000000000e+05
1.144444444444444375e+00 3.331493437500000000e+05
1.149696969696969662e+00 3.768163750000000000e+05
1.154949494949494948e+00 3.209460000000000000e+05
1.160202020202020234e+00 2.515640781250000000e+05
1.165454545454545521e+00 2.977681250000000000e+05
1.170707070707070585e+00 2.460516562500000000e+05
1.175959595959595871e+00 1.844005781250000000e+05
1.181212121212121158e+00 2.319694687500000000e+05
1.186464646464646444e+00 1.922969531250000000e+05
1.191717171717171730e+00 1.373474687500000000e+05
1.196969696969697017e+00 1.645164531250000000e+05
1.202222222222222303e+00 1.541177656250000000e+05
1.207474747474747367e+00 9.879189062500000000e+04
1.212727272727272654e+00 1.126927656250000000e+05
1.217979797979797940e+00 1.192237812500000000e+05
1.223232323232323226e+00 8.001263281250000000e+04
1.228484848484848513e+00 6.820135937500000000e+04
1.233737373737373799e+00 8.545285937500000000e+04
1.238989898989899086e+00 6.853877343750000000e+04
1.244242424242424150e+00 4.122769531250000000e+04
1.249494949494949436e+00 5.011911718750000000e+04
1.254747474747474723e+00 5.200972265625000000e+04
1.260000000000000009e+00 3.453808203125000000e+04
