7.399999999999999911e-01 1.664951856938934327e-11
7.452525252525252775e-01 5.870444130806617977e-10
7.505050505050504528e-01 1.570894347935336555e-08
7.557575757575757391e-01 3.190453696788608795e-07
7.610101010101010255e-01 4.918489594274433330e-06
7.662626262626262008e-01 5.756663449574261904e-05
7.715151515151514872e-01 5.117253749631345272e-04
7.767676767676767735e-01 3.457451937720179558e-03
7.820202020202020599e-01 1.778137125074863434e-02
7.872727272727272352e-01 6.980913877487182617e-02
7.925252525252525215e-01 2.104019969701766968e-01
7.977777777777778079e-01 4.922597110271453857e-01
8.030303030303029832e-01 9.134544730186462402e-01
8.082828282828282696e-01 1.399041891098022461e+00
8.135353535353535559e-01 1.887353420257568359e+00
8.187878787878787312e-01 2.426546096801757812e+00
8.240404040404040176e-01 3.120472669601440430e+00
8.292929292929293039e-01 3.951136589050292969e+00
8.345454545454544792e-01 4.689129829406738281e+00
8.397979797979797656e-01 5.052182674407958984e+00
8.450505050505050519e-01 5.011569976806640625e+00
8.503030303030303383e-01 4.929739952087402344e+00
8.555555555555555136e-01 5.357505798339843750e+00
8.608080808080808000e-01 6.704130649566650391e+00
8.660606060606060863e-01 9.167831420898437500e+00
8.713131313131312616e-01 1.298741912841796875e+01
8.765656565656565480e-01 1.849704742431640625e+01
8.818181818181818343e-01 2.557661819458007812e+01
8.870707070707071207e-01 3.311748504638671875e+01
8.923232323232322960e-01 3.948871231079101562e+01
8.975757575757575824e-01 4.371434402465820312e+01
9.028282828282827577e-01 4.610170364379882812e+01
9.080808080808080440e-01 4.804782104492187500e+01
9.133333333333333304e-01 5.156404113769531250e+01
9.185858585858586167e-01 5.832077026367187500e+01
9.238383838383837920e-01 6.821533203125000000e+01
9.290909090909090784e-01 7.898915863037109375e+01
9.343434343434343647e-01 8.799978637695312500e+01
9.395959595959595401e-01 9.447105407714843750e+01
9.448484848484848264e-01 9.967767333984375000e+01
9.501010101010101128e-01 1.054432678222656250e+02
9.553535353535353991e-01 1.131901168823242188e+02
9.606060606060605744e-01 1.236608963012695312e+02
9.658585858585858608e-01 1.362314758300781250e+02
9.711111111111110361e-01 1.486875610351562500e+02
9.763636363636363225e-01 1.584685974121093750e+02
9.816161616161616088e-01 1.641642303466796875e+02
9.868686868686868952e-01 1.660415344238281250e+02
9.921212121212121815e-01 1.656939392089843750e+02
9.973737373737373568e-01 1.650200042724609375e+02
1.002626262626262754e+00 1.650299987792968750e+02
1.007878787878787818e+00 1.654290771484375000e+02
1.013131313131313105e+00 1.653795928955078125e+02
1.018383838383838391e+00 1.647133026123046875e+02
1.023636363636363678e+00 1.639769439697265625e+02
1.028888888888888964e+00 1.628382415771484375e+02
1.034141414141414028e+00 1.591504974365234375e+02
1.039393939393939315e+00 1.506598663330078125e+02
1.044646464646464601e+00 1.374620361328125000e+02
1.049898989898989887e+00 1.220745162963867188e+02
1.055151515151515174e+00 1.073316345214843750e+02
1.060404040404040460e+00 9.486615753173828125e+01
1.065656565656565746e+00 8.527213287353515625e+01
1.070909090909090811e+00 7.850700378417968750e+01
1.076161616161616097e+00 7.360610961914062500e+01
1.081414141414141383e+00 6.870972442626953125e+01
1.086666666666666670e+00 6.226256179809570312e+01
1.091919191919191956e+00 5.425520324707031250e+01
1.097171717171717242e+00 4.592500305175781250e+01
1.102424242424242529e+00 3.844161605834960938e+01
1.107676767676767593e+00 3.223296737670898438e+01
1.112929292929292879e+00 2.725363159179687500e+01
1.118181818181818166e+00 2.337315750122070312e+01
1.123434343434343452e+00 2.037814903259277344e+01
1.128686868686868738e+00 1.782797050476074219e+01
1.133939393939393803e+00 1.527808666229248047e+01
1.139191919191919311e+00 1.274188423156738281e+01
1.144444444444444375e+00 1.065790748596191406e+01
1.149696969696969662e+00 9.276319503784179688e+00
1.154949494949494948e+00 8.288473129272460938e+00
1.160202020202020234e+00 7.158565044403076172e+00
1.165454545454545521e+00 5.656012058258056641e+00
1.170707070707070585e+00 4.006165027618408203e+00
1.175959595959595871e+00 2.636150360107421875e+00
1.181212121212121158e+00 1.794655799865722656e+00
1.186464646464646444e+00 1.368375539779663086e+00
1.191717171717171730e+00 1.064256906509399414e+00
1.196969696969697017e+00 7.230716347694396973e-01
1.202222222222222303e+00 3.925603032112121582e-01
1.207474747474747367e+00 1.645491123199462891e-01
1.212727272727272654e+00 5.264009162783622742e-02
1.217979797979797940e+00 1.280339434742927551e-02
1.223232323232323226e+00 2.364736981689929962e-03
1.228484848484848513e+00 3.315219655632972717e-04
1.233737373737373799e+00 3.527395529090426862e-05
1.238989898989899086e+00 2.848319354598061182e-06
1.244242424242424150e+00 1.745456472690420924e-07
1.249494949494949436e+00 8.117326366630095436e-09
1.254747474747474723e+00 2.864836146088123314e-10
1.260000000000000009e+00 7.673069644942298595e-12
