7.800000000000000266e-01 0.000000000000000000e+00
7.844444444444444997e-01 0.000000000000000000e+00
7.888888888888888618e-01 2.802596928649634142e-44
7.933333333333333348e-01 1.391909764613840797e-41
7.977777777777778079e-01 5.601780294240173029e-39
8.022222222222222809e-01 1.850377807227666201e-36
8.066666666666666430e-01 5.016586527672234745e-34
8.111111111111111160e-01 1.116271417285204594e-31
8.155555555555555891e-01 2.038660793026573883e-29
8.200000000000000622e-01 3.055863605702499631e-27
8.244444444444444242e-01 3.759559958116185865e-25
8.288888888888888973e-01 3.796247324880834471e-23
8.333333333333333703e-01 3.146205087807273941e-21
8.377777777777778434e-01 2.140107013203452637e-19
8.422222222222222054e-01 1.194817065335280570e-17
8.466666666666666785e-01 5.475039917759321785e-16
8.511111111111111516e-01 2.059192829543133457e-14
8.555555555555556246e-01 6.356774373376949949e-13
8.599999999999999867e-01 1.610708615096267948e-11
8.644444444444444597e-01 3.350071886565331170e-10
8.688888888888889328e-01 5.719728690678493876e-09
8.733333333333332948e-01 8.017264008230995387e-08
8.777777777777777679e-01 9.227463237948541064e-07
8.822222222222222410e-01 8.723134669708088040e-06
8.866666666666667140e-01 6.776672671549022198e-05
8.911111111111110761e-01 4.329988732933998108e-04
8.955555555555555491e-01 2.278801053762435913e-03
9.000000000000000222e-01 9.901325218379497528e-03
9.044444444444443842e-01 3.565080463886260986e-02
9.088888888888888573e-01 1.070027798414230347e-01
9.133333333333333304e-01 2.703027725219726562e-01
9.177777777777778034e-01 5.845872759819030762e-01
9.222222222222222765e-01 1.118061900138854980e+00
9.266666666666666385e-01 2.001708984375000000e+00
9.311111111111111116e-01 3.587892055511474609e+00
9.355555555555555847e-01 6.578946113586425781e+00
9.399999999999999467e-01 1.187329959869384766e+01
9.444444444444444198e-01 2.026667976379394531e+01
9.488888888888888928e-01 3.246525573730468750e+01
9.533333333333333659e-01 4.955812072753906250e+01
9.577777777777778390e-01 7.329875183105468750e+01
9.622222222222222010e-01 1.054172821044921875e+02
9.666666666666666741e-01 1.465098114013671875e+02
9.711111111111110361e-01 1.955745544433593750e+02
9.755555555555555092e-01 2.501231079101562500e+02
9.799999999999999822e-01 3.063560791015625000e+02
9.844444444444444553e-01 3.594392700195312500e+02
9.888888888888889284e-01 4.041396484375000000e+02
9.933333333333332904e-01 4.357523498535156250e+02
9.977777777777777635e-01 4.509003601074218750e+02
1.002222222222222126e+00 4.479234924316406250e+02
1.006666666666666599e+00 4.270806884765625000e+02
1.011111111111111072e+00 3.908039245605468750e+02
1.015555555555555545e+00 3.435892333984375000e+02
1.020000000000000018e+00 2.909945068359375000e+02
1.024444444444444491e+00 2.381222076416015625e+02
1.028888888888888964e+00 1.886210021972656250e+02
1.033333333333333215e+00 1.446902770996093750e+02
1.037777777777777688e+00 1.075515670776367188e+02
1.042222222222222161e+00 7.758937072753906250e+01
1.046666666666666634e+00 5.417473983764648438e+01
1.051111111111111107e+00 3.599692916870117188e+01
1.055555555555555580e+00 2.202722167968750000e+01
1.060000000000000053e+00 1.195263385772705078e+01
1.064444444444444304e+00 5.578702449798583984e+00
1.068888888888888777e+00 2.203945159912109375e+00
1.073333333333333250e+00 7.404547929763793945e-01
1.077777777777777724e+00 2.180966883897781372e-01
1.082222222222222197e+00 5.844305828213691711e-02
1.086666666666666670e+00 1.417342573404312134e-02
1.091111111111111143e+00 2.964027924463152885e-03
1.095555555555555394e+00 5.114573868922889233e-04
1.100000000000000089e+00 7.120181544451043010e-05
1.104444444444444340e+00 7.930535502964630723e-06
1.108888888888888813e+00 7.054730986055801623e-07
1.113333333333333286e+00 5.020417503942553594e-08
1.117777777777777759e+00 2.871638704604606573e-09
1.122222222222222232e+00 1.332275817444994459e-10
1.126666666666666705e+00 5.089085836768036941e-12
1.131111111111111178e+00 1.631827404322341857e-13
1.135555555555555429e+00 4.459877918496857677e-15
1.139999999999999902e+00 1.039308566013189461e-16
1.144444444444444375e+00 2.035671014772840420e-18
1.148888888888888848e+00 3.291180728229731278e-20
1.153333333333333321e+00 4.333743824213795379e-22
1.157777777777777795e+00 4.614658407408791723e-24
1.162222222222222268e+00 3.963922818890565166e-26
1.166666666666666519e+00 2.748800365013695760e-28
1.171111111111110992e+00 1.543618838533707735e-30
1.175555555555555465e+00 7.055690313091755699e-33
1.179999999999999938e+00 2.642839038575416149e-35
1.184444444444444411e+00 8.171634439911326844e-38
1.188888888888888884e+00 2.098052086756402615e-40
1.193333333333333357e+00 4.484155085839414627e-43
1.197777777777777608e+00 1.401298464324817071e-45
1.202222222222222303e+00 0.000000000000000000e+00
1.206666666666666554e+00 0.000000000000000000e+00
1.211111111111111027e+00 0.000000000000000000e+00
1.215555555555555500e+00 0.000000000000000000e+00
1.219999999999999973e+00 0.000000000000000000e+00
