6.000000000000000888e-01 9.880631446838378906e+00
6.080808080808082217e-01 7.820945262908935547e+00
6.161616161616162435e-01 6.660151958465576172e+00
6.242424242424243763e-01 7.560331821441650391e+00
6.323232323232323981e-01 8.992683410644531250e+00
6.404040404040405310e-01 8.904019355773925781e+00
6.484848484848485528e-01 7.396780490875244141e+00
6.565656565656566857e-01 6.459565162658691406e+00
6.646464646464647075e-01 7.069116592407226562e+00
6.727272727272728403e-01 8.536413192749023438e+00
6.808080808080808621e-01 1.056225967407226562e+01
6.888888888888889950e-01 1.257005596160888672e+01
6.969696969696970168e-01 1.283265495300292969e+01
7.050505050505051496e-01 1.203906440734863281e+01
7.131313131313131715e-01 1.312336540222167969e+01
7.212121212121213043e-01 1.564738845825195312e+01
7.292929292929293261e-01 1.728043746948242188e+01
7.373737373737374590e-01 1.919146919250488281e+01
7.454545454545454808e-01 2.297376060485839844e+01
7.535353535353536136e-01 2.700915145874023438e+01
7.616161616161616355e-01 2.965731430053710938e+01
7.696969696969697683e-01 3.073581886291503906e+01
7.777777777777777901e-01 3.066087532043457031e+01
7.858585858585859230e-01 3.062066078186035156e+01
7.939393939393939448e-01 3.078875350952148438e+01
8.020202020202020776e-01 3.056908607482910156e+01
8.101010101010102105e-01 3.209368515014648438e+01
8.181818181818182323e-01 3.661151504516601562e+01
8.262626262626262541e-01 4.017292785644531250e+01
8.343434343434343869e-01 4.058869171142578125e+01
8.424242424242425198e-01 4.090974044799804688e+01
8.505050505050505416e-01 4.213185119628906250e+01
8.585858585858585634e-01 4.230200958251953125e+01
8.666666666666666963e-01 4.230585861206054688e+01
8.747474747474748291e-01 4.315710067749023438e+01
8.828282828282828509e-01 4.346574020385742188e+01
8.909090909090908728e-01 4.369638824462890625e+01
8.989898989898990056e-01 4.510578536987304688e+01
9.070707070707071384e-01 4.587826538085937500e+01
9.151515151515151603e-01 4.410511779785156250e+01
9.232323232323231821e-01 4.098220062255859375e+01
9.313131313131313149e-01 3.874693679809570312e+01
9.393939393939394478e-01 3.935559082031250000e+01
9.474747474747474696e-01 4.310322189331054688e+01
9.555555555555554914e-01 4.688226699829101562e+01
9.636363636363636243e-01 4.819091415405273438e+01
9.717171717171717571e-01 4.842045593261718750e+01
9.797979797979797789e-01 4.903395080566406250e+01
9.878787878787879118e-01 5.006726837158203125e+01
9.959595959595959336e-01 5.226911926269531250e+01
1.004040404040404066e+00 5.486514282226562500e+01
1.012121212121212199e+00 5.349602127075195312e+01
1.020202020202020332e+00 4.723612594604492188e+01
1.028282828282828243e+00 4.122572708129882812e+01
1.036363636363636376e+00 3.941445922851562500e+01
1.044444444444444509e+00 4.011286163330078125e+01
1.052525252525252419e+00 4.036664962768554688e+01
1.060606060606060552e+00 3.967816925048828125e+01
1.068686868686868685e+00 3.894450378417968750e+01
1.076767676767676818e+00 3.888260650634765625e+01
1.084848484848484951e+00 4.014915466308593750e+01
1.092929292929292862e+00 4.259008407592773438e+01
1.101010101010100994e+00 4.492427062988281250e+01
1.109090909090908905e+00 4.710187530517578125e+01
1.117171717171717038e+00 5.004442214965820312e+01
1.125252525252525171e+00 5.138519668579101562e+01
1.133333333333333304e+00 4.772820281982421875e+01
1.141414141414141437e+00 4.199096298217773438e+01
1.149494949494949569e+00 3.984515380859375000e+01
1.157575757575757702e+00 4.024243545532226562e+01
1.165656565656565613e+00 3.947251129150390625e+01
1.173737373737373746e+00 3.855506134033203125e+01
1.181818181818181657e+00 3.872669982910156250e+01
1.189898989898989790e+00 3.725494003295898438e+01
1.197979797979797922e+00 3.339083862304687500e+01
1.206060606060606055e+00 3.046215438842773438e+01
1.214141414141414188e+00 3.047007369995117188e+01
1.222222222222222321e+00 3.158282470703125000e+01
1.230303030303030232e+00 3.130241966247558594e+01
1.238383838383838365e+00 2.896813392639160156e+01
1.246464646464646275e+00 2.549523925781250000e+01
1.254545454545454408e+00 2.213924598693847656e+01
1.262626262626262541e+00 2.085003089904785156e+01
1.270707070707070674e+00 2.182244682312011719e+01
1.278787878787878807e+00 2.112152481079101562e+01
1.286868686868686940e+00 1.673442077636718750e+01
1.294949494949494850e+00 1.272558879852294922e+01
1.303030303030302983e+00 1.149625968933105469e+01
1.311111111111110894e+00 1.094896793365478516e+01
1.319191919191919027e+00 1.076765537261962891e+01
1.327272727272727160e+00 1.138138484954833984e+01
1.335353535353535293e+00 1.098792171478271484e+01
1.343434343434343425e+00 9.523047447204589844e+00
1.351515151515151558e+00 8.794480323791503906e+00
1.359595959595959469e+00 8.851366996765136719e+00
1.367676767676767602e+00 8.964709281921386719e+00
1.375757575757575735e+00 8.517779350280761719e+00
1.383838383838383645e+00 6.856775760650634766e+00
1.391919191919191778e+00 4.609874725341796875e+00
1.399999999999999911e+00 3.272358179092407227e+00
