6.000000000000000888e-01 9.877922058105468750e+00
6.080808080808082217e-01 7.822587966918945312e+00
6.161616161616162435e-01 6.658775329589843750e+00
6.242424242424243763e-01 7.561305046081542969e+00
6.323232323232323981e-01 9.011209487915039062e+00
6.404040404040405310e-01 9.016266822814941406e+00
6.484848484848485528e-01 7.850835323333740234e+00
6.565656565656566857e-01 7.359485626220703125e+00
6.646464646464647075e-01 8.007762908935546875e+00
6.727272727272728403e-01 9.054250717163085938e+00
6.808080808080808621e-01 1.070137882232666016e+01
6.888888888888889950e-01 1.259596347808837891e+01
6.969696969696970168e-01 1.283787155151367188e+01
7.050505050505051496e-01 1.203559207916259766e+01
7.131313131313131715e-01 1.312905216217041016e+01
7.212121212121213043e-01 1.564978218078613281e+01
7.292929292929293261e-01 1.727903175354003906e+01
7.373737373737374590e-01 1.919368934631347656e+01
7.454545454545454808e-01 2.297673034667968750e+01
7.535353535353536136e-01 2.701209259033203125e+01
7.616161616161616355e-01 2.965905761718750000e+01
7.696969696969697683e-01 3.073496437072753906e+01
7.777777777777777901e-01 3.066079902648925781e+01
7.858585858585859230e-01 3.062550544738769531e+01
7.939393939393939448e-01 3.078652763366699219e+01
8.020202020202020776e-01 3.057056045532226562e+01
8.101010101010102105e-01 3.209976959228515625e+01
8.181818181818182323e-01 3.661414337158203125e+01
8.262626262626262541e-01 4.017399978637695312e+01
8.343434343434343869e-01 4.059272003173828125e+01
8.424242424242425198e-01 4.091728210449218750e+01
8.505050505050505416e-01 4.213416290283203125e+01
8.585858585858585634e-01 4.231319808959960938e+01
8.666666666666666963e-01 4.231070327758789062e+01
8.747474747474748291e-01 4.315923690795898438e+01
8.828282828282828509e-01 4.347634506225585938e+01
8.909090909090908728e-01 4.370710372924804688e+01
8.989898989898990056e-01 4.511087036132812500e+01
9.070707070707071384e-01 4.589021301269531250e+01
9.151515151515151603e-01 4.411882019042968750e+01
9.232323232323231821e-01 4.100329589843750000e+01
9.313131313131313149e-01 3.877345275878906250e+01
9.393939393939394478e-01 3.939028549194335938e+01
9.474747474747474696e-01 4.314968872070312500e+01
9.555555555555554914e-01 4.695129776000976562e+01
9.636363636363636243e-01 4.830045700073242188e+01
9.717171717171717571e-01 4.857333755493164062e+01
9.797979797979797789e-01 4.926293182373046875e+01
9.878787878787879118e-01 5.039631652832031250e+01
9.959595959595959336e-01 5.266111373901367188e+01
1.004040404040404066e+00 5.524902725219726562e+01
1.012121212121212199e+00 5.382956695556640625e+01
1.020202020202020332e+00 4.749737930297851562e+01
1.028282828282828243e+00 4.139904022216796875e+01
1.036363636363636376e+00 3.951967620849609375e+01
1.044444444444444509e+00 4.017462539672851562e+01
1.052525252525252419e+00 4.041348648071289062e+01
1.060606060606060552e+00 3.970932006835937500e+01
1.068686868686868685e+00 3.897075653076171875e+01
1.076767676767676818e+00 3.889569473266601562e+01
1.084848484848484951e+00 4.015875244140625000e+01
1.092929292929292862e+00 4.260636520385742188e+01
1.101010101010100994e+00 4.493471145629882812e+01
1.109090909090908905e+00 4.711255264282226562e+01
1.117171717171717038e+00 5.004964065551757812e+01
1.125252525252525171e+00 5.139419937133789062e+01
1.133333333333333304e+00 4.773415756225585938e+01
1.141414141414141437e+00 4.200137710571289062e+01
1.149494949494949569e+00 3.984727478027343750e+01
1.157575757575757702e+00 4.024751663208007812e+01
1.165656565656565613e+00 3.946939086914062500e+01
1.173737373737373746e+00 3.856184768676757812e+01
1.181818181818181657e+00 3.872773361206054688e+01
1.189898989898989790e+00 3.725807571411132812e+01
1.197979797979797922e+00 3.339405822753906250e+01
1.206060606060606055e+00 3.047183418273925781e+01
1.214141414141414188e+00 3.047105216979980469e+01
1.222222222222222321e+00 3.158113670349121094e+01
1.230303030303030232e+00 3.130082702636718750e+01
1.238383838383838365e+00 2.897424507141113281e+01
1.246464646464646275e+00 2.549909782409667969e+01
1.254545454545454408e+00 2.213995742797851562e+01
1.262626262626262541e+00 2.085147285461425781e+01
1.270707070707070674e+00 2.182528686523437500e+01
1.278787878787878807e+00 2.111932945251464844e+01
1.286868686868686940e+00 1.673752593994140625e+01
1.294949494949494850e+00 1.272700405120849609e+01
1.303030303030302983e+00 1.149666595458984375e+01
1.311111111111110894e+00 1.095026206970214844e+01
1.319191919191919027e+00 1.076751136779785156e+01
1.327272727272727160e+00 1.138099479675292969e+01
1.335353535353535293e+00 1.098537254333496094e+01
1.343434343434343425e+00 9.524052619934082031e+00
1.351515151515151558e+00 8.795015335083007812e+00
1.359595959595959469e+00 8.852054595947265625e+00
1.367676767676767602e+00 8.965270996093750000e+00
1.375757575757575735e+00 8.518047332763671875e+00
1.383838383838383645e+00 6.856627464294433594e+00
1.391919191919191778e+00 4.610176086425781250e+00
1.399999999999999911e+00 3.271980762481689453e+00
