5.600000000000000533e-01 6.990689277648925781e+00
5.688888888888888884e-01 5.804383754730224609e+00
5.777777777777778345e-01 6.676558017730712891e+00
5.866666666666666696e-01 7.169289112091064453e+00
5.955555555555556158e-01 4.984873294830322266e+00
6.044444444444444509e-01 6.082845211029052734e+00
6.133333333333333970e-01 7.121336460113525391e+00
6.222222222222222321e-01 1.039994621276855469e+01
6.311111111111111782e-01 1.671125030517578125e+01
6.400000000000000133e-01 1.620846176147460938e+01
6.488888888888889594e-01 1.482977390289306641e+01
6.577777777777777946e-01 1.720249366760253906e+01
6.666666666666667407e-01 1.528027343750000000e+01
6.755555555555555758e-01 1.300435543060302734e+01
6.844444444444444109e-01 1.433118724822998047e+01
6.933333333333333570e-01 1.127585124969482422e+01
7.022222222222223031e-01 1.420638847351074219e+01
7.111111111111111382e-01 1.891645431518554688e+01
7.199999999999999734e-01 1.609837722778320312e+01
7.288888888888889195e-01 1.669585609436035156e+01
7.377777777777778656e-01 1.933532905578613281e+01
7.466666666666667007e-01 1.917029571533203125e+01
7.555555555555555358e-01 2.418330001831054688e+01
7.644444444444444819e-01 2.927608871459960938e+01
7.733333333333333171e-01 2.764035415649414062e+01
7.822222222222222632e-01 3.227231216430664062e+01
7.911111111111110983e-01 3.649555587768554688e+01
8.000000000000000444e-01 2.928187942504882812e+01
8.088888888888888795e-01 3.187713050842285156e+01
8.177777777777777146e-01 3.196421051025390625e+01
8.266666666666666607e-01 2.442484664916992188e+01
8.355555555555556069e-01 2.732390403747558594e+01
8.444444444444444420e-01 3.502964019775390625e+01
8.533333333333332771e-01 3.187452507019042969e+01
8.622222222222222232e-01 3.845716857910156250e+01
8.711111111111111693e-01 4.911029434204101562e+01
8.800000000000000044e-01 3.570413589477539062e+01
8.888888888888888395e-01 3.584282302856445312e+01
8.977777777777777857e-01 4.963473129272460938e+01
9.066666666666667318e-01 3.716251754760742188e+01
9.155555555555555669e-01 3.500645446777343750e+01
9.244444444444444020e-01 4.777331161499023438e+01
9.333333333333333481e-01 3.831425476074218750e+01
9.422222222222221832e-01 2.519953727722167969e+01
9.511111111111110183e-01 4.771747207641601562e+01
9.599999999999999645e-01 5.378931045532226562e+01
9.688888888888889106e-01 2.243221855163574219e+01
9.777777777777777457e-01 5.418446350097656250e+01
9.866666666666665808e-01 7.257105255126953125e+01
9.955555555555555269e-01 4.201426315307617188e+01
1.004444444444444473e+00 3.373075485229492188e+01
1.013333333333333197e+00 7.794529724121093750e+01
1.022222222222222143e+00 6.147170257568359375e+01
1.031111111111111089e+00 3.153991889953613281e+01
1.040000000000000036e+00 5.838251495361328125e+01
1.048888888888888982e+00 5.916797637939453125e+01
1.057777777777777706e+00 2.963487625122070312e+01
1.066666666666666652e+00 3.433046340942382812e+01
1.075555555555555376e+00 4.390594863891601562e+01
1.084444444444444322e+00 2.781809806823730469e+01
1.093333333333333268e+00 3.080701255798339844e+01
1.102222222222222214e+00 4.660580825805664062e+01
1.111111111111111160e+00 3.971705627441406250e+01
1.120000000000000107e+00 3.460409545898437500e+01
1.128888888888888831e+00 4.432412719726562500e+01
1.137777777777777555e+00 3.238243103027343750e+01
1.146666666666666501e+00 2.145444297790527344e+01
1.155555555555555447e+00 2.876528930664062500e+01
1.164444444444444393e+00 2.448180007934570312e+01
1.173333333333333339e+00 2.069213294982910156e+01
1.182222222222222285e+00 2.933915138244628906e+01
1.191111111111111009e+00 2.807268905639648438e+01
1.199999999999999956e+00 1.983512687683105469e+01
1.208888888888888680e+00 2.676587867736816406e+01
1.217777777777777626e+00 2.458165740966796875e+01
1.226666666666666572e+00 1.853561210632324219e+01
1.235555555555555518e+00 2.436785316467285156e+01
1.244444444444444464e+00 2.560050201416015625e+01
1.253333333333333410e+00 2.258925056457519531e+01
1.262222222222222134e+00 2.666805648803710938e+01
1.271111111111111081e+00 2.106147003173828125e+01
1.279999999999999805e+00 1.217254447937011719e+01
1.288888888888888751e+00 1.772214698791503906e+01
1.297777777777777697e+00 1.880907249450683594e+01
1.306666666666666643e+00 1.698801612854003906e+01
1.315555555555555589e+00 2.495396041870117188e+01
1.324444444444444313e+00 2.567753028869628906e+01
1.333333333333333259e+00 2.066306877136230469e+01
1.342222222222221983e+00 2.014769554138183594e+01
1.351111111111110930e+00 1.469099903106689453e+01
1.359999999999999876e+00 1.085613727569580078e+01
1.368888888888888822e+00 1.282384109497070312e+01
1.377777777777777768e+00 1.179378318786621094e+01
1.386666666666666714e+00 1.297734069824218750e+01
1.395555555555555438e+00 1.610511398315429688e+01
1.404444444444444384e+00 1.178739166259765625e+01
1.413333333333333108e+00 1.095020484924316406e+01
1.422222222222222054e+00 1.197405338287353516e+01
1.431111111111111001e+00 9.140141487121582031e+00
1.439999999999999947e+00 9.072601318359375000e+00
