6.600000000000000311e-01 3.041578054428100586e+00
6.668686868686869440e-01 4.411526203155517578e+00
6.737373737373737459e-01 6.886567592620849609e+00
6.806060606060606588e-01 9.361054420471191406e+00
6.874747474747474607e-01 1.035334873199462891e+01
6.943434343434343736e-01 1.036446666717529297e+01
7.012121212121211755e-01 1.110025882720947266e+01
7.080808080808080884e-01 1.287105941772460938e+01
7.149494949494950014e-01 1.443485069274902344e+01
7.218181818181818032e-01 1.496781921386718750e+01
7.286868686868687162e-01 1.507557106018066406e+01
7.355555555555555181e-01 1.557399272918701172e+01
7.424242424242424310e-01 1.597821235656738281e+01
7.492929292929293439e-01 1.526754951477050781e+01
7.561616161616161458e-01 1.361710643768310547e+01
7.630303030303030587e-01 1.212058353424072266e+01
7.698989898989898606e-01 1.157473754882812500e+01
7.767676767676767735e-01 1.261908340454101562e+01
7.836363636363636864e-01 1.568707275390625000e+01
7.905050505050504883e-01 1.989982223510742188e+01
7.973737373737374012e-01 2.328429985046386719e+01
8.042424242424242031e-01 2.474023056030273438e+01
8.111111111111111160e-01 2.481283950805664062e+01
8.179797979797980290e-01 2.490087318420410156e+01
8.248484848484848309e-01 2.645033264160156250e+01
8.317171717171717438e-01 2.977133941650390625e+01
8.385858585858585457e-01 3.329074478149414062e+01
8.454545454545454586e-01 3.511791610717773438e+01
8.523232323232323715e-01 3.553750991821289062e+01
8.591919191919191734e-01 3.636452865600585938e+01
8.660606060606059753e-01 3.877476119995117188e+01
8.729292929292928882e-01 4.278944778442382812e+01
8.797979797979798011e-01 4.751060485839843750e+01
8.866666666666666030e-01 5.115947723388671875e+01
8.935353535353535159e-01 5.190639877319335938e+01
9.004040404040403178e-01 5.000702667236328125e+01
9.072727272727272307e-01 4.863758850097656250e+01
9.141414141414141437e-01 5.104319381713867188e+01
9.210101010101010566e-01 5.649505233764648438e+01
9.278787878787878585e-01 6.093911361694335938e+01
9.347474747474746604e-01 6.182258605957031250e+01
9.416161616161615733e-01 6.013075256347656250e+01
9.484848484848484862e-01 5.826218032836914062e+01
9.553535353535352881e-01 5.879520034790039062e+01
9.622222222222222010e-01 6.382592391967773438e+01
9.690909090909090029e-01 7.268627929687500000e+01
9.759595959595959158e-01 8.256321716308593750e+01
9.828282828282828287e-01 9.039355468750000000e+01
9.896969696969696306e-01 9.393348693847656250e+01
9.965656565656564325e-01 9.141062164306640625e+01
1.003434343434343345e+00 8.363594818115234375e+01
1.010303030303030258e+00 7.463149261474609375e+01
1.017171717171717171e+00 6.879734802246093750e+01
1.024040404040404084e+00 6.719651794433593750e+01
1.030909090909090775e+00 6.863031005859375000e+01
1.037777777777777688e+00 7.128732299804687500e+01
1.044646464646464601e+00 7.235451507568359375e+01
1.051515151515151514e+00 6.937166595458984375e+01
1.058383838383838427e+00 6.251047515869140625e+01
1.065252525252525118e+00 5.567916488647460938e+01
1.072121212121212031e+00 5.372634124755859375e+01
1.078989898989898943e+00 5.746007156372070312e+01
1.085858585858585856e+00 6.201987838745117188e+01
1.092727272727272769e+00 6.223110198974609375e+01
1.099595959595959460e+00 5.864271163940429688e+01
1.106464646464646373e+00 5.566710662841796875e+01
1.113333333333333286e+00 5.493462371826171875e+01
1.120202020202020199e+00 5.403895950317382812e+01
1.127070707070707112e+00 5.058706665039062500e+01
1.133939393939393803e+00 4.493902969360351562e+01
1.140808080808080716e+00 3.941456985473632812e+01
1.147676767676767629e+00 3.591901397705078125e+01
1.154545454545454319e+00 3.466046142578125000e+01
1.161414141414141454e+00 3.488644409179687500e+01
1.168282828282828145e+00 3.646405792236328125e+01
1.175151515151515058e+00 3.849054718017578125e+01
1.182020202020201971e+00 3.834186172485351562e+01
1.188888888888888662e+00 3.465841293334960938e+01
1.195757575757575797e+00 2.907555007934570312e+01
1.202626262626262488e+00 2.376570320129394531e+01
1.209494949494949401e+00 1.932830047607421875e+01
1.216363636363636314e+00 1.637300872802734375e+01
1.223232323232323004e+00 1.583158588409423828e+01
1.230101010101010139e+00 1.746975135803222656e+01
1.236969696969696830e+00 1.961609268188476562e+01
1.243838383838383743e+00 2.019268989562988281e+01
1.250707070707070656e+00 1.850694465637207031e+01
1.257575757575757347e+00 1.603350257873535156e+01
1.264444444444444482e+00 1.449175357818603516e+01
1.271313131313131173e+00 1.364592361450195312e+01
1.278181818181818086e+00 1.239059448242187500e+01
1.285050505050504999e+00 1.053915023803710938e+01
1.291919191919191690e+00 8.487568855285644531e+00
1.298787878787878602e+00 6.797446250915527344e+00
1.305656565656565515e+00 5.907333374023437500e+00
1.312525252525252428e+00 5.411051750183105469e+00
1.319393939393939341e+00 4.536417961120605469e+00
1.326262626262626032e+00 3.446655750274658203e+00
1.333131313131312945e+00 2.960604190826416016e+00
1.339999999999999858e+00 3.203523397445678711e+00
