5.600000000000000533e-01 nan
5.688888888888888884e-01 nan
5.777777777777778345e-01 nan
5.866666666666666696e-01 nan
5.955555555555556158e-01 nan
6.044444444444444509e-01 nan
6.133333333333333970e-01 nan
6.222222222222222321e-01 nan
6.311111111111111782e-01 nan
6.400000000000000133e-01 nan
6.488888888888889594e-01 nan
6.577777777777777946e-01 nan
6.666666666666667407e-01 nan
6.755555555555555758e-01 nan
6.844444444444444109e-01 nan
6.933333333333333570e-01 nan
7.022222222222223031e-01 nan
7.111111111111111382e-01 nan
7.199999999999999734e-01 nan
7.288888888888889195e-01 nan
7.377777777777778656e-01 nan
7.466666666666667007e-01 nan
7.555555555555555358e-01 nan
7.644444444444444819e-01 nan
7.733333333333333171e-01 nan
7.822222222222222632e-01 nan
7.911111111111110983e-01 nan
8.000000000000000444e-01 nan
8.088888888888888795e-01 nan
8.177777777777777146e-01 nan
8.266666666666666607e-01 nan
8.355555555555556069e-01 nan
8.444444444444444420e-01 nan
8.533333333333332771e-01 nan
8.622222222222222232e-01 nan
8.711111111111111693e-01 nan
8.800000000000000044e-01 nan
8.888888888888888395e-01 nan
8.977777777777777857e-01 nan
9.066666666666667318e-01 nan
9.155555555555555669e-01 nan
9.244444444444444020e-01 nan
9.333333333333333481e-01 nan
9.422222222222221832e-01 nan
9.511111111111110183e-01 nan
9.599999999999999645e-01 nan
9.688888888888889106e-01 nan
9.777777777777777457e-01 nan
9.866666666666665808e-01 nan
9.955555555555555269e-01 nan
1.004444444444444473e+00 nan
1.013333333333333197e+00 nan
1.022222222222222143e+00 nan
1.031111111111111089e+00 nan
1.040000000000000036e+00 nan
1.048888888888888982e+00 nan
1.057777777777777706e+00 nan
1.066666666666666652e+00 nan
1.075555555555555376e+00 nan
1.084444444444444322e+00 nan
1.093333333333333268e+00 nan
1.102222222222222214e+00 nan
1.111111111111111160e+00 nan
1.120000000000000107e+00 nan
1.128888888888888831e+00 nan
1.137777777777777555e+00 nan
1.146666666666666501e+00 nan
1.155555555555555447e+00 nan
1.164444444444444393e+00 nan
1.173333333333333339e+00 nan
1.182222222222222285e+00 nan
1.191111111111111009e+00 nan
1.199999999999999956e+00 nan
1.208888888888888680e+00 nan
1.217777777777777626e+00 nan
1.226666666666666572e+00 nan
1.235555555555555518e+00 nan
1.244444444444444464e+00 nan
1.253333333333333410e+00 nan
1.262222222222222134e+00 nan
1.271111111111111081e+00 nan
1.279999999999999805e+00 nan
1.288888888888888751e+00 nan
1.297777777777777697e+00 nan
1.306666666666666643e+00 nan
1.315555555555555589e+00 nan
1.324444444444444313e+00 nan
1.333333333333333259e+00 nan
1.342222222222221983e+00 nan
1.351111111111110930e+00 nan
1.359999999999999876e+00 nan
1.368888888888888822e+00 nan
1.377777777777777768e+00 nan
1.386666666666666714e+00 nan
1.395555555555555438e+00 nan
1.404444444444444384e+00 nan
1.413333333333333108e+00 nan
1.422222222222222054e+00 nan
1.431111111111111001e+00 nan
1.439999999999999947e+00 nan
