7.000000000000000666e-01 2.459557056427001953e+00
7.060606060606061662e-01 1.958431720733642578e+00
7.121212121212121549e-01 2.256096601486206055e+00
7.181818181818182545e-01 1.813393592834472656e+00
7.242424242424243541e-01 1.561596274375915527e+00
7.303030303030303427e-01 1.960106849670410156e+00
7.363636363636364424e-01 1.795538425445556641e+00
7.424242424242425420e-01 2.532325983047485352e+00
7.484848484848485306e-01 3.334420919418334961e+00
7.545454545454546302e-01 2.888074874877929688e+00
7.606060606060607299e-01 4.021463394165039062e+00
7.666666666666667185e-01 5.841852188110351562e+00
7.727272727272728181e-01 7.500880241394042969e+00
7.787878787878788067e-01 1.160830783843994141e+01
7.848484848484849064e-01 1.471436595916748047e+01
7.909090909090910060e-01 1.535589885711669922e+01
7.969696969696969946e-01 1.712589836120605469e+01
8.030303030303030942e-01 1.683615303039550781e+01
8.090909090909091939e-01 1.533586597442626953e+01
8.151515151515151825e-01 1.769717025756835938e+01
8.212121212121212821e-01 1.975109100341796875e+01
8.272727272727273817e-01 2.179214859008789062e+01
8.333333333333333703e-01 2.898441314697265625e+01
8.393939393939394700e-01 3.315975952148437500e+01
8.454545454545454586e-01 3.259114837646484375e+01
8.515151515151515582e-01 3.426634597778320312e+01
8.575757575757576578e-01 3.323987197875976562e+01
8.636363636363637575e-01 3.123840713500976562e+01
8.696969696969697461e-01 3.689772796630859375e+01
8.757575757575758457e-01 4.046589279174804688e+01
8.818181818181818343e-01 3.941197204589843750e+01
8.878787878787879340e-01 4.337793731689453125e+01
8.939393939393940336e-01 4.623208618164062500e+01
9.000000000000001332e-01 4.626911163330078125e+01
9.060606060606061218e-01 5.622102355957031250e+01
9.121212121212122215e-01 6.539423370361328125e+01
9.181818181818182101e-01 6.457437896728515625e+01
9.242424242424243097e-01 7.289084625244140625e+01
9.303030303030304093e-01 8.153650665283203125e+01
9.363636363636363980e-01 7.854228210449218750e+01
9.424242424242424976e-01 8.603527069091796875e+01
9.484848484848484862e-01 9.890954589843750000e+01
9.545454545454545858e-01 8.960601043701171875e+01
9.606060606060606855e-01 8.790015411376953125e+01
9.666666666666667851e-01 1.009327468872070312e+02
9.727272727272727737e-01 8.716213989257812500e+01
9.787878787878788733e-01 8.107942199707031250e+01
9.848484848484848619e-01 1.262796401977539062e+02
9.909090909090909616e-01 1.439006347656250000e+02
9.969696969696970612e-01 9.729095458984375000e+01
1.003030303030303161e+00 9.530042266845703125e+01
1.009090909090909260e+00 1.457331085205078125e+02
1.015151515151515138e+00 1.345963745117187500e+02
1.021212121212121238e+00 9.222845458984375000e+01
1.027272727272727337e+00 1.029282150268554688e+02
1.033333333333333437e+00 1.116827468872070312e+02
1.039393939393939537e+00 9.096743774414062500e+01
1.045454545454545414e+00 8.583053588867187500e+01
1.051515151515151514e+00 9.173384094238281250e+01
1.057575757575757613e+00 7.812355804443359375e+01
1.063636363636363713e+00 7.054125976562500000e+01
1.069696969696969813e+00 7.513687896728515625e+01
1.075757575757575690e+00 6.847265625000000000e+01
1.081818181818182012e+00 6.195241165161132812e+01
1.087878787878787890e+00 6.685120391845703125e+01
1.093939393939393989e+00 6.279421234130859375e+01
1.100000000000000089e+00 5.690059280395507812e+01
1.106060606060606188e+00 5.750485229492187500e+01
1.112121212121212288e+00 5.071389007568359375e+01
1.118181818181818166e+00 4.195581817626953125e+01
1.124242424242424265e+00 4.054870223999023438e+01
1.130303030303030365e+00 3.544463348388671875e+01
1.136363636363636465e+00 2.900546264648437500e+01
1.142424242424242564e+00 3.072722816467285156e+01
1.148484848484848442e+00 3.029298973083496094e+01
1.154545454545454541e+00 2.761257743835449219e+01
1.160606060606060641e+00 2.854432106018066406e+01
1.166666666666666741e+00 2.663927459716796875e+01
1.172727272727272840e+00 2.290606689453125000e+01
1.178787878787878718e+00 2.372999572753906250e+01
1.184848484848485040e+00 2.183883476257324219e+01
1.190909090909090917e+00 1.664191246032714844e+01
1.196969696969697017e+00 1.463892173767089844e+01
1.203030303030303116e+00 1.193862819671630859e+01
1.209090909090908994e+00 9.024399757385253906e+00
1.215151515151515316e+00 9.272192001342773438e+00
1.221212121212121193e+00 7.846172332763671875e+00
1.227272727272727293e+00 5.825516223907470703e+00
1.233333333333333393e+00 5.822333335876464844e+00
1.239393939393939492e+00 4.055841445922851562e+00
1.245454545454545592e+00 2.508155345916748047e+00
1.251515151515151469e+00 3.211649417877197266e+00
1.257575757575757791e+00 2.573541402816772461e+00
1.263636363636363669e+00 2.334457635879516602e+00
1.269696969696969768e+00 2.736041307449340820e+00
1.275757575757575868e+00 1.885414958000183105e+00
1.281818181818181746e+00 2.068006992340087891e+00
1.287878787878788067e+00 2.380020141601562500e+00
1.293939393939393945e+00 1.608075857162475586e+00
1.300000000000000044e+00 1.638485670089721680e+00
