5.600000000000000533e-01 6.215105836351837302e+23
5.688888888888888884e-01 8.144708765207775087e+23
5.777777777777778345e-01 4.622759829479136669e+23
5.866666666666666696e-01 2.408472658818078668e+23
5.955555555555556158e-01 8.130689960287696207e+23
6.044444444444444509e-01 8.117332644080885506e+23
6.133333333333333970e-01 1.881044757385658908e+23
6.222222222222222321e-01 6.156865285970682047e+23
6.311111111111111782e-01 9.649607117107927135e+23
6.400000000000000133e-01 5.388567762787904153e+23
6.488888888888889594e-01 3.564614597446465739e+23
6.577777777777777946e-01 9.846931073773269754e+23
6.666666666666667407e-01 7.811992192224867773e+23
6.755555555555555758e-01 1.202337251518169743e+23
6.844444444444444109e-01 9.440799341680759941e+23
6.933333333333333570e-01 9.321007915048347023e+23
7.022222222222223031e-01 5.565711449810969769e+22
7.111111111111111382e-01 8.975914009137544828e+23
7.199999999999999734e-01 1.020240919956087774e+24
7.288888888888889195e-01 1.611056661884574095e+23
7.377777777777778656e-01 8.748591034922332051e+23
7.466666666666667007e-01 1.067839212216187414e+24
7.555555555555555358e-01 1.974545070113408344e+23
7.644444444444444819e-01 8.880029851055035641e+23
7.733333333333333171e-01 1.085998662662467747e+24
7.822222222222222632e-01 1.690670935809259534e+23
7.911111111111110983e-01 9.362657924978209750e+23
8.000000000000000444e-01 1.075384795233463076e+24
8.088888888888888795e-01 8.084177503912154104e+22
8.177777777777777146e-01 1.009939350139643483e+24
8.266666666666666607e-01 1.029207766958167527e+24
8.355555555555556069e-01 6.056914107208679660e+22
8.444444444444444420e-01 1.092166288308956113e+24
8.533333333333332771e-01 9.386648059761257097e+23
8.622222222222222232e-01 2.448858958692501233e+23
8.711111111111111693e-01 1.162997822384328705e+24
8.800000000000000044e-01 7.965943241886900809e+23
8.888888888888888395e-01 4.562632811286068462e+23
8.977777777777777857e-01 1.201342550475671677e+24
9.066666666666667318e-01 6.010007585865742638e+23
9.155555555555555669e-01 6.738535802323047725e+23
9.244444444444444020e-01 1.187736347339053972e+24
9.333333333333333481e-01 3.586552171663342709e+23
9.422222222222221832e-01 8.732540926426323983e+23
9.511111111111110183e-01 1.109863921635047365e+24
9.599999999999999645e-01 8.522250746145811517e+22
9.688888888888889106e-01 1.030238694956068162e+24
9.777777777777777457e-01 9.662852744043979048e+23
9.866666666666665808e-01 1.969922395311890172e+23
9.955555555555555269e-01 1.126174518333502543e+24
1.004444444444444473e+00 7.646504721757362475e+23
1.013333333333333197e+00 4.626053582102610355e+23
1.022222222222222143e+00 1.150687863306859286e+24
1.031111111111111089e+00 5.241752576663447121e+23
1.040000000000000036e+00 6.884843702985477744e+23
1.048888888888888982e+00 1.105353260363461152e+24
1.057777777777777706e+00 2.682693777680921558e+23
1.066666666666666652e+00 8.583280105560219677e+23
1.075555555555555376e+00 1.002737553903522775e+24
1.084444444444444322e+00 2.181282675899862142e+22
1.093333333333333268e+00 9.654464519522023857e+23
1.102222222222222214e+00 8.611784648609743210e+23
1.111111111111111160e+00 1.943889067449897378e+23
1.120000000000000107e+00 1.013865552265988062e+24
1.128888888888888831e+00 7.039198275174123176e+23
1.137777777777777555e+00 3.663423573270974421e+23
1.146666666666666501e+00 1.014238666487916453e+24
1.155555555555555447e+00 5.530535634561429773e+23
1.164444444444444393e+00 4.880788345953761488e+23
1.173333333333333339e+00 9.825199223987371067e+23
1.182222222222222285e+00 4.260881548189079920e+23
1.191111111111111009e+00 5.597589549269363993e+23
1.199999999999999956e+00 9.344968506217838821e+23
1.208888888888888680e+00 3.357721752580856480e+23
1.217777777777777626e+00 5.856622548604877527e+23
1.226666666666666572e+00 8.842408581207833465e+23
1.235555555555555518e+00 2.888981699044582411e+23
1.244444444444444464e+00 5.697497043114980886e+23
1.253333333333333410e+00 8.387688413455548846e+23
1.262222222222222134e+00 2.876460791360566958e+23
1.271111111111111081e+00 5.146783910313189809e+23
1.279999999999999805e+00 7.984737303563873173e+23
1.288888888888888751e+00 3.294355745535783411e+23
1.297777777777777697e+00 4.182415151737418673e+23
1.306666666666666643e+00 7.537579580305869090e+23
1.315555555555555589e+00 4.056690863099892958e+23
1.324444444444444313e+00 2.765774562310786615e+23
1.333333333333333259e+00 6.854032596350800138e+23
1.342222222222221983e+00 4.971495165904645553e+23
1.351111111111110930e+00 8.775235050893796285e+22
1.359999999999999876e+00 5.659834700439177092e+23
1.368888888888888822e+00 5.687357458769933857e+23
1.377777777777777768e+00 1.351498182544538972e+23
1.386666666666666714e+00 3.692259581253072422e+23
1.395555555555555438e+00 5.677085648739827230e+23
1.404444444444444384e+00 3.483216537781371394e+23
1.413333333333333108e+00 9.342935401202058684e+22
1.422222222222222054e+00 4.359287722062916585e+23
1.431111111111111001e+00 4.669282373917844083e+23
1.439999999999999947e+00 2.034992924743930426e+23
