7.399999999999999911e-01 7.291112158469559290e-11
7.452525252525252775e-01 9.926859334541404678e-10
7.505050505050504528e-01 1.025683271649313610e-08
7.557575757575757391e-01 8.042663779406211688e-08
7.610101010101010255e-01 4.786069780493562575e-07
7.662626262626262008e-01 2.161601742045604624e-06
7.715151515151514872e-01 7.411006208712933585e-06
7.767676767676767735e-01 1.930137295858003199e-05
7.820202020202020599e-01 3.827972250292077661e-05
7.872727272727272352e-01 5.830104055348783731e-05
7.925252525252525215e-01 7.012978312559425831e-05
7.977777777777778079e-01 7.238760736072435975e-05
8.030303030303029832e-01 7.607713632751256227e-05
8.082828282828282696e-01 9.398612019140273333e-05
8.135353535353535559e-01 1.307168859057128429e-04
8.187878787878787312e-01 1.884677330963313580e-04
8.240404040404040176e-01 2.730800770223140717e-04
8.292929292929293039e-01 3.816674579866230488e-04
8.345454545454544792e-01 4.928850103169679642e-04
8.397979797979797656e-01 5.930900224484503269e-04
8.450505050505050519e-01 7.279087440110743046e-04
8.503030303030303383e-01 1.027883961796760559e-03
8.555555555555555136e-01 1.649863901548087597e-03
8.608080808080808000e-01 2.632311545312404633e-03
8.660606060606060863e-01 3.812005743384361267e-03
8.713131313131312616e-01 4.977709148079156876e-03
8.765656565656565480e-01 6.140101235359907150e-03
8.818181818181818343e-01 7.598086260259151459e-03
8.870707070707071207e-01 9.773157536983489990e-03
8.923232323232322960e-01 1.302799303084611893e-02
8.975757575757575824e-01 1.751551218330860138e-02
9.028282828282827577e-01 2.307089976966381073e-02
9.080808080808080440e-01 2.935006655752658844e-02
9.133333333333333304e-01 3.628614172339439392e-02
9.185858585858586167e-01 4.458554461598396301e-02
9.238383838383837920e-01 5.576562508940696716e-02
9.290909090909090784e-01 7.131226360797882080e-02
9.343434343434343647e-01 9.141134470701217651e-02
9.395959595959595401e-01 1.144796758890151978e-01
9.448484848484848264e-01 1.376653760671615601e-01
9.501010101010101128e-01 1.575245857238769531e-01
9.553535353535353991e-01 1.712095737457275391e-01
9.606060606060605744e-01 1.782611012458801270e-01
9.658585858585858608e-01 1.807396560907363892e-01
9.711111111111110361e-01 1.807277500629425049e-01
9.763636363636363225e-01 1.784776896238327026e-01
9.816161616161616088e-01 1.737072914838790894e-01
9.868686868686868952e-01 1.675516813993453979e-01
9.921212121212121815e-01 1.621246337890625000e-01
9.973737373737373568e-01 1.588397771120071411e-01
1.002626262626262754e+00 1.580753326416015625e-01
1.007878787878787818e+00 1.599960625171661377e-01
1.013131313131313105e+00 1.645483225584030151e-01
1.018383838383838391e+00 1.703548282384872437e-01
1.023636363636363678e+00 1.747960299253463745e-01
1.028888888888888964e+00 1.764622479677200317e-01
1.034141414141414028e+00 1.768164932727813721e-01
1.039393939393939315e+00 1.776086688041687012e-01
1.044646464646464601e+00 1.766946762800216675e-01
1.049898989898989887e+00 1.684925109148025513e-01
1.055151515151515174e+00 1.496846526861190796e-01
1.060404040404040460e+00 1.233091503381729126e-01
1.065656565656565746e+00 9.618505090475082397e-02
1.070909090909090811e+00 7.331041991710662842e-02
1.076161616161616097e+00 5.574966222047805786e-02
1.081414141414141383e+00 4.256181418895721436e-02
1.086666666666666670e+00 3.278611600399017334e-02
1.091919191919191956e+00 2.567856013774871826e-02
1.097171717171717242e+00 2.041689306497573853e-02
1.102424242424242529e+00 1.623248867690563202e-02
1.107676767676767593e+00 1.268465537577867508e-02
1.112929292929292879e+00 9.661784395575523376e-03
1.118181818181818166e+00 7.178715895861387253e-03
1.123434343434343452e+00 5.227821879088878632e-03
1.128686868686868738e+00 3.748536109924316406e-03
1.133939393939393803e+00 2.650356385856866837e-03
1.139191919191919311e+00 1.848798478022217751e-03
1.144444444444444375e+00 1.276489230804145336e-03
1.149696969696969662e+00 8.709037210792303085e-04
1.154949494949494948e+00 5.826000706292688847e-04
1.160202020202020234e+00 3.891169617418199778e-04
1.165454545454545521e+00 2.810188743751496077e-04
1.170707070707070585e+00 2.419333177385851741e-04
1.175959595959595871e+00 2.444868441671133041e-04
1.181212121212121158e+00 2.560561988502740860e-04
1.186464646464646444e+00 2.504654403310269117e-04
1.191717171717171730e+00 2.195866400143131614e-04
1.196969696969697017e+00 1.718967687338590622e-04
1.202222222222222303e+00 1.200493570649996400e-04
1.207474747474747367e+00 7.326994818868115544e-05
1.212727272727272654e+00 3.762739288504235446e-05
1.217979797979797940e+00 1.564855301694478840e-05
1.223232323232323226e+00 5.124894869368290529e-06
1.228484848484848513e+00 1.299335053772665560e-06
1.233737373737373799e+00 2.526201399177807616e-07
1.238989898989899086e+00 3.747522825392479717e-08
1.244242424242424150e+00 4.230742867150638631e-09
1.249494949494949436e+00 3.629945233285525319e-10
1.254747474747474723e+00 2.365334143827890756e-11
1.260000000000000009e+00 1.170139506123657469e-12
