6.800000000000000488e-01 5.328539062500000000e+03
6.864646464646465551e-01 7.248788574218750000e+03
6.929292929292929504e-01 6.325380859375000000e+03
6.993939393939394567e-01 5.265294921875000000e+03
7.058585858585858519e-01 8.551399414062500000e+03
7.123232323232323582e-01 1.011359765625000000e+04
7.187878787878788645e-01 7.517146484375000000e+03
7.252525252525252597e-01 9.115191406250000000e+03
7.317171717171717660e-01 1.313497558593750000e+04
7.381818181818182723e-01 1.162062792968750000e+04
7.446464646464646675e-01 1.038948925781250000e+04
7.511111111111111738e-01 1.555300585937500000e+04
7.575757575757575690e-01 1.601740625000000000e+04
7.640404040404040753e-01 1.263487207031250000e+04
7.705050505050505816e-01 1.800846289062500000e+04
7.769696969696969768e-01 2.085920117187500000e+04
7.834343434343434831e-01 1.633741406250000000e+04
7.898989898989898784e-01 2.126081835937500000e+04
7.963636363636363846e-01 2.544153320312500000e+04
8.028282828282828909e-01 2.039643164062500000e+04
8.092929292929292862e-01 2.493141015625000000e+04
8.157575757575757924e-01 3.106746875000000000e+04
8.222222222222221877e-01 2.614676757812500000e+04
8.286868686868686940e-01 3.057059570312500000e+04
8.351515151515152002e-01 3.742476171875000000e+04
8.416161616161615955e-01 3.148590625000000000e+04
8.480808080808081018e-01 3.737260937500000000e+04
8.545454545454544970e-01 4.482381250000000000e+04
8.610101010101010033e-01 3.924044140625000000e+04
8.674747474747475096e-01 4.660884765625000000e+04
8.739393939393939048e-01 5.207091406250000000e+04
8.804040404040404111e-01 4.825457031250000000e+04
8.868686868686868063e-01 5.816287890625000000e+04
8.933333333333333126e-01 6.297731640625000000e+04
8.997979797979798189e-01 6.042082812500000000e+04
9.062626262626262141e-01 7.456007812500000000e+04
9.127272727272727204e-01 7.730589843750000000e+04
9.191919191919191157e-01 7.791360156250000000e+04
9.256565656565656219e-01 9.557936718750000000e+04
9.321212121212121282e-01 9.614415625000000000e+04
9.385858585858586345e-01 1.051811796875000000e+05
9.450505050505050297e-01 1.231999921875000000e+05
9.515151515151514250e-01 1.256584531250000000e+05
9.579797979797979313e-01 1.443008593750000000e+05
9.644444444444444375e-01 1.631930781250000000e+05
9.709090909090909438e-01 1.718396718750000000e+05
9.773737373737373391e-01 1.962787031250000000e+05
9.838383838383837343e-01 2.049081562500000000e+05
9.903030303030302406e-01 2.182165000000000000e+05
9.967676767676767469e-01 2.305027968750000000e+05
1.003232323232323253e+00 2.169746406250000000e+05
1.009696969696969759e+00 2.225712812500000000e+05
1.016161616161616044e+00 2.060604218750000000e+05
1.022626262626262550e+00 1.894831093750000000e+05
1.029090909090909056e+00 1.813528593750000000e+05
1.035555555555555562e+00 1.555352500000000000e+05
1.042020202020201847e+00 1.455848750000000000e+05
1.048484848484848353e+00 1.374070468750000000e+05
1.054949494949494859e+00 1.125057890625000000e+05
1.061414141414141366e+00 1.114990781250000000e+05
1.067878787878787872e+00 1.008946328125000000e+05
1.074343434343434378e+00 8.505404687500000000e+04
1.080808080808080884e+00 8.947739062500000000e+04
1.087272727272727169e+00 7.654789843750000000e+04
1.093737373737373675e+00 6.700159375000000000e+04
1.100202020202020181e+00 7.181157031250000000e+04
1.106666666666666465e+00 5.907790234375000000e+04
1.113131313131312972e+00 5.572880078125000000e+04
1.119595959595959478e+00 5.807557812500000000e+04
1.126060606060605984e+00 4.565254687500000000e+04
1.132525252525252490e+00 4.610730078125000000e+04
1.138989898989898997e+00 4.851685546875000000e+04
1.145454545454545503e+00 3.693536718750000000e+04
1.151919191919191787e+00 3.987790625000000000e+04
1.158383838383838293e+00 3.944030859375000000e+04
1.164848484848484800e+00 2.942600195312500000e+04
1.171313131313131306e+00 3.300858593750000000e+04
1.177777777777777590e+00 3.248963867187500000e+04
1.184242424242424097e+00 2.407199609375000000e+04
1.190707070707070603e+00 2.735560742187500000e+04
1.197171717171717109e+00 2.693151953125000000e+04
1.203636363636363615e+00 1.907671093750000000e+04
1.210101010101010122e+00 2.217904492187500000e+04
1.216565656565656628e+00 2.256467382812500000e+04
1.223030303030302912e+00 1.589815039062500000e+04
1.229494949494949418e+00 1.759315820312500000e+04
1.235959595959595703e+00 1.933557031250000000e+04
1.242424242424242209e+00 1.326851953125000000e+04
1.248888888888888715e+00 1.289892871093750000e+04
1.255353535353535221e+00 1.591754882812500000e+04
1.261818181818181728e+00 1.188356933593750000e+04
1.268282828282828234e+00 9.096002929687500000e+03
1.274747474747474740e+00 1.222405859375000000e+04
1.281212121212121247e+00 1.081034765625000000e+04
1.287676767676767531e+00 6.672916992187500000e+03
1.294141414141414037e+00 8.234742187500000000e+03
1.300606060606060321e+00 9.262920898437500000e+03
1.307070707070706828e+00 6.347370605468750000e+03
1.313535353535353334e+00 4.794524414062500000e+03
1.319999999999999840e+00 6.449636230468750000e+03
