8.000000000000000444e-01 0.000000000000000000e+00
8.040404040404041108e-01 0.000000000000000000e+00
8.080808080808081773e-01 8.407790785948902426e-45
8.121212121212121327e-01 2.097743801094251155e-42
8.161616161616161991e-01 5.129144742998841428e-40
8.202020202020202655e-01 1.065344892670465251e-37
8.242424242424243319e-01 1.879476422283936017e-35
8.282828282828282873e-01 2.816343405248102195e-33
8.323232323232323537e-01 3.584563758143251421e-31
8.363636363636364202e-01 3.875154613304942945e-29
8.404040404040404866e-01 3.558309646650969217e-27
8.444444444444444420e-01 2.775239535142103622e-25
8.484848484848485084e-01 1.838481518156820549e-23
8.525252525252525748e-01 1.034474982115657417e-21
8.565656565656566412e-01 4.944048827706643057e-20
8.606060606060605966e-01 2.007000934741752481e-18
8.646464646464646631e-01 6.920132124125545625e-17
8.686868686868687295e-01 2.026670745423420419e-15
8.727272727272727959e-01 5.041433375906241576e-14
8.767676767676767513e-01 1.065189494768581380e-12
8.808080808080808177e-01 1.911620688133108814e-11
8.848484848484848841e-01 2.913926322456461548e-10
8.888888888888889506e-01 3.772745227337281904e-09
8.929292929292929060e-01 4.148951759930241678e-08
8.969696969696969724e-01 3.875442757816927042e-07
9.010101010101010388e-01 3.074724645557580516e-06
9.050505050505051052e-01 2.072016286547295749e-05
9.090909090909091717e-01 1.185992805403657258e-04
9.131313131313131271e-01 5.765979294665157795e-04
9.171717171717171935e-01 2.381036290898919106e-03
9.212121212121212599e-01 8.351434022188186646e-03
9.252525252525252153e-01 2.488043531775474548e-02
9.292929292929292817e-01 6.295888870954513550e-02
9.333333333333333481e-01 1.353189200162887573e-01
9.373737373737374146e-01 2.470389008522033691e-01
9.414141414141414810e-01 3.830911517143249512e-01
9.454545454545454364e-01 5.048496723175048828e-01
9.494949494949495028e-01 5.672772526741027832e-01
9.535353535353535692e-01 5.564812421798706055e-01
9.575757575757575246e-01 5.496938824653625488e-01
9.616161616161615910e-01 8.951749205589294434e-01
9.656565656565656575e-01 2.867696046829223633e+00
9.696969696969697239e-01 1.016701316833496094e+01
9.737373737373737903e-01 3.173932075500488281e+01
9.777777777777777457e-01 8.449059295654296875e+01
9.818181818181818121e-01 1.911109313964843750e+02
9.858585858585858785e-01 3.671785583496093750e+02
9.898989898989898339e-01 5.991995239257812500e+02
9.939393939393939004e-01 8.305532226562500000e+02
9.979797979797979668e-01 9.778347167968750000e+02
1.002020202020202033e+00 9.778347167968750000e+02
1.006060606060606100e+00 8.305532226562500000e+02
1.010101010101010166e+00 5.991995239257812500e+02
1.014141414141414232e+00 3.671785583496093750e+02
1.018181818181818077e+00 1.911109313964843750e+02
1.022222222222222143e+00 8.449059295654296875e+01
1.026262626262626210e+00 3.173932075500488281e+01
1.030303030303030276e+00 1.016701316833496094e+01
1.034343434343434343e+00 2.867696046829223633e+00
1.038383838383838409e+00 8.951749205589294434e-01
1.042424242424242475e+00 5.496938824653625488e-01
1.046464646464646542e+00 5.564812421798706055e-01
1.050505050505050608e+00 5.672772526741027832e-01
1.054545454545454453e+00 5.048496723175048828e-01
1.058585858585858519e+00 3.830911517143249512e-01
1.062626262626262585e+00 2.470389008522033691e-01
1.066666666666666652e+00 1.353189200162887573e-01
1.070707070707070718e+00 6.295888870954513550e-02
1.074747474747474785e+00 2.488043531775474548e-02
1.078787878787878851e+00 8.351434022188186646e-03
1.082828282828282696e+00 2.381036290898919106e-03
1.086868686868686762e+00 5.765979294665157795e-04
1.090909090909090828e+00 1.185992805403657258e-04
1.094949494949494895e+00 2.072016286547295749e-05
1.098989898989898961e+00 3.074724645557580516e-06
1.103030303030303028e+00 3.875442757816927042e-07
1.107070707070707094e+00 4.148951759930241678e-08
1.111111111111111160e+00 3.772745227337281904e-09
1.115151515151515227e+00 2.913926322456461548e-10
1.119191919191919293e+00 1.911620688133108814e-11
1.123232323232323138e+00 1.065189494768581380e-12
1.127272727272727204e+00 5.041433375906241576e-14
1.131313131313131271e+00 2.026670745423420419e-15
1.135353535353535337e+00 6.920132124125545625e-17
1.139393939393939403e+00 2.007000934741752481e-18
1.143434343434343470e+00 4.944048827706643057e-20
1.147474747474747314e+00 1.034474982115657417e-21
1.151515151515151381e+00 1.838481518156820549e-23
1.155555555555555447e+00 2.775239535142103622e-25
1.159595959595959513e+00 3.558309646650969217e-27
1.163636363636363580e+00 3.875154613304942945e-29
1.167676767676767646e+00 3.584563758143251421e-31
1.171717171717171713e+00 2.816343405248102195e-33
1.175757575757575779e+00 1.879476422283936017e-35
1.179797979797979846e+00 1.065344892670465251e-37
1.183838383838383912e+00 5.129144742998841428e-40
1.187878787878787978e+00 2.097743801094251155e-42
1.191919191919191823e+00 8.407790785948902426e-45
1.195959595959595889e+00 0.000000000000000000e+00
1.199999999999999956e+00 0.000000000000000000e+00
