8.000000000000000444e-01 1.010893359780311584e-01
8.040404040404041108e-01 8.850920200347900391e-02
8.080808080808081773e-01 1.225810125470161438e-01
8.121212121212121327e-01 1.939397603273391724e-01
8.161616161616161991e-01 1.908701062202453613e-01
8.202020202020202655e-01 1.953325420618057251e-01
8.242424242424243319e-01 3.143760561943054199e-01
8.282828282828282873e-01 3.707379400730133057e-01
8.323232323232323537e-01 3.287843167781829834e-01
8.363636363636364202e-01 4.981743991374969482e-01
8.404040404040404866e-01 6.117368936538696289e-01
8.444444444444444420e-01 5.730710029602050781e-01
8.484848484848485084e-01 7.399174571037292480e-01
8.525252525252525748e-01 1.025503993034362793e+00
8.565656565656566412e-01 9.284361004829406738e-01
8.606060606060605966e-01 1.105666518211364746e+00
8.646464646464646631e-01 1.550175786018371582e+00
8.686868686868687295e-01 1.377806186676025391e+00
8.727272727272727959e-01 1.752095103263854980e+00
8.767676767676767513e-01 2.291220903396606445e+00
8.808080808080808177e-01 2.217438936233520508e+00
8.848484848484848841e-01 2.589538097381591797e+00
8.888888888888889506e-01 3.271046638488769531e+00
8.929292929292929060e-01 3.209282159805297852e+00
8.969696969696969724e-01 3.976499557495117188e+00
9.010101010101010388e-01 4.722930908203125000e+00
9.050505050505051052e-01 4.708338260650634766e+00
9.090909090909091717e-01 6.143790721893310547e+00
9.131313131313131271e-01 7.112651348114013672e+00
9.171717171717171935e-01 7.378119468688964844e+00
9.212121212121212599e-01 9.313694000244140625e+00
9.252525252525252153e-01 1.070803546905517578e+01
9.292929292929292817e-01 1.110916328430175781e+01
9.333333333333333481e-01 1.317481422424316406e+01
9.373737373737374146e-01 2.275166893005371094e+01
9.414141414141414810e-01 5.052870941162109375e+01
9.454545454545454364e-01 1.003377914428710938e+02
9.494949494949495028e-01 1.739331054687500000e+02
9.535353535353535692e-01 2.610765380859375000e+02
9.575757575757575246e-01 3.616358947753906250e+02
9.616161616161615910e-01 4.038630371093750000e+02
9.656565656565656575e-01 4.245162048339843750e+02
9.696969696969697239e-01 3.828090820312500000e+02
9.737373737373737903e-01 2.860132446289062500e+02
9.777777777777777457e-01 2.272585601806640625e+02
9.818181818181818121e-01 3.282897338867187500e+02
9.858585858585858785e-01 3.650213317871093750e+02
9.898989898989898339e-01 5.691656494140625000e+02
9.939393939393939004e-01 8.655371093750000000e+02
9.979797979797979668e-01 9.617595214843750000e+02
1.002020202020202033e+00 9.613375854492187500e+02
1.006060606060606100e+00 8.651549072265625000e+02
1.010101010101010166e+00 5.684055175781250000e+02
1.014141414141414232e+00 3.643955383300781250e+02
1.018181818181818077e+00 3.306311645507812500e+02
1.022222222222222143e+00 2.351623840332031250e+02
1.026262626262626210e+00 2.806236267089843750e+02
1.030303030303030276e+00 3.838851013183593750e+02
1.034343434343434343e+00 4.148225097656250000e+02
1.038383838383838409e+00 3.968819274902343750e+02
1.042424242424242475e+00 3.468085632324218750e+02
1.046464646464646542e+00 2.625147399902343750e+02
1.050505050505050608e+00 1.767077026367187500e+02
1.054545454545454453e+00 1.023287048339843750e+02
1.058585858585858519e+00 4.900957489013671875e+01
1.062626262626262585e+00 2.320992279052734375e+01
1.066666666666666652e+00 1.329454421997070312e+01
1.070707070707070718e+00 1.097332382202148438e+01
1.074747474747474785e+00 1.097908401489257812e+01
1.078787878787878851e+00 9.469022750854492188e+00
1.082828282828282696e+00 7.274952411651611328e+00
1.086868686868686762e+00 7.367334842681884766e+00
1.090909090909090828e+00 6.054544925689697266e+00
1.094949494949494895e+00 4.919590473175048828e+00
1.098989898989898961e+00 4.711984157562255859e+00
1.103030303030303028e+00 3.938655853271484375e+00
1.107070707070707094e+00 3.361741781234741211e+00
1.111111111111111160e+00 3.288980722427368164e+00
1.115151515151515227e+00 2.483384132385253906e+00
1.119191919191919293e+00 2.273374557495117188e+00
1.123232323232323138e+00 2.231656789779663086e+00
1.127272727272727204e+00 1.623015522956848145e+00
1.131313131313131271e+00 1.431453466415405273e+00
1.135353535353535337e+00 1.537618398666381836e+00
1.139393939393939403e+00 1.134330034255981445e+00
1.143434343434343470e+00 9.340286850929260254e-01
1.147474747474747314e+00 1.027709484100341797e+00
1.151515151515151381e+00 7.480697631835937500e-01
1.155555555555555447e+00 5.719001293182373047e-01
1.159595959595959513e+00 6.132434606552124023e-01
1.163636363636363580e+00 4.892281293869018555e-01
1.167676767676767646e+00 3.099488615989685059e-01
1.171717171717171713e+00 3.751184940338134766e-01
1.175757575757575779e+00 3.177079260349273682e-01
1.179797979797979846e+00 1.925606429576873779e-01
1.183838383838383912e+00 1.956855952739715576e-01
1.187878787878787978e+00 1.926005035638809204e-01
1.191919191919191823e+00 1.219324842095375061e-01
1.195959595959595889e+00 9.214190393686294556e-02
1.199999999999999956e+00 1.012845113873481750e-01
