5.000000000000000000e-01 6.241393066406250000e+03
5.101010101010100550e-01 5.633828613281250000e+03
5.202020202020202211e-01 6.435825683593750000e+03
5.303030303030302761e-01 7.496034667968750000e+03
5.404040404040404422e-01 9.902670898437500000e+03
5.505050505050504972e-01 1.096113378906250000e+04
5.606060606060605522e-01 1.458441406250000000e+04
5.707070707070707183e-01 1.825901953125000000e+04
5.808080808080807733e-01 1.965757617187500000e+04
5.909090909090909394e-01 2.274702929687500000e+04
6.010101010101009944e-01 2.441293164062500000e+04
6.111111111111111605e-01 2.786654687500000000e+04
6.212121212121212155e-01 2.278399023437500000e+04
6.313131313131312705e-01 2.403998046875000000e+04
6.414141414141414366e-01 2.122870703125000000e+04
6.515151515151514916e-01 1.710135351562500000e+04
6.616161616161616577e-01 1.327802636718750000e+04
6.717171717171717127e-01 9.366899414062500000e+03
6.818181818181818787e-01 3.991322509765625000e+03
6.919191919191919338e-01 7.871049804687500000e+03
7.020202020202019888e-01 1.504320605468750000e+04
7.121212121212121549e-01 2.242431054687500000e+04
7.222222222222222099e-01 3.048692382812500000e+04
7.323232323232323759e-01 3.211635937500000000e+04
7.424242424242424310e-01 3.622484765625000000e+04
7.525252525252525970e-01 3.947351562500000000e+04
7.626262626262626521e-01 3.937195312500000000e+04
7.727272727272727071e-01 3.891646093750000000e+04
7.828282828282828731e-01 3.533233593750000000e+04
7.929292929292929282e-01 3.372247656250000000e+04
8.030303030303029832e-01 3.085993164062500000e+04
8.131313131313131493e-01 3.059883007812500000e+04
8.232323232323233153e-01 2.331057031250000000e+04
8.333333333333333703e-01 2.457269335937500000e+04
8.434343434343434254e-01 2.202819921875000000e+04
8.535353535353535914e-01 2.190084570312500000e+04
8.636363636363636465e-01 2.222597656250000000e+04
8.737373737373737015e-01 2.313606054687500000e+04
8.838383838383838675e-01 2.849407617187500000e+04
8.939393939393940336e-01 3.022095703125000000e+04
9.040404040404040886e-01 3.216728906250000000e+04
9.141414141414141437e-01 4.319571093750000000e+04
9.242424242424243097e-01 4.162895312500000000e+04
9.343434343434343647e-01 5.009089843750000000e+04
9.444444444444444198e-01 5.044903906250000000e+04
9.545454545454545858e-01 5.063785937500000000e+04
9.646464646464647519e-01 4.792918359375000000e+04
9.747474747474748069e-01 5.713138671875000000e+04
9.848484848484848619e-01 5.191655468750000000e+04
9.949494949494950280e-01 5.428950390625000000e+04
1.005050505050505194e+00 5.723741796875000000e+04
1.015151515151515138e+00 5.289739062500000000e+04
1.025252525252525304e+00 5.119405468750000000e+04
1.035353535353535470e+00 3.817311718750000000e+04
1.045454545454545414e+00 3.786757421875000000e+04
1.055555555555555580e+00 3.013500000000000000e+04
1.065656565656565746e+00 2.150939453125000000e+04
1.075757575757575690e+00 1.468173339843750000e+04
1.085858585858585856e+00 1.004132226562500000e+04
1.095959595959596022e+00 1.014404882812500000e+04
1.106060606060605966e+00 1.458602929687500000e+04
1.116161616161616355e+00 1.511846875000000000e+04
1.126262626262626299e+00 1.644334179687500000e+04
1.136363636363636465e+00 2.437756054687500000e+04
1.146464646464646631e+00 2.524415625000000000e+04
1.156565656565656575e+00 3.092268164062500000e+04
1.166666666666666741e+00 3.133050000000000000e+04
1.176767676767676907e+00 3.103133984375000000e+04
1.186868686868686851e+00 2.480773828125000000e+04
1.196969696969697017e+00 2.401650585937500000e+04
1.207070707070707183e+00 2.152483789062500000e+04
1.217171717171717127e+00 1.759773632812500000e+04
1.227272727272727293e+00 1.496859277343750000e+04
1.237373737373737459e+00 1.275253515625000000e+04
1.247474747474747403e+00 1.378323730468750000e+04
1.257575757575757791e+00 2.243300781250000000e+04
1.267676767676767735e+00 2.856447265625000000e+04
1.277777777777777679e+00 3.631072265625000000e+04
1.287878787878788067e+00 4.516509765625000000e+04
1.297979797979798011e+00 4.901027734375000000e+04
1.308080808080808177e+00 6.354118750000000000e+04
1.318181818181818343e+00 5.529333984375000000e+04
1.328282828282828287e+00 6.655579687500000000e+04
1.338383838383838453e+00 6.247021484375000000e+04
1.348484848484848619e+00 5.370612109375000000e+04
1.358585858585858563e+00 4.028913281250000000e+04
1.368686868686868729e+00 3.476696093750000000e+04
1.378787878787878896e+00 2.457913671875000000e+04
1.388888888888888840e+00 1.558232519531250000e+04
1.398989898989899228e+00 1.046673535156250000e+04
1.409090909090909172e+00 1.186952343750000000e+04
1.419191919191919116e+00 1.605680468750000000e+04
1.429292929292929504e+00 2.003157421875000000e+04
1.439393939393939448e+00 2.248566992187500000e+04
1.449494949494949614e+00 2.220335937500000000e+04
1.459595959595959780e+00 1.936391601562500000e+04
1.469696969696969724e+00 2.320324804687500000e+04
1.479797979797979890e+00 1.693964843750000000e+04
1.489898989898990056e+00 1.387621386718750000e+04
1.500000000000000000e+00 1.155736230468750000e+04
