5.000000000000000000e-01 9.105650000000000000e+06
5.101010101010100550e-01 9.243893000000000000e+06
5.202020202020202211e-01 1.214478900000000000e+07
5.303030303030302761e-01 1.561548900000000000e+07
5.404040404040404422e-01 1.956080600000000000e+07
5.505050505050504972e-01 2.378712600000000000e+07
5.606060606060605522e-01 2.592705600000000000e+07
5.707070707070707183e-01 2.846961400000000000e+07
5.808080808080807733e-01 2.967022200000000000e+07
5.909090909090909394e-01 2.937901000000000000e+07
6.010101010101009944e-01 2.814984400000000000e+07
6.111111111111111605e-01 2.725657600000000000e+07
6.212121212121212155e-01 2.678858600000000000e+07
6.313131313131312705e-01 2.597300200000000000e+07
6.414141414141414366e-01 2.469363800000000000e+07
6.515151515151514916e-01 2.260111200000000000e+07
6.616161616161616577e-01 2.132825400000000000e+07
6.717171717171717127e-01 2.006944200000000000e+07
6.818181818181818787e-01 1.847547200000000000e+07
6.919191919191919338e-01 1.844508200000000000e+07
7.020202020202019888e-01 1.878956600000000000e+07
7.121212121212121549e-01 1.874680800000000000e+07
7.222222222222222099e-01 1.922369200000000000e+07
7.323232323232323759e-01 1.906828400000000000e+07
7.424242424242424310e-01 1.922880400000000000e+07
7.525252525252525970e-01 2.038036800000000000e+07
7.626262626262626521e-01 1.914032400000000000e+07
7.727272727272727071e-01 1.947803200000000000e+07
7.828282828282828731e-01 1.897446600000000000e+07
7.929292929292929282e-01 1.969407000000000000e+07
8.030303030303029832e-01 1.921279600000000000e+07
8.131313131313131493e-01 1.809167200000000000e+07
8.232323232323233153e-01 1.863389200000000000e+07
8.333333333333333703e-01 1.826480200000000000e+07
8.434343434343434254e-01 1.649516100000000000e+07
8.535353535353535914e-01 1.565976800000000000e+07
8.636363636363636465e-01 1.529394100000000000e+07
8.737373737373737015e-01 1.622076400000000000e+07
8.838383838383838675e-01 1.623036200000000000e+07
8.939393939393940336e-01 1.688005600000000000e+07
9.040404040404040886e-01 1.870116600000000000e+07
9.141414141414141437e-01 1.948505400000000000e+07
9.242424242424243097e-01 2.017434000000000000e+07
9.343434343434343647e-01 2.111436000000000000e+07
9.444444444444444198e-01 2.156098600000000000e+07
9.545454545454545858e-01 2.100221800000000000e+07
9.646464646464647519e-01 1.943456800000000000e+07
9.747474747474748069e-01 2.045270600000000000e+07
9.848484848484848619e-01 1.883879600000000000e+07
9.949494949494950280e-01 1.739266000000000000e+07
1.005050505050505194e+00 1.623080900000000000e+07
1.015151515151515138e+00 1.444428700000000000e+07
1.025252525252525304e+00 1.417146000000000000e+07
1.035353535353535470e+00 1.226525800000000000e+07
1.045454545454545414e+00 1.044816200000000000e+07
1.055555555555555580e+00 7.613776000000000000e+06
1.065656565656565746e+00 6.672449500000000000e+06
1.075757575757575690e+00 7.036479500000000000e+06
1.085858585858585856e+00 9.911114000000000000e+06
1.095959595959596022e+00 1.308295100000000000e+07
1.106060606060605966e+00 1.675346400000000000e+07
1.116161616161616355e+00 1.943469600000000000e+07
1.126262626262626299e+00 2.122520800000000000e+07
1.136363636363636465e+00 2.301001800000000000e+07
1.146464646464646631e+00 2.320874200000000000e+07
1.156565656565656575e+00 2.254903600000000000e+07
1.166666666666666741e+00 2.325207000000000000e+07
1.176767676767676907e+00 2.171317000000000000e+07
1.186868686868686851e+00 2.014082600000000000e+07
1.196969696969697017e+00 1.818140200000000000e+07
1.207070707070707183e+00 1.852233200000000000e+07
1.217171717171717127e+00 1.764123000000000000e+07
1.227272727272727293e+00 1.683009800000000000e+07
1.237373737373737459e+00 1.578578000000000000e+07
1.247474747474747403e+00 1.586621900000000000e+07
1.257575757575757791e+00 1.654443300000000000e+07
1.267676767676767735e+00 1.643458000000000000e+07
1.277777777777777679e+00 1.571215000000000000e+07
1.287878787878788067e+00 1.503510900000000000e+07
1.297979797979798011e+00 1.426658200000000000e+07
1.308080808080808177e+00 1.282779000000000000e+07
1.318181818181818343e+00 1.124929900000000000e+07
1.328282828282828287e+00 9.813557000000000000e+06
1.338383838383838453e+00 8.700121000000000000e+06
1.348484848484848619e+00 9.076782000000000000e+06
1.358585858585858563e+00 9.931401000000000000e+06
1.368686868686868729e+00 1.100202000000000000e+07
1.378787878787878896e+00 1.306401700000000000e+07
1.388888888888888840e+00 1.537408500000000000e+07
1.398989898989899228e+00 1.742826800000000000e+07
1.409090909090909172e+00 1.902925200000000000e+07
1.419191919191919116e+00 1.991546600000000000e+07
1.429292929292929504e+00 1.979303600000000000e+07
1.439393939393939448e+00 1.901549000000000000e+07
1.449494949494949614e+00 1.784937800000000000e+07
1.459595959595959780e+00 1.635782500000000000e+07
1.469696969696969724e+00 1.346797000000000000e+07
1.479797979797979890e+00 1.416016900000000000e+07
1.489898989898990056e+00 1.657657300000000000e+07
1.500000000000000000e+00 2.061195800000000000e+07
