5.000000000000000000e-01 7.284412384033203125e-01
5.101010101010100550e-01 7.430084943771362305e-01
5.202020202020202211e-01 6.638569235801696777e-01
5.303030303030302761e-01 5.656079053878784180e-01
5.404040404040404422e-01 3.678124248981475830e-01
5.505050505050504972e-01 3.843378126621246338e-01
5.606060606060605522e-01 2.464857548475265503e-01
5.707070707070707183e-01 2.002730816602706909e-01
5.808080808080807733e-01 1.708882004022598267e-01
5.909090909090909394e-01 2.230361849069595337e-01
6.010101010101009944e-01 1.955734938383102417e-01
6.111111111111111605e-01 2.973136305809020996e-01
6.212121212121212155e-01 2.956894040107727051e-01
6.313131313131312705e-01 3.045871555805206299e-01
6.414141414141414366e-01 2.912012338638305664e-01
6.515151515151514916e-01 3.729053437709808350e-01
6.616161616161616577e-01 3.211525976657867432e-01
6.717171717171717127e-01 2.762499451637268066e-01
6.818181818181818787e-01 3.096895515918731689e-01
6.919191919191919338e-01 2.856435179710388184e-01
7.020202020202019888e-01 2.229822725057601929e-01
7.121212121212121549e-01 2.140243053436279297e-01
7.222222222222222099e-01 3.124839663505554199e-01
7.323232323232323759e-01 2.558223903179168701e-01
7.424242424242424310e-01 3.128087520599365234e-01
7.525252525252525970e-01 5.470061898231506348e-01
7.626262626262626521e-01 6.819401383399963379e-01
7.727272727272727071e-01 1.186383724212646484e+00
7.828282828282828731e-01 1.524046778678894043e+00
7.929292929292929282e-01 2.156909227371215820e+00
8.030303030303029832e-01 3.388432502746582031e+00
8.131313131313131493e-01 5.481195926666259766e+00
8.232323232323233153e-01 9.619935989379882812e+00
8.333333333333333703e-01 1.632732963562011719e+01
8.434343434343434254e-01 2.778548049926757812e+01
8.535353535353535914e-01 4.927084350585937500e+01
8.636363636363636465e-01 9.050484466552734375e+01
8.737373737373737015e-01 1.630973815917968750e+02
8.838383838383838675e-01 2.861758117675781250e+02
8.939393939393940336e-01 4.820039672851562500e+02
9.040404040404040886e-01 7.788399658203125000e+02
9.141414141414141437e-01 1.205889648437500000e+03
9.242424242424243097e-01 1.791192016601562500e+03
9.343434343434343647e-01 2.552122802734375000e+03
9.444444444444444198e-01 3.490812255859375000e+03
9.545454545454545858e-01 4.584643066406250000e+03
9.646464646464647519e-01 5.780860351562500000e+03
9.747474747474748069e-01 6.998117187500000000e+03
9.848484848484848619e-01 8.132889160156250000e+03
9.949494949494950280e-01 9.073464843750000000e+03
1.005050505050505194e+00 9.718599609375000000e+03
1.015151515151515138e+00 9.992371093750000000e+03
1.025252525252525304e+00 9.863866210937500000e+03
1.035353535353535470e+00 9.348198242187500000e+03
1.045454545454545414e+00 8.505314453125000000e+03
1.055555555555555580e+00 7.428340820312500000e+03
1.065656565656565746e+00 6.228557617187500000e+03
1.075757575757575690e+00 5.013453125000000000e+03
1.085858585858585856e+00 3.873939941406250000e+03
1.095959595959596022e+00 2.873682617187500000e+03
1.106060606060605966e+00 2.046603027343750000e+03
1.116161616161616355e+00 1.399187133789062500e+03
1.126262626262626299e+00 9.182516479492187500e+02
1.136363636363636465e+00 5.785194702148437500e+02
1.146464646464646631e+00 3.498590698242187500e+02
1.156565656565656575e+00 2.030839996337890625e+02
1.166666666666666741e+00 1.129949417114257812e+02
1.176767676767676907e+00 6.047764205932617188e+01
1.186868686868686851e+00 3.099341964721679688e+01
1.196969696969697017e+00 1.509332561492919922e+01
1.207070707070707183e+00 7.116528987884521484e+00
1.217171717171717127e+00 3.243090152740478516e+00
1.227272727272727293e+00 1.337855815887451172e+00
1.237373737373737459e+00 6.948776245117187500e-01
1.247474747474747403e+00 3.801684379577636719e-01
1.257575757575757791e+00 2.621287405490875244e-01
1.267676767676767735e+00 1.135668382048606873e-01
1.277777777777777679e+00 7.527456432580947876e-02
1.287878787878788067e+00 1.450586467981338501e-01
1.297979797979798011e+00 1.994210183620452881e-01
1.308080808080808177e+00 2.517797648906707764e-01
1.318181818181818343e+00 2.731769979000091553e-01
1.328282828282828287e+00 2.513293921947479248e-01
1.338383838383838453e+00 2.270953506231307983e-01
1.348484848484848619e+00 1.779246330261230469e-01
1.358585858585858563e+00 1.383260637521743774e-01
1.368686868686868729e+00 1.480524241924285889e-01
1.378787878787878896e+00 2.038606554269790649e-01
1.388888888888888840e+00 2.307541519403457642e-01
1.398989898989899228e+00 3.477165997028350830e-01
1.409090909090909172e+00 3.822010159492492676e-01
1.419191919191919116e+00 5.505486726760864258e-01
1.429292929292929504e+00 4.482766389846801758e-01
1.439393939393939448e+00 4.897377490997314453e-01
1.449494949494949614e+00 3.841913342475891113e-01
1.459595959595959780e+00 4.396269023418426514e-01
1.469696969696969724e+00 5.122138261795043945e-01
1.479797979797979890e+00 4.302783906459808350e-01
1.489898989898990056e+00 3.973711133003234863e-01
1.500000000000000000e+00 3.226751983165740967e-01
