5.000000000000000000e-01 7.197788238525390625e+01
5.101010101010100550e-01 6.992395782470703125e+01
5.202020202020202211e-01 6.759793090820312500e+01
5.303030303030302761e-01 6.060724258422851562e+01
5.404040404040404422e-01 5.625307846069335938e+01
5.505050505050504972e-01 5.224417495727539062e+01
5.606060606060605522e-01 4.484000396728515625e+01
5.707070707070707183e-01 4.530932998657226562e+01
5.808080808080807733e-01 5.554882431030273438e+01
5.909090909090909394e-01 5.746474075317382812e+01
6.010101010101009944e-01 6.154866409301757812e+01
6.111111111111111605e-01 6.555120086669921875e+01
6.212121212121212155e-01 6.585433959960937500e+01
6.313131313131312705e-01 5.957282638549804688e+01
6.414141414141414366e-01 5.769434738159179688e+01
6.515151515151514916e-01 5.190293884277343750e+01
6.616161616161616577e-01 5.220481109619140625e+01
6.717171717171717127e-01 4.501276779174804688e+01
6.818181818181818787e-01 4.295156097412109375e+01
6.919191919191919338e-01 4.431898117065429688e+01
7.020202020202019888e-01 4.694108200073242188e+01
7.121212121212121549e-01 4.090723419189453125e+01
7.222222222222222099e-01 4.149564743041992188e+01
7.323232323232323759e-01 3.692461013793945312e+01
7.424242424242424310e-01 4.136556625366210938e+01
7.525252525252525970e-01 4.227823638916015625e+01
7.626262626262626521e-01 4.736617660522460938e+01
7.727272727272727071e-01 5.108873367309570312e+01
7.828282828282828731e-01 4.988203430175781250e+01
7.929292929292929282e-01 5.661797714233398438e+01
8.030303030303029832e-01 6.435903930664062500e+01
8.131313131313131493e-01 6.497167205810546875e+01
8.232323232323233153e-01 7.394273376464843750e+01
8.333333333333333703e-01 7.201724243164062500e+01
8.434343434343434254e-01 8.548493194580078125e+01
8.535353535353535914e-01 9.402296447753906250e+01
8.636363636363636465e-01 1.009877548217773438e+02
8.737373737373737015e-01 9.825251770019531250e+01
8.838383838383838675e-01 1.082940368652343750e+02
8.939393939393940336e-01 1.175790710449218750e+02
9.040404040404040886e-01 1.382531890869140625e+02
9.141414141414141437e-01 1.674942626953125000e+02
9.242424242424243097e-01 2.220666961669921875e+02
9.343434343434343647e-01 2.845190124511718750e+02
9.444444444444444198e-01 4.127343750000000000e+02
9.545454545454545858e-01 5.810338134765625000e+02
9.646464646464647519e-01 8.481758422851562500e+02
9.747474747474748069e-01 1.216843261718750000e+03
9.848484848484848619e-01 1.737401611328125000e+03
9.949494949494950280e-01 2.446771972656250000e+03
1.005050505050505194e+00 3.335262451171875000e+03
1.015151515151515138e+00 4.376273437500000000e+03
1.025252525252525304e+00 5.545848144531250000e+03
1.035353535353535470e+00 6.763818847656250000e+03
1.045454545454545414e+00 7.913490722656250000e+03
1.055555555555555580e+00 8.891684570312500000e+03
1.065656565656565746e+00 9.596118164062500000e+03
1.075757575757575690e+00 9.946709960937500000e+03
1.085858585858585856e+00 9.896304687500000000e+03
1.095959595959596022e+00 9.453878906250000000e+03
1.106060606060605966e+00 8.674544921875000000e+03
1.116161616161616355e+00 7.637654296875000000e+03
1.126262626262626299e+00 6.453345703125000000e+03
1.136363636363636465e+00 5.233435058593750000e+03
1.146464646464646631e+00 4.064399414062500000e+03
1.156565656565656575e+00 3.028254150390625000e+03
1.166666666666666741e+00 2.148951660156250000e+03
1.176767676767676907e+00 1.467101318359375000e+03
1.186868686868686851e+00 9.520553588867187500e+02
1.196969696969697017e+00 5.832951049804687500e+02
1.207070707070707183e+00 3.445857543945312500e+02
1.217171717171717127e+00 1.888986816406250000e+02
1.227272727272727293e+00 9.901029205322265625e+01
1.237373737373737459e+00 4.776898193359375000e+01
1.247474747474747403e+00 2.233219146728515625e+01
1.257575757575757791e+00 1.376591873168945312e+01
1.267676767676767735e+00 2.701312255859375000e+01
1.277777777777777679e+00 4.409051132202148438e+01
1.287878787878788067e+00 6.971869659423828125e+01
1.297979797979798011e+00 7.281526947021484375e+01
1.308080808080808177e+00 9.699244689941406250e+01
1.318181818181818343e+00 1.003398284912109375e+02
1.328282828282828287e+00 1.017145767211914062e+02
1.338383838383838453e+00 8.820906829833984375e+01
1.348484848484848619e+00 8.794690704345703125e+01
1.358585858585858563e+00 6.980274963378906250e+01
1.368686868686868729e+00 5.468910598754882812e+01
1.378787878787878896e+00 3.522411346435546875e+01
1.388888888888888840e+00 2.771472740173339844e+01
1.398989898989899228e+00 3.048520851135253906e+01
1.409090909090909172e+00 3.612476348876953125e+01
1.419191919191919116e+00 3.965966796875000000e+01
1.429292929292929504e+00 4.749635696411132812e+01
1.439393939393939448e+00 4.427937316894531250e+01
1.449494949494949614e+00 4.341282653808593750e+01
1.459595959595959780e+00 3.892842864990234375e+01
1.469696969696969724e+00 3.264307403564453125e+01
1.479797979797979890e+00 2.963927650451660156e+01
1.489898989898990056e+00 3.208334350585937500e+01
1.500000000000000000e+00 3.596387100219726562e+01
