5.000000000000000000e-01 1.089948508888483047e-02
5.101010101010100550e-01 1.982059516012668610e-02
5.202020202020202211e-01 3.611624240875244141e-02
5.303030303030302761e-01 6.162360683083534241e-02
5.404040404040404422e-01 9.996441751718521118e-02
5.505050505050504972e-01 1.621324270963668823e-01
5.606060606060605522e-01 2.431690543889999390e-01
5.707070707070707183e-01 3.498667180538177490e-01
5.808080808080807733e-01 4.854002892971038818e-01
5.909090909090909394e-01 6.444750428199768066e-01
6.010101010101009944e-01 8.291141986846923828e-01
6.111111111111111605e-01 1.021176695823669434e+00
6.212121212121212155e-01 1.229482293128967285e+00
6.313131313131312705e-01 1.348768830299377441e+00
6.414141414141414366e-01 1.505411744117736816e+00
6.515151515151514916e-01 1.592091441154479980e+00
6.616161616161616577e-01 1.598628759384155273e+00
6.717171717171717127e-01 1.544707298278808594e+00
6.818181818181818787e-01 1.389268994331359863e+00
6.919191919191919338e-01 1.247056961059570312e+00
7.020202020202019888e-01 1.070188999176025391e+00
7.121212121212121549e-01 8.735761642456054688e-01
7.222222222222222099e-01 6.969365477561950684e-01
7.323232323232323759e-01 5.189898610115051270e-01
7.424242424242424310e-01 3.799831569194793701e-01
7.525252525252525970e-01 2.547769546508789062e-01
7.626262626262626521e-01 1.632946133613586426e-01
7.727272727272727071e-01 9.409735351800918579e-02
7.828282828282828731e-01 2.045978009700775146e-01
7.929292929292929282e-01 5.871360898017883301e-01
8.030303030303029832e-01 1.459599733352661133e+00
8.131313131313131493e-01 3.377372741699218750e+00
8.232323232323233153e-01 7.441992282867431641e+00
8.333333333333333703e-01 1.570716953277587891e+01
8.434343434343434254e-01 3.181133079528808594e+01
8.535353535353535914e-01 6.183930969238281250e+01
8.636363636363636465e-01 1.154056701660156250e+02
8.737373737373737015e-01 2.067647399902343750e+02
8.838383838383838675e-01 3.555939331054687500e+02
8.939393939393940336e-01 5.871262207031250000e+02
9.040404040404040886e-01 9.306674194335937500e+02
9.141414141414141437e-01 1.416243041992187500e+03
9.242424242424243097e-01 2.068812255859375000e+03
9.343434343434343647e-01 2.901392333984375000e+03
9.444444444444444198e-01 3.906278564453125000e+03
9.545454545454545858e-01 5.048900878906250000e+03
9.646464646464647519e-01 6.264984375000000000e+03
9.747474747474748069e-01 7.462794433593750000e+03
9.848484848484848619e-01 8.534967773437500000e+03
9.949494949494950280e-01 9.369910156250000000e+03
1.005050505050505194e+00 9.874300781250000000e+03
1.015151515151515138e+00 9.990146484375000000e+03
1.025252525252525304e+00 9.704182617187500000e+03
1.035353535353535470e+00 9.048657226562500000e+03
1.045454545454545414e+00 8.100490722656250000e+03
1.055555555555555580e+00 6.962038574218750000e+03
1.065656565656565746e+00 5.743931640625000000e+03
1.075757575757575690e+00 4.549041015625000000e+03
1.085858585858585856e+00 3.458888427734375000e+03
1.095959595959596022e+00 2.524689941406250000e+03
1.106060606060605966e+00 1.769346435546875000e+03
1.116161616161616355e+00 1.190369506835937500e+03
1.126262626262626299e+00 7.687725219726562500e+02
1.136363636363636465e+00 4.766478576660156250e+02
1.146464646464646631e+00 2.836859130859375000e+02
1.156565656565656575e+00 1.620964202880859375e+02
1.166666666666666741e+00 8.893425750732421875e+01
1.176767676767676907e+00 4.683522033691406250e+01
1.186868686868686851e+00 2.367887496948242188e+01
1.196969696969697017e+00 1.149222946166992188e+01
1.207070707070707183e+00 5.354513645172119141e+00
1.217171717171717127e+00 2.395613431930541992e+00
1.227272727272727293e+00 1.028648734092712402e+00
1.237373737373737459e+00 4.240644872188568115e-01
1.247474747474747403e+00 1.677832156419754028e-01
1.257575757575757791e+00 6.369390338659286499e-02
1.267676767676767735e+00 2.328839525580406189e-02
1.277777777777777679e+00 8.100799284875392914e-03
1.287878787878788067e+00 2.712000394240021706e-03
1.297979797979798011e+00 8.859746158123016357e-04
1.308080808080808177e+00 3.147460520267486572e-04
1.318181818181818343e+00 8.102728315861895680e-05
1.328282828282828287e+00 1.253774826182052493e-05
1.338383838383838453e+00 4.973566319677047431e-05
1.348484848484848619e+00 1.689592500042635947e-05
1.358585858585858563e+00 6.808057605667272583e-06
1.368686868686868729e+00 6.524883065139874816e-05
1.378787878787878896e+00 2.673287053767126054e-05
1.388888888888888840e+00 7.311737863346934319e-05
1.398989898989899228e+00 5.969674930383916944e-06
1.409090909090909172e+00 3.032183849427383393e-05
1.419191919191919116e+00 2.687296910153236240e-05
1.429292929292929504e+00 1.839007018133997917e-05
1.439393939393939448e+00 6.018462590873241425e-05
1.449494949494949614e+00 3.067990473937243223e-05
1.459595959595959780e+00 4.122178870602510870e-05
1.469696969696969724e+00 1.861148120951838791e-05
1.479797979797979890e+00 6.814411608502268791e-05
1.489898989898990056e+00 1.237014089383592363e-06
1.500000000000000000e+00 8.062944289122242481e-06
