5.000000000000000000e-01 2.988494038581848145e-01
5.101010101010100550e-01 2.895978987216949463e-01
5.202020202020202211e-01 3.669693768024444580e-01
5.303030303030302761e-01 4.192376136779785156e-01
5.404040404040404422e-01 6.257278323173522949e-01
5.505050505050504972e-01 6.790640950202941895e-01
5.606060606060605522e-01 7.716312408447265625e-01
5.707070707070707183e-01 9.020287394523620605e-01
5.808080808080807733e-01 1.166524529457092285e+00
5.909090909090909394e-01 1.622467517852783203e+00
6.010101010101009944e-01 1.759167909622192383e+00
6.111111111111111605e-01 2.728252887725830078e+00
6.212121212121212155e-01 3.278489589691162109e+00
6.313131313131312705e-01 2.902617454528808594e+00
6.414141414141414366e-01 3.043770790100097656e+00
6.515151515151514916e-01 2.427810668945312500e+00
6.616161616161616577e-01 1.393740653991699219e+00
6.717171717171717127e-01 1.889189243316650391e+00
6.818181818181818787e-01 1.573167324066162109e+00
6.919191919191919338e-01 1.416879415512084961e+00
7.020202020202019888e-01 1.188645124435424805e+00
7.121212121212121549e-01 1.101419925689697266e+00
7.222222222222222099e-01 5.868908762931823730e-01
7.323232323232323759e-01 4.159390330314636230e-01
7.424242424242424310e-01 2.910076081752777100e-01
7.525252525252525970e-01 2.046118825674057007e-01
7.626262626262626521e-01 1.595752388238906860e-01
7.727272727272727071e-01 1.406343579292297363e-01
7.828282828282828731e-01 1.859270036220550537e-01
7.929292929292929282e-01 1.593861579895019531e-01
8.030303030303029832e-01 1.147594973444938660e-01
8.131313131313131493e-01 1.587818711996078491e-01
8.232323232323233153e-01 3.010080754756927490e-01
8.333333333333333703e-01 9.008029699325561523e-01
8.434343434343434254e-01 2.294120550155639648e+00
8.535353535353535914e-01 5.108325481414794922e+00
8.636363636363636465e-01 1.110081386566162109e+01
8.737373737373737015e-01 2.304625701904296875e+01
8.838383838383838675e-01 4.565610122680664062e+01
8.939393939393940336e-01 8.689973449707031250e+01
9.040404040404040886e-01 1.585811462402343750e+02
9.141414141414141437e-01 2.778858642578125000e+02
9.242424242424243097e-01 4.675774841308593750e+02
9.343434343434343647e-01 7.552822875976562500e+02
9.444444444444444198e-01 1.171332031250000000e+03
9.545454545454545858e-01 1.743772338867187500e+03
9.646464646464647519e-01 2.492321533203125000e+03
9.747474747474748069e-01 3.419665039062500000e+03
9.848484848484848619e-01 4.504118164062500000e+03
9.949494949494950280e-01 5.695634277343750000e+03
1.005050505050505194e+00 6.915002441406250000e+03
1.015151515151515138e+00 8.059410156250000000e+03
1.025252525252525304e+00 9.017113281250000000e+03
1.035353535353535470e+00 9.684802734375000000e+03
1.045454545454545414e+00 9.986443359375000000e+03
1.055555555555555580e+00 9.884969726562500000e+03
1.065656565656565746e+00 9.394745117187500000e+03
1.075757575757575690e+00 8.570661132812500000e+03
1.085858585858585856e+00 7.507213867187500000e+03
1.095959595959596022e+00 6.312363281250000000e+03
1.106060606060605966e+00 5.095310546875000000e+03
1.116161616161616355e+00 3.948589843750000000e+03
1.126262626262626299e+00 2.937618164062500000e+03
1.136363636363636465e+00 2.098240234375000000e+03
1.146464646464646631e+00 1.438778686523437500e+03
1.156565656565656575e+00 9.472045288085937500e+02
1.166666666666666741e+00 5.986817016601562500e+02
1.176767676767676907e+00 3.632409667968750000e+02
1.186868686868686851e+00 2.115640716552734375e+02
1.196969696969697017e+00 1.182831039428710938e+02
1.207070707070707183e+00 6.345432662963867188e+01
1.217171717171717127e+00 3.264464569091796875e+01
1.227272727272727293e+00 1.605035781860351562e+01
1.237373737373737459e+00 7.587549209594726562e+00
1.247474747474747403e+00 3.431472778320312500e+00
1.257575757575757791e+00 1.467819452285766602e+00
1.267676767676767735e+00 5.952740907669067383e-01
1.277777777777777679e+00 3.004068732261657715e-01
1.287878787878788067e+00 1.719804406166076660e-01
1.297979797979798011e+00 1.902476549148559570e-01
1.308080808080808177e+00 1.361008137464523315e-01
1.318181818181818343e+00 1.540126055479049683e-01
1.328282828282828287e+00 1.403758525848388672e-01
1.338383838383838453e+00 9.410867840051651001e-02
1.348484848484848619e+00 7.401569187641143799e-02
1.358585858585858563e+00 4.249535501003265381e-02
1.368686868686868729e+00 7.233572658151388168e-03
1.378787878787878896e+00 2.341279387474060059e-02
1.388888888888888840e+00 7.063429802656173706e-02
1.398989898989899228e+00 9.988569468259811401e-02
1.409090909090909172e+00 1.421941816806793213e-01
1.419191919191919116e+00 1.790565550327301025e-01
1.429292929292929504e+00 1.988088041543960571e-01
1.439393939393939448e+00 2.448856979608535767e-01
1.449494949494949614e+00 2.705782055854797363e-01
1.459595959595959780e+00 2.727827727794647217e-01
1.469696969696969724e+00 2.048564106225967407e-01
1.479797979797979890e+00 2.536422014236450195e-01
1.489898989898990056e+00 1.760871857404708862e-01
1.500000000000000000e+00 1.225568726658821106e-01
