5.000000000000000000e-01 6.501824640000000000e+08
5.101010101010100550e-01 6.289378560000000000e+08
5.202020202020202211e-01 7.726941440000000000e+08
5.303030303030302761e-01 9.839143040000000000e+08
5.404040404040404422e-01 1.203560576000000000e+09
5.505050505050504972e-01 1.378787072000000000e+09
5.606060606060605522e-01 1.528101888000000000e+09
5.707070707070707183e-01 1.606886016000000000e+09
5.808080808080807733e-01 1.680162560000000000e+09
5.909090909090909394e-01 1.661627392000000000e+09
6.010101010101009944e-01 1.697093120000000000e+09
6.111111111111111605e-01 1.640034432000000000e+09
6.212121212121212155e-01 1.604153344000000000e+09
6.313131313131312705e-01 1.540153344000000000e+09
6.414141414141414366e-01 1.426959872000000000e+09
6.515151515151514916e-01 1.366508928000000000e+09
6.616161616161616577e-01 1.269279104000000000e+09
6.717171717171717127e-01 1.191824256000000000e+09
6.818181818181818787e-01 1.144526592000000000e+09
6.919191919191919338e-01 1.105987968000000000e+09
7.020202020202019888e-01 1.120744064000000000e+09
7.121212121212121549e-01 1.102185216000000000e+09
7.222222222222222099e-01 1.157815424000000000e+09
7.323232323232323759e-01 1.149396224000000000e+09
7.424242424242424310e-01 1.176626816000000000e+09
7.525252525252525970e-01 1.201549824000000000e+09
7.626262626262626521e-01 1.212174976000000000e+09
7.727272727272727071e-01 1.206211840000000000e+09
7.828282828282828731e-01 1.215362688000000000e+09
7.929292929292929282e-01 1.218907008000000000e+09
8.030303030303029832e-01 1.193918208000000000e+09
8.131313131313131493e-01 1.166521728000000000e+09
8.232323232323233153e-01 1.139545984000000000e+09
8.333333333333333703e-01 1.076297728000000000e+09
8.434343434343434254e-01 1.026478400000000000e+09
8.535353535353535914e-01 9.790176000000000000e+08
8.636363636363636465e-01 9.337157760000000000e+08
8.737373737373737015e-01 9.344725120000000000e+08
8.838383838383838675e-01 9.289122560000000000e+08
8.939393939393940336e-01 9.569537920000000000e+08
9.040404040404040886e-01 1.005414592000000000e+09
9.141414141414141437e-01 1.068596992000000000e+09
9.242424242424243097e-01 1.129517312000000000e+09
9.343434343434343647e-01 1.151324160000000000e+09
9.444444444444444198e-01 1.138669440000000000e+09
9.545454545454545858e-01 1.105840640000000000e+09
9.646464646464647519e-01 1.072456384000000000e+09
9.747474747474748069e-01 1.010824704000000000e+09
9.848484848484848619e-01 9.552081280000000000e+08
9.949494949494950280e-01 8.901427840000000000e+08
1.005050505050505194e+00 8.322485120000000000e+08
1.015151515151515138e+00 7.810921600000000000e+08
1.025252525252525304e+00 7.122975360000000000e+08
1.035353535353535470e+00 6.292144000000000000e+08
1.045454545454545414e+00 5.392917120000000000e+08
1.055555555555555580e+00 4.595648320000000000e+08
1.065656565656565746e+00 4.436750080000000000e+08
1.075757575757575690e+00 5.189115200000000000e+08
1.085858585858585856e+00 6.439994880000000000e+08
1.095959595959596022e+00 8.155136000000000000e+08
1.106060606060605966e+00 9.802624000000000000e+08
1.116161616161616355e+00 1.117785984000000000e+09
1.126262626262626299e+00 1.222426112000000000e+09
1.136363636363636465e+00 1.292118528000000000e+09
1.146464646464646631e+00 1.310053504000000000e+09
1.156565656565656575e+00 1.288792576000000000e+09
1.166666666666666741e+00 1.243107968000000000e+09
1.176767676767676907e+00 1.181009664000000000e+09
1.186868686868686851e+00 1.110095616000000000e+09
1.196969696969697017e+00 1.045192064000000000e+09
1.207070707070707183e+00 9.539952640000000000e+08
1.217171717171717127e+00 9.105557120000000000e+08
1.227272727272727293e+00 8.715348480000000000e+08
1.237373737373737459e+00 8.511200640000000000e+08
1.247474747474747403e+00 8.295399680000000000e+08
1.257575757575757791e+00 8.158837760000000000e+08
1.267676767676767735e+00 8.134196480000000000e+08
1.277777777777777679e+00 8.041832960000000000e+08
1.287878787878788067e+00 7.883736320000000000e+08
1.297979797979798011e+00 7.253164800000000000e+08
1.308080808080808177e+00 6.449996160000000000e+08
1.318181818181818343e+00 5.357053440000000000e+08
1.328282828282828287e+00 4.386248640000000000e+08
1.338383838383838453e+00 3.792890560000000000e+08
1.348484848484848619e+00 3.777685440000000000e+08
1.358585858585858563e+00 4.321518080000000000e+08
1.368686868686868729e+00 5.223772800000000000e+08
1.378787878787878896e+00 6.653701760000000000e+08
1.388888888888888840e+00 7.841277440000000000e+08
1.398989898989899228e+00 9.389257600000000000e+08
1.409090909090909172e+00 1.043569280000000000e+09
1.419191919191919116e+00 1.108698240000000000e+09
1.429292929292929504e+00 1.145901568000000000e+09
1.439393939393939448e+00 1.093196672000000000e+09
1.449494949494949614e+00 1.055675264000000000e+09
1.459595959595959780e+00 9.199466240000000000e+08
1.469696969696969724e+00 8.193201280000000000e+08
1.479797979797979890e+00 8.060694400000000000e+08
1.489898989898990056e+00 9.317781760000000000e+08
1.500000000000000000e+00 1.151389568000000000e+09
