5.000000000000000000e-01 9.137964993715286255e-02
5.101010101010100550e-01 8.732149004936218262e-02
5.202020202020202211e-01 7.565237581729888916e-02
5.303030303030302761e-01 6.673805415630340576e-02
5.404040404040404422e-01 5.485146865248680115e-02
5.505050505050504972e-01 4.388740286231040955e-02
5.606060606060605522e-01 3.222677856683731079e-02
5.707070707070707183e-01 2.131739445030689240e-02
5.808080808080807733e-01 1.273844763636589050e-02
5.909090909090909394e-01 1.049664523452520370e-02
6.010101010101009944e-01 1.527169998735189438e-02
6.111111111111111605e-01 2.277809940278530121e-02
6.212121212121212155e-01 2.842791937291622162e-02
6.313131313131312705e-01 3.170781210064888000e-02
6.414141414141414366e-01 3.196178004145622253e-02
6.515151515151514916e-01 3.716877847909927368e-02
6.616161616161616577e-01 8.350098133087158203e-02
6.717171717171717127e-01 1.829090863466262817e-01
6.818181818181818787e-01 3.578710854053497314e-01
6.919191919191919338e-01 6.140918135643005371e-01
7.020202020202019888e-01 1.008969187736511230e+00
7.121212121212121549e-01 1.575585007667541504e+00
7.222222222222222099e-01 2.329978704452514648e+00
7.323232323232323759e-01 3.173453092575073242e+00
7.424242424242424310e-01 4.282907009124755859e+00
7.525252525252525970e-01 5.732140064239501953e+00
7.626262626262626521e-01 7.156275749206542969e+00
7.727272727272727071e-01 8.778038978576660156e+00
7.828282828282828731e-01 1.005051898956298828e+01
7.929292929292929282e-01 1.135501575469970703e+01
8.030303030303029832e-01 1.225144672393798828e+01
8.131313131313131493e-01 1.195609664916992188e+01
8.232323232323233153e-01 1.228777599334716797e+01
8.333333333333333703e-01 1.126326751708984375e+01
8.434343434343434254e-01 1.037910938262939453e+01
8.535353535353535914e-01 9.093688964843750000e+00
8.636363636363636465e-01 7.414914608001708984e+00
8.737373737373737015e-01 5.905429840087890625e+00
8.838383838383838675e-01 4.552078247070312500e+00
8.939393939393940336e-01 3.364493846893310547e+00
9.040404040404040886e-01 2.302542448043823242e+00
9.141414141414141437e-01 1.490129232406616211e+00
9.242424242424243097e-01 9.453133940696716309e-01
9.343434343434343647e-01 5.759322643280029297e-01
9.444444444444444198e-01 3.707466721534729004e-01
9.545454545454545858e-01 2.662972211837768555e-01
9.646464646464647519e-01 1.943177878856658936e-01
9.747474747474748069e-01 1.542557626962661743e-01
9.848484848484848619e-01 1.192262247204780579e-01
9.949494949494950280e-01 8.747942745685577393e-02
1.005050505050505194e+00 6.601332128047943115e-02
1.015151515151515138e+00 4.732410237193107605e-02
1.025252525252525304e+00 3.312094137072563171e-02
1.035353535353535470e+00 1.813718304038047791e-02
1.045454545454545414e+00 3.342615440487861633e-03
1.055555555555555580e+00 1.202333346009254456e-02
1.065656565656565746e+00 2.626342140138149261e-02
1.075757575757575690e+00 4.121588543057441711e-02
1.085858585858585856e+00 5.611591041088104248e-02
1.095959595959596022e+00 6.979917734861373901e-02
1.106060606060605966e+00 8.733490854501724243e-02
1.116161616161616355e+00 1.027259677648544312e-01
1.126262626262626299e+00 1.203062236309051514e-01
1.136363636363636465e+00 1.402884721755981445e-01
1.146464646464646631e+00 1.883447021245956421e-01
1.156565656565656575e+00 2.074411213397979736e-01
1.166666666666666741e+00 2.366907894611358643e-01
1.176767676767676907e+00 2.743625044822692871e-01
1.186868686868686851e+00 2.676358819007873535e-01
1.196969696969697017e+00 2.922673523426055908e-01
1.207070707070707183e+00 2.853251695632934570e-01
1.217171717171717127e+00 2.762310206890106201e-01
1.227272727272727293e+00 2.996789813041687012e-01
1.237373737373737459e+00 2.374080717563629150e-01
1.247474747474747403e+00 2.047583907842636108e-01
1.257575757575757791e+00 1.461146324872970581e-01
1.267676767676767735e+00 1.125668138265609741e-01
1.277777777777777679e+00 8.583632856607437134e-02
1.287878787878788067e+00 5.007660761475563049e-02
1.297979797979798011e+00 3.803139925003051758e-02
1.308080808080808177e+00 2.964998409152030945e-02
1.318181818181818343e+00 2.600282989442348480e-02
1.328282828282828287e+00 2.558876015245914459e-02
1.338383838383838453e+00 2.007072418928146362e-02
1.348484848484848619e+00 1.228526700288057327e-02
1.358585858585858563e+00 8.250888437032699585e-03
1.368686868686868729e+00 1.303683221340179443e-02
1.378787878787878896e+00 2.164750732481479645e-02
1.388888888888888840e+00 2.956613153219223022e-02
1.398989898989899228e+00 3.847930207848548889e-02
1.409090909090909172e+00 4.392576962709426880e-02
1.419191919191919116e+00 5.035118386149406433e-02
1.429292929292929504e+00 5.865576863288879395e-02
1.439393939393939448e+00 6.026002019643783569e-02
1.449494949494949614e+00 6.388472765684127808e-02
1.459595959595959780e+00 6.359426677227020264e-02
1.469696969696969724e+00 6.029631569981575012e-02
1.479797979797979890e+00 5.459707975387573242e-02
1.489898989898990056e+00 4.858360439538955688e-02
1.500000000000000000e+00 4.163324460387229919e-02
