5.000000000000000000e-01 1.535542287456337363e-05
5.101010101010100550e-01 2.862319888663478196e-05
5.202020202020202211e-01 2.926027809735387564e-05
5.303030303030302761e-01 3.028827268281020224e-05
5.404040404040404422e-01 2.421629505988676101e-05
5.505050505050504972e-01 2.031597432505805045e-06
5.606060606060605522e-01 1.401057215844048187e-05
5.707070707070707183e-01 4.284064198145642877e-05
5.808080808080807733e-01 7.338897557929158211e-05
5.909090909090909394e-01 1.489983969804598019e-05
6.010101010101009944e-01 4.321414235164411366e-05
6.111111111111111605e-01 1.770709332049591467e-06
6.212121212121212155e-01 3.809260533671476878e-06
6.313131313131312705e-01 3.987247328041121364e-05
6.414141414141414366e-01 1.224840525537729263e-05
6.515151515151514916e-01 1.765403612807858735e-05
6.616161616161616577e-01 1.063841409632004797e-05
6.717171717171717127e-01 1.657204734328843188e-06
6.818181818181818787e-01 1.285189318878110498e-05
6.919191919191919338e-01 1.200232645715004764e-06
7.020202020202019888e-01 3.026319973287172616e-05
7.121212121212121549e-01 8.905807044357061386e-05
7.222222222222222099e-01 1.332737883785739541e-04
7.323232323232323759e-01 4.547130665741860867e-04
7.424242424242424310e-01 1.414242782630026340e-03
7.525252525252525970e-01 4.442553501576185226e-03
7.626262626262626521e-01 1.294345967471599579e-02
7.727272727272727071e-01 3.634076938033103943e-02
7.828282828282828731e-01 9.787326306104660034e-02
7.929292929292929282e-01 2.531136870384216309e-01
8.030303030303029832e-01 6.279572844505310059e-01
8.131313131313131493e-01 1.496081590652465820e+00
8.232323232323233153e-01 3.422397375106811523e+00
8.333333333333333703e-01 7.514091968536376953e+00
8.434343434343434254e-01 1.584103202819824219e+01
8.535353535353535914e-01 3.206075286865234375e+01
8.636363636363636465e-01 6.228538131713867188e+01
8.737373737373737015e-01 1.161833190917968750e+02
8.838383838383838675e-01 2.080346527099609375e+02
8.939393939393940336e-01 3.576282653808593750e+02
9.040404040404040886e-01 5.901505737304687500e+02
9.141414141414141437e-01 9.351372680664062500e+02
9.242424242424243097e-01 1.422332885742187500e+03
9.343434343434343647e-01 2.076957763671875000e+03
9.444444444444444198e-01 2.911175048828125000e+03
9.545454545454545858e-01 3.917295166015625000e+03
9.646464646464647519e-01 5.060929687500000000e+03
9.747474747474748069e-01 6.277246093750000000e+03
9.848484848484848619e-01 7.474733886718750000e+03
9.949494949494950280e-01 8.544915039062500000e+03
1.005050505050505194e+00 9.376293945312500000e+03
1.015151515151515138e+00 9.877484375000000000e+03
1.025252525252525304e+00 9.988577148437500000e+03
1.035353535353535470e+00 9.698045898437500000e+03
1.045454545454545414e+00 9.039913085937500000e+03
1.055555555555555580e+00 8.089270507812500000e+03
1.065656565656565746e+00 6.948927246093750000e+03
1.075757575757575690e+00 5.730440429687500000e+03
1.085858585858585856e+00 4.536705078125000000e+03
1.095959595959596022e+00 3.447973632812500000e+03
1.106060606060605966e+00 2.515677978515625000e+03
1.116161616161616355e+00 1.762200805664062500e+03
1.126262626262626299e+00 1.185011108398437500e+03
1.136363636363636465e+00 7.649583740234375000e+02
1.146464646464646631e+00 4.741087341308593750e+02
1.156565656565656575e+00 2.820367736816406250e+02
1.166666666666666741e+00 1.611088409423828125e+02
1.176767676767676907e+00 8.836915588378906250e+01
1.186868686868686851e+00 4.656381607055664062e+01
1.196969696969697017e+00 2.358741188049316406e+01
1.207070707070707183e+00 1.153200244903564453e+01
1.217171717171717127e+00 5.511237144470214844e+00
1.227272727272727293e+00 2.584132671356201172e+00
1.237373737373737459e+00 1.338562130928039551e+00
1.247474747474747403e+00 7.628294229507446289e-01
1.257575757575757791e+00 5.036928653717041016e-01
1.267676767676767735e+00 3.677727282047271729e-01
1.277777777777777679e+00 3.074377179145812988e-01
1.287878787878788067e+00 2.700873315334320068e-01
1.297979797979798011e+00 2.037115097045898438e-01
1.308080808080808177e+00 1.696676164865493774e-01
1.318181818181818343e+00 1.300465911626815796e-01
1.328282828282828287e+00 8.509076386690139771e-02
1.338383838383838453e+00 6.634033471345901489e-02
1.348484848484848619e+00 5.457981675863265991e-02
1.358585858585858563e+00 2.989764139056205750e-02
1.368686868686868729e+00 2.029620110988616943e-02
1.378787878787878896e+00 1.097571477293968201e-02
1.388888888888888840e+00 6.262410432100296021e-03
1.398989898989899228e+00 3.794044256210327148e-03
1.409090909090909172e+00 2.191789681091904640e-03
1.419191919191919116e+00 1.004609861411154270e-03
1.429292929292929504e+00 5.183571483939886093e-04
1.439393939393939448e+00 1.671834615990519524e-04
1.449494949494949614e+00 1.506293338024988770e-04
1.459595959595959780e+00 9.748017328092828393e-05
1.469696969696969724e+00 4.722436642623506486e-05
1.479797979797979890e+00 6.964198837522417307e-05
1.489898989898990056e+00 4.428944066603435203e-06
1.500000000000000000e+00 9.684446922619827092e-06
