5.000000000000000000e-01 6.181971740722656250e+01
5.101010101010100550e-01 8.585141754150390625e+01
5.202020202020202211e-01 1.041557846069335938e+02
5.303030303030302761e-01 1.193001708984375000e+02
5.404040404040404422e-01 1.333515625000000000e+02
5.505050505050504972e-01 1.538252716064453125e+02
5.606060606060605522e-01 1.604245452880859375e+02
5.707070707070707183e-01 1.762278900146484375e+02
5.808080808080807733e-01 1.938569183349609375e+02
5.909090909090909394e-01 1.950119934082031250e+02
6.010101010101009944e-01 2.063805694580078125e+02
6.111111111111111605e-01 2.081394653320312500e+02
6.212121212121212155e-01 1.954450836181640625e+02
6.313131313131312705e-01 1.848565521240234375e+02
6.414141414141414366e-01 1.714217224121093750e+02
6.515151515151514916e-01 1.441775207519531250e+02
6.616161616161616577e-01 1.167622680664062500e+02
6.717171717171717127e-01 9.640068054199218750e+01
6.818181818181818787e-01 9.677684020996093750e+01
6.919191919191919338e-01 1.307348632812500000e+02
7.020202020202019888e-01 1.701574249267578125e+02
7.121212121212121549e-01 2.094945678710937500e+02
7.222222222222222099e-01 2.657720336914062500e+02
7.323232323232323759e-01 3.034873352050781250e+02
7.424242424242424310e-01 3.202984924316406250e+02
7.525252525252525970e-01 3.443123474121093750e+02
7.626262626262626521e-01 3.460927734375000000e+02
7.727272727272727071e-01 3.278067321777343750e+02
7.828282828282828731e-01 3.345499877929687500e+02
7.929292929292929282e-01 3.094110412597656250e+02
8.030303030303029832e-01 2.960731506347656250e+02
8.131313131313131493e-01 2.834646606445312500e+02
8.232323232323233153e-01 2.667296752929687500e+02
8.333333333333333703e-01 2.445214843750000000e+02
8.434343434343434254e-01 2.310890502929687500e+02
8.535353535353535914e-01 2.141270904541015625e+02
8.636363636363636465e-01 2.005432586669921875e+02
8.737373737373737015e-01 2.097922058105468750e+02
8.838383838383838675e-01 2.236884918212890625e+02
8.939393939393940336e-01 2.441849060058593750e+02
9.040404040404040886e-01 2.695276794433593750e+02
9.141414141414141437e-01 3.034414672851562500e+02
9.242424242424243097e-01 3.403947143554687500e+02
9.343434343434343647e-01 3.602558593750000000e+02
9.444444444444444198e-01 3.850935058593750000e+02
9.545454545454545858e-01 3.986511535644531250e+02
9.646464646464647519e-01 4.068902282714843750e+02
9.747474747474748069e-01 4.178065185546875000e+02
9.848484848484848619e-01 4.170491333007812500e+02
9.949494949494950280e-01 4.166673889160156250e+02
1.005050505050505194e+00 4.073304443359375000e+02
1.015151515151515138e+00 3.596669616699218750e+02
1.025252525252525304e+00 3.109895019531250000e+02
1.035353535353535470e+00 2.724329223632812500e+02
1.045454545454545414e+00 2.220327606201171875e+02
1.055555555555555580e+00 1.654294281005859375e+02
1.065656565656565746e+00 1.504204864501953125e+02
1.075757575757575690e+00 1.438736114501953125e+02
1.085858585858585856e+00 1.398818206787109375e+02
1.095959595959596022e+00 1.396340179443359375e+02
1.106060606060605966e+00 1.404956970214843750e+02
1.116161616161616355e+00 1.672716369628906250e+02
1.126262626262626299e+00 2.017045440673828125e+02
1.136363636363636465e+00 2.425625457763671875e+02
1.146464646464646631e+00 2.616253051757812500e+02
1.156565656565656575e+00 2.751734008789062500e+02
1.166666666666666741e+00 2.798821105957031250e+02
1.176767676767676907e+00 2.681450805664062500e+02
1.186868686868686851e+00 2.639457397460937500e+02
1.196969696969697017e+00 2.278005981445312500e+02
1.207070707070707183e+00 2.005172271728515625e+02
1.217171717171717127e+00 1.541545257568359375e+02
1.227272727272727293e+00 1.104670257568359375e+02
1.237373737373737459e+00 7.381842803955078125e+01
1.247474747474747403e+00 9.437552642822265625e+01
1.257575757575757791e+00 1.570232238769531250e+02
1.267676767676767735e+00 2.285758361816406250e+02
1.277777777777777679e+00 3.199221801757812500e+02
1.287878787878788067e+00 3.946817932128906250e+02
1.297979797979798011e+00 4.610485839843750000e+02
1.308080808080808177e+00 4.896516113281250000e+02
1.318181818181818343e+00 5.039129028320312500e+02
1.328282828282828287e+00 4.983803710937500000e+02
1.338383838383838453e+00 4.849669494628906250e+02
1.348484848484848619e+00 4.525633850097656250e+02
1.358585858585858563e+00 3.812416992187500000e+02
1.368686868686868729e+00 3.049306945800781250e+02
1.378787878787878896e+00 2.222789611816406250e+02
1.388888888888888840e+00 1.381381683349609375e+02
1.398989898989899228e+00 5.392561340332031250e+01
1.409090909090909172e+00 2.698862648010253906e+01
1.419191919191919116e+00 7.816889953613281250e+01
1.429292929292929504e+00 1.117140960693359375e+02
1.439393939393939448e+00 1.330505218505859375e+02
1.449494949494949614e+00 1.295393524169921875e+02
1.459595959595959780e+00 1.089862060546875000e+02
1.469696969696969724e+00 8.563305664062500000e+01
1.479797979797979890e+00 6.105616378784179688e+01
1.489898989898990056e+00 6.095326232910156250e+01
1.500000000000000000e+00 8.403450012207031250e+01
