5.000000000000000000e-01 1.263148784637451172e-01
5.101010101010100550e-01 1.931572109460830688e-01
5.202020202020202211e-01 1.914781332015991211e-01
5.303030303030302761e-01 1.892961412668228149e-01
5.404040404040404422e-01 1.671902239322662354e-01
5.505050505050504972e-01 2.416871488094329834e-01
5.606060606060605522e-01 1.933598220348358154e-01
5.707070707070707183e-01 1.980422586202621460e-01
5.808080808080807733e-01 1.688406467437744141e-01
5.909090909090909394e-01 1.185351610183715820e-01
6.010101010101009944e-01 1.080996841192245483e-01
6.111111111111111605e-01 6.060453131794929504e-02
6.212121212121212155e-01 4.923670366406440735e-02
6.313131313131312705e-01 4.700571298599243164e-02
6.414141414141414366e-01 1.819323003292083740e-02
6.515151515151514916e-01 1.885564811527729034e-02
6.616161616161616577e-01 1.160207949578762054e-02
6.717171717171717127e-01 6.130930967628955841e-03
6.818181818181818787e-01 3.441672306507825851e-03
6.919191919191919338e-01 1.842802506871521473e-03
7.020202020202019888e-01 9.651540894992649555e-04
7.121212121212121549e-01 5.529434420168399811e-04
7.222222222222222099e-01 2.472903870511800051e-04
7.323232323232323759e-01 1.017766262521035969e-04
7.424242424242424310e-01 1.734407851472496986e-04
7.525252525252525970e-01 6.675064214505255222e-04
7.626262626262626521e-01 2.055334625765681267e-03
7.727272727272727071e-01 6.215615198016166687e-03
7.828282828282828731e-01 1.799296960234642029e-02
7.929292929292929282e-01 4.990817978978157043e-02
8.030303030303029832e-01 1.326096206903457642e-01
8.131313131313131493e-01 3.384709358215332031e-01
8.232323232323233153e-01 8.294680714607238770e-01
8.333333333333333703e-01 1.951132416725158691e+00
8.434343434343434254e-01 4.406050205230712891e+00
8.535353535353535914e-01 9.552369117736816406e+00
8.636363636363636465e-01 1.988097190856933594e+01
8.737373737373737015e-01 3.972096633911132812e+01
8.838383838383838675e-01 7.618815612792968750e+01
8.939393939393940336e-01 1.403077392578125000e+02
9.040404040404040886e-01 2.480272521972656250e+02
9.141414141414141437e-01 4.208953857421875000e+02
9.242424242424243097e-01 6.857233886718750000e+02
9.343434343434343647e-01 1.072558837890625000e+03
9.444444444444444198e-01 1.610440917968750000e+03
9.545454545454545858e-01 2.321532958984375000e+03
9.646464646464647519e-01 3.212283447265625000e+03
9.747474747474748069e-01 4.267286132812500000e+03
9.848484848484848619e-01 5.442661132812500000e+03
9.949494949494950280e-01 6.663399414062500000e+03
1.005050505050505194e+00 7.833301757812500000e+03
1.015151515151515138e+00 8.838497070312500000e+03
1.025252525252525304e+00 9.574381835937500000e+03
1.035353535353535470e+00 9.956490234375000000e+03
1.045454545454545414e+00 9.939276367187500000e+03
1.055555555555555580e+00 9.526700195312500000e+03
1.065656565656565746e+00 8.765558593750000000e+03
1.075757575757575690e+00 7.742730468750000000e+03
1.085858585858585856e+00 6.566904785156250000e+03
1.095959595959596022e+00 5.345812988281250000e+03
1.106060606060605966e+00 4.177807617187500000e+03
1.116161616161616355e+00 3.134442382812500000e+03
1.126262626262626299e+00 2.257812988281250000e+03
1.136363636363636465e+00 1.561502319335937500e+03
1.146464646464646631e+00 1.036631713867187500e+03
1.156565656565656575e+00 6.607202758789062500e+02
1.166666666666666741e+00 4.042460327148437500e+02
1.176767676767676907e+00 2.374696197509765625e+02
1.186868686868686851e+00 1.339585418701171875e+02
1.196969696969697017e+00 7.254371643066406250e+01
1.207070707070707183e+00 3.771308517456054688e+01
1.217171717171717127e+00 1.883049964904785156e+01
1.227272727272727293e+00 9.021872520446777344e+00
1.237373737373737459e+00 4.154036521911621094e+00
1.247474747474747403e+00 1.835667610168457031e+00
1.257575757575757791e+00 7.797082662582397461e-01
1.267676767676767735e+00 3.177949190139770508e-01
1.277777777777777679e+00 1.244538947939872742e-01
1.287878787878788067e+00 4.681281745433807373e-02
1.297979797979798011e+00 1.692268252372741699e-02
1.308080808080808177e+00 5.941195413470268250e-03
1.318181818181818343e+00 1.941185444593429565e-03
1.328282828282828287e+00 5.990069475956261158e-04
1.338383838383838453e+00 2.341099898330867290e-04
1.348484848484848619e+00 4.162409459240734577e-05
1.358585858585858563e+00 2.022243279498070478e-05
1.368686868686868729e+00 4.863981303060427308e-05
1.378787878787878896e+00 1.242064445250434801e-05
1.388888888888888840e+00 6.215709436219185591e-05
1.398989898989899228e+00 2.563399675636901520e-06
1.409090909090909172e+00 1.835991679399739951e-05
1.419191919191919116e+00 3.434564496274106205e-05
1.429292929292929504e+00 9.904746548272669315e-06
1.439393939393939448e+00 5.682370101567357779e-05
1.449494949494949614e+00 5.722880814573727548e-05
1.459595959595959780e+00 6.132196722319349647e-05
1.469696969696969724e+00 1.848467582021839917e-05
1.479797979797979890e+00 4.927233021589927375e-05
1.489898989898990056e+00 6.512900199595605955e-06
1.500000000000000000e+00 2.678221790120005608e-05
