5.000000000000000000e-01 4.678408056497573853e-02
5.101010101010100550e-01 4.869115725159645081e-02
5.202020202020202211e-01 5.171121284365653992e-02
5.303030303030302761e-01 6.010094657540321350e-02
5.404040404040404422e-01 7.597456127405166626e-02
5.505050505050504972e-01 6.536062806844711304e-02
5.606060606060605522e-01 6.767658144235610962e-02
5.707070707070707183e-01 7.351059466600418091e-02
5.808080808080807733e-01 7.233050465583801270e-02
5.909090909090909394e-01 7.131974399089813232e-02
6.010101010101009944e-01 7.336436212062835693e-02
6.111111111111111605e-01 8.228427916765213013e-02
6.212121212121212155e-01 8.851844072341918945e-02
6.313131313131312705e-01 9.463925659656524658e-02
6.414141414141414366e-01 9.463487565517425537e-02
6.515151515151514916e-01 8.541827648878097534e-02
6.616161616161616577e-01 8.587900549173355103e-02
6.717171717171717127e-01 7.933744043111801147e-02
6.818181818181818787e-01 7.846487313508987427e-02
6.919191919191919338e-01 6.765452772378921509e-02
7.020202020202019888e-01 7.517782598733901978e-02
7.121212121212121549e-01 7.733292132616043091e-02
7.222222222222222099e-01 7.953476160764694214e-02
7.323232323232323759e-01 9.908259660005569458e-02
7.424242424242424310e-01 1.006456390023231506e-01
7.525252525252525970e-01 9.850693494081497192e-02
7.626262626262626521e-01 9.392771869897842407e-02
7.727272727272727071e-01 8.934190869331359863e-02
7.828282828282828731e-01 6.604642421007156372e-02
7.929292929292929282e-01 5.072752013802528381e-02
8.030303030303029832e-01 3.005745634436607361e-02
8.131313131313131493e-01 2.507383003830909729e-02
8.232323232323233153e-01 3.793798387050628662e-02
8.333333333333333703e-01 7.680361717939376831e-02
8.434343434343434254e-01 1.291862428188323975e-01
8.535353535353535914e-01 1.834885030984878540e-01
8.636363636363636465e-01 3.322535753250122070e-01
8.737373737373737015e-01 9.430458545684814453e-01
8.838383838383838675e-01 2.417852878570556641e+00
8.939393939393940336e-01 6.314576625823974609e+00
9.040404040404040886e-01 1.447834300994873047e+01
9.141414141414141437e-01 3.094309043884277344e+01
9.242424242424243097e-01 6.112635040283203125e+01
9.343434343434343647e-01 1.151033477783203125e+02
9.444444444444444198e-01 2.060214080810546875e+02
9.545454545454545858e-01 3.536814880371093750e+02
9.646464646464647519e-01 5.829259033203125000e+02
9.747474747474748069e-01 9.223726196289062500e+02
9.848484848484848619e-01 1.402350952148437500e+03
9.949494949494950280e-01 2.048875244140625000e+03
1.005050505050505194e+00 2.874942138671875000e+03
1.015151515151515138e+00 3.874360107421875000e+03
1.025252525252525304e+00 5.013400878906250000e+03
1.035353535353535470e+00 6.228340820312500000e+03
1.045454545454545414e+00 7.428736328125000000e+03
1.055555555555555580e+00 8.505495117187500000e+03
1.065656565656565746e+00 9.348776367187500000e+03
1.075757575757575690e+00 9.864446289062500000e+03
1.085858585858585856e+00 9.991297851562500000e+03
1.095959595959596022e+00 9.716314453125000000e+03
1.106060606060605966e+00 9.070462890625000000e+03
1.116161616161616355e+00 8.129337402343750000e+03
1.126262626262626299e+00 6.994607910156250000e+03
1.136363636363636465e+00 5.777061035156250000e+03
1.146464646464646631e+00 4.580583496093750000e+03
1.156565656565656575e+00 3.486739257812500000e+03
1.166666666666666741e+00 2.548084960937500000e+03
1.176767676767676907e+00 1.787594238281250000e+03
1.186868686868686851e+00 1.203911865234375000e+03
1.196969696969697017e+00 7.783925781250000000e+02
1.207070707070707183e+00 4.831324157714843750e+02
1.217171717171717127e+00 2.878656311035156250e+02
1.227272727272727293e+00 1.646889648437500000e+02
1.237373737373737459e+00 9.047850036621093750e+01
1.247474747474747403e+00 4.772741317749023438e+01
1.257575757575757791e+00 2.414855194091796875e+01
1.267676767676767735e+00 1.161081600189208984e+01
1.277777777777777679e+00 5.145423412322998047e+00
1.287878787878788067e+00 1.814192891120910645e+00
1.297979797979798011e+00 4.325082600116729736e-01
1.308080808080808177e+00 1.039894938468933105e+00
1.318181818181818343e+00 1.664588451385498047e+00
1.328282828282828287e+00 2.263338804244995117e+00
1.338383838383838453e+00 2.362578630447387695e+00
1.348484848484848619e+00 3.107353448867797852e+00
1.358585858585858563e+00 3.223469734191894531e+00
1.368686868686868729e+00 3.005533456802368164e+00
1.378787878787878896e+00 3.368726491928100586e+00
1.388888888888888840e+00 3.206561803817749023e+00
1.398989898989899228e+00 2.948538303375244141e+00
1.409090909090909172e+00 2.710967302322387695e+00
1.419191919191919116e+00 2.245558023452758789e+00
1.429292929292929504e+00 1.840119123458862305e+00
1.439393939393939448e+00 1.348080277442932129e+00
1.449494949494949614e+00 1.084150552749633789e+00
1.459595959595959780e+00 7.433796525001525879e-01
1.469696969696969724e+00 6.025013327598571777e-01
1.479797979797979890e+00 4.123642146587371826e-01
1.489898989898990056e+00 3.182237148284912109e-01
1.500000000000000000e+00 2.798373699188232422e-01
