5.000000000000000000e-01 2.635131750139407814e-05
5.101010101010100550e-01 3.459123036009259522e-05
5.202020202020202211e-01 2.422317993477918208e-05
5.303030303030302761e-01 3.098725574091076851e-05
5.404040404040404422e-01 2.714889706112444401e-05
5.505050505050504972e-01 3.941657723771641031e-06
5.606060606060605522e-01 1.321858599112601951e-05
5.707070707070707183e-01 3.679911242215894163e-05
5.808080808080807733e-01 7.930996798677369952e-05
5.909090909090909394e-01 2.147015584341716021e-05
6.010101010101009944e-01 3.667890632641501725e-05
6.111111111111111605e-01 3.755407078642747365e-06
6.212121212121212155e-01 3.435035750953829847e-06
6.313131313131312705e-01 3.296849172329530120e-05
6.414141414141414366e-01 8.718253411643672734e-06
6.515151515151514916e-01 1.984251684916671365e-05
6.616161616161616577e-01 6.666140507149975747e-06
6.717171717171717127e-01 7.230350092868320644e-06
6.818181818181818787e-01 1.553131369291804731e-05
6.919191919191919338e-01 8.156377589330077171e-06
7.020202020202019888e-01 3.052332249353639781e-05
7.121212121212121549e-01 8.609282667748630047e-05
7.222222222222222099e-01 1.315872068516910076e-04
7.323232323232323759e-01 4.519966896623373032e-04
7.424242424242424310e-01 1.413267338648438454e-03
7.525252525252525970e-01 4.415113944560289383e-03
7.626262626262626521e-01 1.289546489715576172e-02
7.727272727272727071e-01 3.623427450656890869e-02
7.828282828282828731e-01 9.761705994606018066e-02
7.929292929292929282e-01 2.525757551193237305e-01
8.030303030303029832e-01 6.269761919975280762e-01
8.131313131313131493e-01 1.494393467903137207e+00
8.232323232323233153e-01 3.419005632400512695e+00
8.333333333333333703e-01 7.509203910827636719e+00
8.434343434343434254e-01 1.583287239074707031e+01
8.535353535353535914e-01 3.204577636718750000e+01
8.636363636363636465e-01 6.226655197143554688e+01
8.737373737373737015e-01 1.161552963256835938e+02
8.838383838383838675e-01 2.080177917480468750e+02
8.939393939393940336e-01 3.575829162597656250e+02
9.040404040404040886e-01 5.901400756835937500e+02
9.141414141414141437e-01 9.350911254882812500e+02
9.242424242424243097e-01 1.422349121093750000e+03
9.343434343434343647e-01 2.076917236328125000e+03
9.444444444444444198e-01 2.911239990234375000e+03
9.545454545454545858e-01 3.917415039062500000e+03
9.646464646464647519e-01 5.061081054687500000e+03
9.747474747474748069e-01 6.277488281250000000e+03
9.848484848484848619e-01 7.474787597656250000e+03
9.949494949494950280e-01 8.544887695312500000e+03
1.005050505050505194e+00 9.376410156250000000e+03
1.015151515151515138e+00 9.877566406250000000e+03
1.025252525252525304e+00 9.988466796875000000e+03
1.035353535353535470e+00 9.698236328125000000e+03
1.045454545454545414e+00 9.039991210937500000e+03
1.055555555555555580e+00 8.089297851562500000e+03
1.065656565656565746e+00 6.948958984375000000e+03
1.075757575757575690e+00 5.730396972656250000e+03
1.085858585858585856e+00 4.536732910156250000e+03
1.095959595959596022e+00 3.447987060546875000e+03
1.106060606060605966e+00 2.515717529296875000e+03
1.116161616161616355e+00 1.762174438476562500e+03
1.126262626262626299e+00 1.184998535156250000e+03
1.136363636363636465e+00 7.649264526367187500e+02
1.146464646464646631e+00 4.740197753906250000e+02
1.156565656565656575e+00 2.818683166503906250e+02
1.166666666666666741e+00 1.608677825927734375e+02
1.176767676767676907e+00 8.803554534912109375e+01
1.186868686868686851e+00 4.628763961791992188e+01
1.196969696969697017e+00 2.327933311462402344e+01
1.207070707070707183e+00 1.133958625793457031e+01
1.217171717171717127e+00 5.479878902435302734e+00
1.227272727272727293e+00 2.750594854354858398e+00
1.237373737373737459e+00 1.593648314476013184e+00
1.247474747474747403e+00 1.135381221771240234e+00
1.257575757575757791e+00 8.924964666366577148e-01
1.267676767676767735e+00 7.605684995651245117e-01
1.277777777777777679e+00 6.938691735267639160e-01
1.287878787878788067e+00 5.163198113441467285e-01
1.297979797979798011e+00 3.925717771053314209e-01
1.308080808080808177e+00 3.296137154102325439e-01
1.318181818181818343e+00 2.441513687372207642e-01
1.328282828282828287e+00 1.810937076807022095e-01
1.338383838383838453e+00 1.281879693269729614e-01
1.348484848484848619e+00 9.769532829523086548e-02
1.358585858585858563e+00 4.836296662688255310e-02
1.368686868686868729e+00 3.490005061030387878e-02
1.378787878787878896e+00 1.984396949410438538e-02
1.388888888888888840e+00 1.183887198567390442e-02
1.398989898989899228e+00 6.617522332817316055e-03
1.409090909090909172e+00 2.847754163667559624e-03
1.419191919191919116e+00 1.691159559413790703e-03
1.429292929292929504e+00 8.478047093376517296e-04
1.439393939393939448e+00 4.465848905965685844e-04
1.449494949494949614e+00 1.371831895085051656e-04
1.459595959595959780e+00 3.385749369044788182e-05
1.469696969696969724e+00 1.464290744479512796e-05
1.479797979797979890e+00 3.195853423676453531e-05
1.489898989898990056e+00 2.314727498742286116e-05
1.500000000000000000e+00 9.689411854196805507e-06
