5.000000000000000000e-01 4.197628500000000000e+06
5.101010101010100550e-01 4.190414250000000000e+06
5.202020202020202211e-01 5.769311000000000000e+06
5.303030303030302761e-01 7.085353000000000000e+06
5.404040404040404422e-01 8.988950000000000000e+06
5.505050505050504972e-01 1.112526900000000000e+07
5.606060606060605522e-01 1.351875300000000000e+07
5.707070707070707183e-01 1.365462100000000000e+07
5.808080808080807733e-01 1.350866500000000000e+07
5.909090909090909394e-01 1.502892300000000000e+07
6.010101010101009944e-01 1.329779500000000000e+07
6.111111111111111605e-01 1.280382600000000000e+07
6.212121212121212155e-01 1.188081500000000000e+07
6.313131313131312705e-01 1.194397100000000000e+07
6.414141414141414366e-01 1.182739600000000000e+07
6.515151515151514916e-01 1.066623900000000000e+07
6.616161616161616577e-01 9.610397000000000000e+06
6.717171717171717127e-01 1.040404900000000000e+07
6.818181818181818787e-01 8.200896500000000000e+06
6.919191919191919338e-01 8.798401000000000000e+06
7.020202020202019888e-01 9.389923000000000000e+06
7.121212121212121549e-01 8.739911000000000000e+06
7.222222222222222099e-01 9.572802000000000000e+06
7.323232323232323759e-01 9.618950000000000000e+06
7.424242424242424310e-01 9.388613000000000000e+06
7.525252525252525970e-01 1.114436400000000000e+07
7.626262626262626521e-01 9.396695000000000000e+06
7.727272727272727071e-01 9.986079000000000000e+06
7.828282828282828731e-01 8.229532000000000000e+06
7.929292929292929282e-01 9.944611000000000000e+06
8.030303030303029832e-01 8.968190000000000000e+06
8.131313131313131493e-01 8.249884000000000000e+06
8.232323232323233153e-01 8.822289000000000000e+06
8.333333333333333703e-01 9.466283000000000000e+06
8.434343434343434254e-01 8.388073500000000000e+06
8.535353535353535914e-01 7.402206500000000000e+06
8.636363636363636465e-01 6.035429000000000000e+06
8.737373737373737015e-01 7.870901000000000000e+06
8.838383838383838675e-01 7.451443500000000000e+06
8.939393939393940336e-01 7.796788500000000000e+06
9.040404040404040886e-01 8.850877000000000000e+06
9.141414141414141437e-01 9.796573000000000000e+06
9.242424242424243097e-01 8.234607000000000000e+06
9.343434343434343647e-01 1.015660400000000000e+07
9.444444444444444198e-01 1.049869900000000000e+07
9.545454545454545858e-01 9.319259000000000000e+06
9.646464646464647519e-01 9.195543000000000000e+06
9.747474747474748069e-01 1.096566900000000000e+07
9.848484848484848619e-01 9.203333000000000000e+06
9.949494949494950280e-01 8.061849500000000000e+06
1.005050505050505194e+00 8.182905500000000000e+06
1.015151515151515138e+00 6.443409000000000000e+06
1.025252525252525304e+00 6.630335000000000000e+06
1.035353535353535470e+00 5.629996500000000000e+06
1.045454545454545414e+00 5.190177500000000000e+06
1.055555555555555580e+00 3.730831500000000000e+06
1.065656565656565746e+00 3.330329750000000000e+06
1.075757575757575690e+00 3.321445750000000000e+06
1.085858585858585856e+00 4.614764000000000000e+06
1.095959595959596022e+00 6.081869500000000000e+06
1.106060606060605966e+00 8.752980000000000000e+06
1.116161616161616355e+00 8.941080000000000000e+06
1.126262626262626299e+00 1.078195700000000000e+07
1.136363636363636465e+00 1.068398700000000000e+07
1.146464646464646631e+00 9.751212000000000000e+06
1.156565656565656575e+00 1.038841700000000000e+07
1.166666666666666741e+00 1.129129700000000000e+07
1.176767676767676907e+00 9.899040000000000000e+06
1.186868686868686851e+00 9.702904000000000000e+06
1.196969696969697017e+00 8.328268500000000000e+06
1.207070707070707183e+00 9.252365000000000000e+06
1.217171717171717127e+00 8.608941000000000000e+06
1.227272727272727293e+00 8.891959000000000000e+06
1.237373737373737459e+00 7.189284000000000000e+06
1.247474747474747403e+00 7.193816500000000000e+06
1.257575757575757791e+00 8.296807500000000000e+06
1.267676767676767735e+00 8.196512000000000000e+06
1.277777777777777679e+00 7.531478500000000000e+06
1.287878787878788067e+00 6.979500000000000000e+06
1.297979797979798011e+00 7.633744500000000000e+06
1.308080808080808177e+00 6.013132500000000000e+06
1.318181818181818343e+00 5.630589500000000000e+06
1.328282828282828287e+00 5.024246000000000000e+06
1.338383838383838453e+00 3.912976000000000000e+06
1.348484848484848619e+00 4.264377500000000000e+06
1.358585858585858563e+00 4.864655500000000000e+06
1.368686868686868729e+00 4.974183500000000000e+06
1.378787878787878896e+00 6.758618000000000000e+06
1.388888888888888840e+00 7.840520500000000000e+06
1.398989898989899228e+00 8.376642000000000000e+06
1.409090909090909172e+00 9.161317000000000000e+06
1.419191919191919116e+00 9.745953000000000000e+06
1.429292929292929504e+00 9.621339000000000000e+06
1.439393939393939448e+00 9.641688000000000000e+06
1.449494949494949614e+00 7.976548000000000000e+06
1.459595959595959780e+00 8.164129500000000000e+06
1.469696969696969724e+00 6.268449500000000000e+06
1.479797979797979890e+00 6.864685500000000000e+06
1.489898989898990056e+00 8.836497000000000000e+06
1.500000000000000000e+00 9.738769000000000000e+06
