5.000000000000000000e-01 2.213550578744616359e-05
5.101010101010100550e-01 2.181515992560889572e-05
5.202020202020202211e-01 4.673049988923594356e-05
5.303030303030302761e-01 1.009347761282697320e-04
5.404040404040404422e-01 2.131757355527952313e-04
5.505050505050504972e-01 4.493528103921562433e-04
5.606060606060605522e-01 1.025871606543660164e-03
5.707070707070707183e-01 2.172128763049840927e-03
5.808080808080807733e-01 4.496044944971799850e-03
5.909090909090909394e-01 8.614516817033290863e-03
6.010101010101009944e-01 1.567038893699645996e-02
6.111111111111111605e-01 2.916669100522994995e-02
6.212121212121212155e-01 5.050684139132499695e-02
6.313131313131312705e-01 8.367463946342468262e-02
6.414141414141414366e-01 1.353793591260910034e-01
6.515151515151514916e-01 2.012138068675994873e-01
6.616161616161616577e-01 3.013996779918670654e-01
6.717171717171717127e-01 4.256493747234344482e-01
6.818181818181818787e-01 5.771367549896240234e-01
6.919191919191919338e-01 7.328416705131530762e-01
7.020202020202019888e-01 9.034796953201293945e-01
7.121212121212121549e-01 1.129214048385620117e+00
7.222222222222222099e-01 1.263204574584960938e+00
7.323232323232323759e-01 1.400300145149230957e+00
7.424242424242424310e-01 1.470548152923583984e+00
7.525252525252525970e-01 1.537799835205078125e+00
7.626262626262626521e-01 1.549959778785705566e+00
7.727272727272727071e-01 1.476726770401000977e+00
7.828282828282828731e-01 1.447779774665832520e+00
7.929292929292929282e-01 1.538742184638977051e+00
8.030303030303029832e-01 1.956654787063598633e+00
8.131313131313131493e-01 3.258569002151489258e+00
8.232323232323233153e-01 6.556841850280761719e+00
8.333333333333333703e-01 1.363269901275634766e+01
8.434343434343434254e-01 2.772429084777832031e+01
8.535353535353535914e-01 5.432770156860351562e+01
8.636363636363636465e-01 1.022701568603515625e+02
8.737373737373737015e-01 1.847656707763671875e+02
8.838383838383838675e-01 3.203776245117187500e+02
8.939393939393940336e-01 5.333446044921875000e+02
9.040404040404040886e-01 8.522529296875000000e+02
9.141414141414141437e-01 1.307422363281250000e+03
9.242424242424243097e-01 1.925503051757812500e+03
9.343434343434343647e-01 2.722240966796875000e+03
9.444444444444444198e-01 3.694732177734375000e+03
9.545454545454545858e-01 4.814153808593750000e+03
9.646464646464647519e-01 6.022633789062500000e+03
9.747474747474748069e-01 7.232267578125000000e+03
9.848484848484848619e-01 8.337708007812500000e+03
9.949494949494950280e-01 9.227353515625000000e+03
1.005050505050505194e+00 9.803842773437500000e+03
1.015151515151515138e+00 9.998843750000000000e+03
1.025252525252525304e+00 9.792375976562500000e+03
1.035353535353535470e+00 9.204318359375000000e+03
1.045454545454545414e+00 8.307060546875000000e+03
1.055555555555555580e+00 7.197296386718750000e+03
1.065656565656565746e+00 5.986119140625000000e+03
1.075757575757575690e+00 4.779374023437500000e+03
1.085858585858585856e+00 3.663256835937500000e+03
1.095959595959596022e+00 2.695832519531250000e+03
1.106060606060605966e+00 1.904596679687500000e+03
1.116161616161616355e+00 1.291755737304687500e+03
1.126262626262626299e+00 8.411320800781250000e+02
1.136363636363636465e+00 5.257212524414062500e+02
1.146464646464646631e+00 3.154525146484375000e+02
1.156565656565656575e+00 1.817190856933593750e+02
1.166666666666666741e+00 1.005078582763671875e+02
1.176767676767676907e+00 5.336439895629882812e+01
1.186868686868686851e+00 2.720052528381347656e+01
1.196969696969697017e+00 1.330907821655273438e+01
1.207070707070707183e+00 6.252394199371337891e+00
1.217171717171717127e+00 2.819985866546630859e+00
1.227272727272727293e+00 1.220882296562194824e+00
1.237373737373737459e+00 5.075573921203613281e-01
1.247474747474747403e+00 2.024665176868438721e-01
1.257575757575757791e+00 7.752674072980880737e-02
1.267676767676767735e+00 2.858978882431983948e-02
1.277777777777777679e+00 1.004698220640420914e-02
1.287878787878788067e+00 3.391293575987219810e-03
1.297979797979798011e+00 1.119589665904641151e-03
1.308080808080808177e+00 3.952858096454292536e-04
1.318181818181818343e+00 9.731067984830588102e-05
1.328282828282828287e+00 1.564069179949001409e-06
1.338383838383838453e+00 4.352047835709527135e-05
1.348484848484848619e+00 2.224158743047155440e-05
1.358585858585858563e+00 3.394745590412640013e-06
1.368686868686868729e+00 4.708085907623171806e-05
1.378787878787878896e+00 2.536747160775121301e-05
1.388888888888888840e+00 7.515227480325847864e-05
1.398989898989899228e+00 1.124448499467689544e-05
1.409090909090909172e+00 2.484730066498741508e-05
1.419191919191919116e+00 2.428308289381675422e-05
1.429292929292929504e+00 1.653696017456240952e-05
1.439393939393939448e+00 4.717566116596572101e-05
1.449494949494949614e+00 3.700227534864097834e-05
1.459595959595959780e+00 5.153965685167349875e-05
1.469696969696969724e+00 2.937139470304828137e-05
1.479797979797979890e+00 5.623145625577308238e-05
1.489898989898990056e+00 1.306458557337464299e-06
1.500000000000000000e+00 2.943760364360059611e-06
