5.000000000000000000e-01 4.891954958438873291e-01
5.101010101010100550e-01 6.094850897789001465e-01
5.202020202020202211e-01 7.328982353210449219e-01
5.303030303030302761e-01 8.319575190544128418e-01
5.404040404040404422e-01 9.239963293075561523e-01
5.505050505050504972e-01 9.864621758460998535e-01
5.606060606060605522e-01 9.872052073478698730e-01
5.707070707070707183e-01 9.829112887382507324e-01
5.808080808080807733e-01 9.137910008430480957e-01
5.909090909090909394e-01 8.225019574165344238e-01
6.010101010101009944e-01 7.128322124481201172e-01
6.111111111111111605e-01 5.893551707267761230e-01
6.212121212121212155e-01 4.692489802837371826e-01
6.313131313131312705e-01 3.584763407707214355e-01
6.414141414141414366e-01 2.634765803813934326e-01
6.515151515151514916e-01 1.850175410509109497e-01
6.616161616161616577e-01 1.241022869944572449e-01
6.717171717171717127e-01 8.117332309484481812e-02
6.818181818181818787e-01 5.006200820207595825e-02
6.919191919191919338e-01 3.031062148511409760e-02
7.020202020202019888e-01 1.743153855204582214e-02
7.121212121212121549e-01 9.758098050951957703e-03
7.222222222222222099e-01 5.650090519338846207e-03
7.323232323232323759e-01 4.374267999082803726e-03
7.424242424242424310e-01 6.670149508863687515e-03
7.525252525252525970e-01 1.631474122405052185e-02
7.626262626262626521e-01 4.406934604048728943e-02
7.727272727272727071e-01 1.172476112842559814e-01
7.828282828282828731e-01 3.005979359149932861e-01
7.929292929292929282e-01 7.404636740684509277e-01
8.030303030303029832e-01 1.750841259956359863e+00
8.131313131313131493e-01 3.974553346633911133e+00
8.232323232323233153e-01 8.662528038024902344e+00
8.333333333333333703e-01 1.812444496154785156e+01
8.434343434343434254e-01 3.640156936645507812e+01
8.535353535353535914e-01 7.019834899902343750e+01
8.636363636363636465e-01 1.299452972412109375e+02
8.737373737373737015e-01 2.309415130615234375e+02
8.838383838383838675e-01 3.939657287597656250e+02
8.939393939393940336e-01 6.452497558593750000e+02
9.040404040404040886e-01 1.014645019531250000e+03
9.141414141414141437e-01 1.531615844726562500e+03
9.242424242424243097e-01 2.219508789062500000e+03
9.343434343434343647e-01 3.087489013671875000e+03
9.444444444444444198e-01 4.122947753906250000e+03
9.545454545454545858e-01 5.286245605468750000e+03
9.646464646464647519e-01 6.506707031250000000e+03
9.747474747474748069e-01 7.688655761718750000e+03
9.848484848484848619e-01 8.722166992187500000e+03
9.949494949494950280e-01 9.498384765625000000e+03
1.005050505050505194e+00 9.928368164062500000e+03
1.015151515151515138e+00 9.964226562500000000e+03
1.025252525252525304e+00 9.601140625000000000e+03
1.035353535353535470e+00 8.880829101562500000e+03
1.045454545454545414e+00 7.886559082031250000e+03
1.055555555555555580e+00 6.723368652343750000e+03
1.065656565656565746e+00 5.501419921875000000e+03
1.075757575757575690e+00 4.323047363281250000e+03
1.085858585858585856e+00 3.260294189453125000e+03
1.095959595959596022e+00 2.360636718750000000e+03
1.106060606060605966e+00 1.641046875000000000e+03
1.116161616161616355e+00 1.095141113281250000e+03
1.126262626262626299e+00 7.015539550781250000e+02
1.136363636363636465e+00 4.314555969238281250e+02
1.146464646464646631e+00 2.547426757812500000e+02
1.156565656565656575e+00 1.443887023925781250e+02
1.166666666666666741e+00 7.857568359375000000e+01
1.176767676767676907e+00 4.104702377319335938e+01
1.186868686868686851e+00 2.058371925354003906e+01
1.196969696969697017e+00 9.909982681274414062e+00
1.207070707070707183e+00 4.580335140228271484e+00
1.217171717171717127e+00 2.032440662384033203e+00
1.227272727272727293e+00 8.656867742538452148e-01
1.237373737373737459e+00 3.539852499961853027e-01
1.247474747474747403e+00 1.389161050319671631e-01
1.257575757575757791e+00 5.231105908751487732e-02
1.267676767676767735e+00 1.898281835019588470e-02
1.277777777777777679e+00 6.546040996909141541e-03
1.287878787878788067e+00 2.168972045183181763e-03
1.297979797979798011e+00 7.140869856812059879e-04
1.308080808080808177e+00 2.628286019898951054e-04
1.318181818181818343e+00 5.557551048696041107e-05
1.328282828282828287e+00 1.554454502183943987e-05
1.338383838383838453e+00 3.893329267157241702e-05
1.348484848484848619e+00 1.756534402375109494e-05
1.358585858585858563e+00 1.055467055266490206e-05
1.368686868686868729e+00 5.115594831295311451e-05
1.378787878787878896e+00 3.428662694204831496e-06
1.388888888888888840e+00 6.876543920952826738e-05
1.398989898989899228e+00 5.754373887612018734e-06
1.409090909090909172e+00 2.496078559488523751e-05
1.419191919191919116e+00 2.388474240433424711e-05
1.429292929292929504e+00 1.050058381224516779e-05
1.439393939393939448e+00 4.571455065160989761e-05
1.449494949494949614e+00 3.142451168969273567e-05
1.459595959595959780e+00 4.308865027269348502e-05
1.469696969696969724e+00 2.801270420604851097e-05
1.479797979797979890e+00 6.379092519637197256e-05
1.489898989898990056e+00 6.355583082040539011e-07
1.500000000000000000e+00 7.382871444860938936e-06
