5.000000000000000000e-01 9.268826000000000000e+06
5.101010101010100550e-01 9.340332000000000000e+06
5.202020202020202211e-01 8.320741000000000000e+06
5.303030303030302761e-01 5.777581500000000000e+06
5.404040404040404422e-01 5.193725500000000000e+06
5.505050505050504972e-01 3.535494500000000000e+06
5.606060606060605522e-01 2.802556500000000000e+06
5.707070707070707183e-01 3.236556750000000000e+06
5.808080808080807733e-01 3.706712750000000000e+06
5.909090909090909394e-01 4.516815000000000000e+06
6.010101010101009944e-01 5.967283000000000000e+06
6.111111111111111605e-01 6.354718000000000000e+06
6.212121212121212155e-01 6.857655000000000000e+06
6.313131313131312705e-01 6.145725000000000000e+06
6.414141414141414366e-01 5.779247500000000000e+06
6.515151515151514916e-01 6.165557500000000000e+06
6.616161616161616577e-01 5.437015000000000000e+06
6.717171717171717127e-01 4.811872500000000000e+06
6.818181818181818787e-01 5.231948000000000000e+06
6.919191919191919338e-01 4.344906500000000000e+06
7.020202020202019888e-01 3.746194750000000000e+06
7.121212121212121549e-01 2.959678250000000000e+06
7.222222222222222099e-01 1.976366750000000000e+06
7.323232323232323759e-01 1.425510250000000000e+06
7.424242424242424310e-01 1.226322750000000000e+06
7.525252525252525970e-01 8.577670000000000000e+05
7.626262626262626521e-01 6.732841875000000000e+05
7.727272727272727071e-01 8.464900000000000000e+05
7.828282828282828731e-01 1.954895375000000000e+06
7.929292929292929282e-01 2.699632000000000000e+06
8.030303030303029832e-01 4.309738500000000000e+06
8.131313131313131493e-01 6.263995500000000000e+06
8.232323232323233153e-01 6.910082500000000000e+06
8.333333333333333703e-01 7.403788000000000000e+06
8.434343434343434254e-01 8.292413500000000000e+06
8.535353535353535914e-01 9.946213000000000000e+06
8.636363636363636465e-01 1.061967500000000000e+07
8.737373737373737015e-01 1.353392100000000000e+07
8.838383838383838675e-01 1.309988700000000000e+07
8.939393939393940336e-01 1.388351000000000000e+07
9.040404040404040886e-01 1.418693200000000000e+07
9.141414141414141437e-01 1.519641300000000000e+07
9.242424242424243097e-01 1.341275900000000000e+07
9.343434343434343647e-01 1.503410800000000000e+07
9.444444444444444198e-01 1.471084500000000000e+07
9.545454545454545858e-01 1.556975000000000000e+07
9.646464646464647519e-01 1.407125200000000000e+07
9.747474747474748069e-01 1.401909400000000000e+07
9.848484848484848619e-01 1.160117400000000000e+07
9.949494949494950280e-01 1.082108000000000000e+07
1.005050505050505194e+00 8.472793000000000000e+06
1.015151515151515138e+00 8.063292000000000000e+06
1.025252525252525304e+00 6.115603000000000000e+06
1.035353535353535470e+00 4.163514500000000000e+06
1.045454545454545414e+00 2.246935750000000000e+06
1.055555555555555580e+00 6.230812500000000000e+05
1.065656565656565746e+00 1.272215375000000000e+06
1.075757575757575690e+00 3.361225250000000000e+06
1.085858585858585856e+00 4.073450250000000000e+06
1.095959595959596022e+00 5.329775000000000000e+06
1.106060606060605966e+00 6.664825500000000000e+06
1.116161616161616355e+00 7.221983000000000000e+06
1.126262626262626299e+00 6.645222000000000000e+06
1.136363636363636465e+00 7.177609000000000000e+06
1.146464646464646631e+00 8.054211500000000000e+06
1.156565656565656575e+00 8.950563000000000000e+06
1.166666666666666741e+00 9.324732000000000000e+06
1.176767676767676907e+00 1.057044700000000000e+07
1.186868686868686851e+00 9.697206000000000000e+06
1.196969696969697017e+00 1.003884800000000000e+07
1.207070707070707183e+00 1.016127100000000000e+07
1.217171717171717127e+00 8.568366000000000000e+06
1.227272727272727293e+00 7.694578000000000000e+06
1.237373737373737459e+00 6.821737000000000000e+06
1.247474747474747403e+00 4.604908000000000000e+06
1.257575757575757791e+00 3.039905250000000000e+06
1.267676767676767735e+00 2.049681750000000000e+06
1.277777777777777679e+00 3.370856750000000000e+06
1.287878787878788067e+00 4.975411000000000000e+06
1.297979797979798011e+00 5.546414500000000000e+06
1.308080808080808177e+00 6.145382000000000000e+06
1.318181818181818343e+00 6.679347500000000000e+06
1.328282828282828287e+00 5.809190500000000000e+06
1.338383838383838453e+00 5.337674000000000000e+06
1.348484848484848619e+00 4.195880000000000000e+06
1.358585858585858563e+00 3.154300750000000000e+06
1.368686868686868729e+00 1.907561000000000000e+06
1.378787878787878896e+00 1.571885500000000000e+06
1.388888888888888840e+00 2.975539500000000000e+06
1.398989898989899228e+00 4.107397750000000000e+06
1.409090909090909172e+00 5.322317500000000000e+06
1.419191919191919116e+00 6.400547000000000000e+06
1.429292929292929504e+00 6.524333500000000000e+06
1.439393939393939448e+00 7.484704500000000000e+06
1.449494949494949614e+00 6.214181500000000000e+06
1.459595959595959780e+00 5.816484000000000000e+06
1.469696969696969724e+00 5.282840000000000000e+06
1.479797979797979890e+00 4.757936000000000000e+06
1.489898989898990056e+00 3.543246750000000000e+06
1.500000000000000000e+00 4.600337000000000000e+06
