5.000000000000000000e-01 2.433192345600000000e+10
5.101010101010100550e-01 2.162451456000000000e+10
5.202020202020202211e-01 1.766875545600000000e+10
5.303030303030302761e-01 1.317238169600000000e+10
5.404040404040404422e-01 8.583783424000000000e+09
5.505050505050504972e-01 3.831870208000000000e+09
5.606060606060605522e-01 2.530374656000000000e+09
5.707070707070707183e-01 6.380536832000000000e+09
5.808080808080807733e-01 1.053875712000000000e+10
5.909090909090909394e-01 1.402677248000000000e+10
6.010101010101009944e-01 1.692676915200000000e+10
6.111111111111111605e-01 1.848512716800000000e+10
6.212121212121212155e-01 2.009955737600000000e+10
6.313131313131312705e-01 2.130582732800000000e+10
6.414141414141414366e-01 2.080374988800000000e+10
6.515151515151514916e-01 2.055995187200000000e+10
6.616161616161616577e-01 1.897231974400000000e+10
6.717171717171717127e-01 1.659564236800000000e+10
6.818181818181818787e-01 1.391516876800000000e+10
6.919191919191919338e-01 1.088664371200000000e+10
7.020202020202019888e-01 7.857320448000000000e+09
7.121212121212121549e-01 5.153385472000000000e+09
7.222222222222222099e-01 4.009868800000000000e+09
7.323232323232323759e-01 4.644913664000000000e+09
7.424242424242424310e-01 5.780648960000000000e+09
7.525252525252525970e-01 6.575318528000000000e+09
7.626262626262626521e-01 6.616121344000000000e+09
7.727272727272727071e-01 5.697252352000000000e+09
7.828282828282828731e-01 4.549435904000000000e+09
7.929292929292929282e-01 3.816011264000000000e+09
8.030303030303029832e-01 4.779509760000000000e+09
8.131313131313131493e-01 7.090761216000000000e+09
8.232323232323233153e-01 9.646931968000000000e+09
8.333333333333333703e-01 1.219925094400000000e+10
8.434343434343434254e-01 1.489299251200000000e+10
8.535353535353535914e-01 1.706429440000000000e+10
8.636363636363636465e-01 1.919380480000000000e+10
8.737373737373737015e-01 2.129157120000000000e+10
8.838383838383838675e-01 2.334764646400000000e+10
8.939393939393940336e-01 2.524556288000000000e+10
9.040404040404040886e-01 2.674725068800000000e+10
9.141414141414141437e-01 2.793890201600000000e+10
9.242424242424243097e-01 2.880011264000000000e+10
9.343434343434343647e-01 3.004696985600000000e+10
9.444444444444444198e-01 2.867927859200000000e+10
9.545454545454545858e-01 2.944760832000000000e+10
9.646464646464647519e-01 2.753944166400000000e+10
9.747474747474748069e-01 2.687331328000000000e+10
9.848484848484848619e-01 2.476856934400000000e+10
9.949494949494950280e-01 2.195274752000000000e+10
1.005050505050505194e+00 1.926302105600000000e+10
1.015151515151515138e+00 1.578838937600000000e+10
1.025252525252525304e+00 1.224927436800000000e+10
1.035353535353535470e+00 9.218475008000000000e+09
1.045454545454545414e+00 6.510206464000000000e+09
1.055555555555555580e+00 5.630447104000000000e+09
1.065656565656565746e+00 6.852616704000000000e+09
1.075757575757575690e+00 8.704458752000000000e+09
1.085858585858585856e+00 1.008158720000000000e+10
1.095959595959596022e+00 1.118475366400000000e+10
1.106060606060605966e+00 1.149300940800000000e+10
1.116161616161616355e+00 1.145099571200000000e+10
1.126262626262626299e+00 1.177338982400000000e+10
1.136363636363636465e+00 1.203239628800000000e+10
1.146464646464646631e+00 1.265656012800000000e+10
1.156565656565656575e+00 1.376359628800000000e+10
1.166666666666666741e+00 1.529636352000000000e+10
1.176767676767676907e+00 1.672174592000000000e+10
1.186868686868686851e+00 1.776204185600000000e+10
1.196969696969697017e+00 1.859665510400000000e+10
1.207070707070707183e+00 1.841488076800000000e+10
1.217171717171717127e+00 1.781474713600000000e+10
1.227272727272727293e+00 1.665202995200000000e+10
1.237373737373737459e+00 1.441410662400000000e+10
1.247474747474747403e+00 1.220387635200000000e+10
1.257575757575757791e+00 1.064714035200000000e+10
1.267676767676767735e+00 9.712239616000000000e+09
1.277777777777777679e+00 1.021420748800000000e+10
1.287878787878788067e+00 1.089262592000000000e+10
1.297979797979798011e+00 1.190089318400000000e+10
1.308080808080808177e+00 1.228035481600000000e+10
1.318181818181818343e+00 1.218613350400000000e+10
1.328282828282828287e+00 1.136515788800000000e+10
1.338383838383838453e+00 9.934899200000000000e+09
1.348484848484848619e+00 7.482588672000000000e+09
1.358585858585858563e+00 4.925600768000000000e+09
1.368686868686868729e+00 1.941099136000000000e+09
1.378787878787878896e+00 1.481104384000000000e+09
1.388888888888888840e+00 4.592873984000000000e+09
1.398989898989899228e+00 7.920441344000000000e+09
1.409090909090909172e+00 1.095200563200000000e+10
1.419191919191919116e+00 1.336243609600000000e+10
1.429292929292929504e+00 1.519526604800000000e+10
1.439393939393939448e+00 1.688248320000000000e+10
1.449494949494949614e+00 1.679977267200000000e+10
1.459595959595959780e+00 1.616361779200000000e+10
1.469696969696969724e+00 1.434544332800000000e+10
1.479797979797979890e+00 1.187925094400000000e+10
1.489898989898990056e+00 8.768542720000000000e+09
1.500000000000000000e+00 6.142668800000000000e+09
