5.000000000000000000e-01 1.121471752412617207e-03
5.101010101010100550e-01 2.414385322481393814e-03
5.202020202020202211e-01 4.377539269626140594e-03
5.303030303030302761e-01 5.993317812681198120e-03
5.404040404040404422e-01 1.087140385061502457e-02
5.505050505050504972e-01 2.183499746024608612e-02
5.606060606060605522e-01 3.427105396986007690e-02
5.707070707070707183e-01 4.496144503355026245e-02
5.808080808080807733e-01 4.844075068831443787e-02
5.909090909090909394e-01 8.663643151521682739e-02
6.010101010101009944e-01 9.600307047367095947e-02
6.111111111111111605e-01 8.877781778573989868e-02
6.212121212121212155e-01 1.674276441335678101e-01
6.313131313131312705e-01 1.497907638549804688e-01
6.414141414141414366e-01 1.713080108165740967e-01
6.515151515151514916e-01 1.642187386751174927e-01
6.616161616161616577e-01 1.226905360817909241e-01
6.717171717171717127e-01 1.747223734855651855e-01
6.818181818181818787e-01 1.134521663188934326e-01
6.919191919191919338e-01 1.508315801620483398e-01
7.020202020202019888e-01 1.801018863916397095e-01
7.121212121212121549e-01 8.734212070703506470e-02
7.222222222222222099e-01 6.012104451656341553e-02
7.323232323232323759e-01 6.810909509658813477e-02
7.424242424242424310e-01 4.853424802422523499e-02
7.525252525252525970e-01 3.418139368295669556e-02
7.626262626262626521e-01 3.944180160760879517e-02
7.727272727272727071e-01 1.004347279667854309e-01
7.828282828282828731e-01 2.556777894496917725e-01
7.929292929292929282e-01 6.260696649551391602e-01
8.030303030303029832e-01 1.485009789466857910e+00
8.131313131313131493e-01 3.391434669494628906e+00
8.232323232323233153e-01 7.449098110198974609e+00
8.333333333333333703e-01 1.571084403991699219e+01
8.434343434343434254e-01 3.181231117248535156e+01
8.535353535353535914e-01 6.184131622314453125e+01
8.636363636363636465e-01 1.154043579101562500e+02
8.737373737373737015e-01 2.067653808593750000e+02
8.838383838383838675e-01 3.555938110351562500e+02
8.939393939393940336e-01 5.871150512695312500e+02
9.040404040404040886e-01 9.306585693359375000e+02
9.141414141414141437e-01 1.416220214843750000e+03
9.242424242424243097e-01 2.068889892578125000e+03
9.343434343434343647e-01 2.901395751953125000e+03
9.444444444444444198e-01 3.906064941406250000e+03
9.545454545454545858e-01 5.048846679687500000e+03
9.646464646464647519e-01 6.265092285156250000e+03
9.747474747474748069e-01 7.462811523437500000e+03
9.848484848484848619e-01 8.535188476562500000e+03
9.949494949494950280e-01 9.369973632812500000e+03
1.005050505050505194e+00 9.874367187500000000e+03
1.015151515151515138e+00 9.989810546875000000e+03
1.025252525252525304e+00 9.703954101562500000e+03
1.035353535353535470e+00 9.048758789062500000e+03
1.045454545454545414e+00 8.100563476562500000e+03
1.055555555555555580e+00 6.962021972656250000e+03
1.065656565656565746e+00 5.743789550781250000e+03
1.075757575757575690e+00 4.548895996093750000e+03
1.085858585858585856e+00 3.458883056640625000e+03
1.095959595959596022e+00 2.524761230468750000e+03
1.106060606060605966e+00 1.769344970703125000e+03
1.116161616161616355e+00 1.190323852539062500e+03
1.126262626262626299e+00 7.687562866210937500e+02
1.136363636363636465e+00 4.766109924316406250e+02
1.146464646464646631e+00 2.836813964843750000e+02
1.156565656565656575e+00 1.620950927734375000e+02
1.166666666666666741e+00 8.893027496337890625e+01
1.176767676767676907e+00 4.683394241333007812e+01
1.186868686868686851e+00 2.367856788635253906e+01
1.196969696969697017e+00 1.149201107025146484e+01
1.207070707070707183e+00 5.354717731475830078e+00
1.217171717171717127e+00 2.395304441452026367e+00
1.227272727272727293e+00 1.028604388236999512e+00
1.237373737373737459e+00 4.240731894969940186e-01
1.247474747474747403e+00 1.677425503730773926e-01
1.257575757575757791e+00 6.369329243898391724e-02
1.267676767676767735e+00 2.329141274094581604e-02
1.277777777777777679e+00 8.105052635073661804e-03
1.287878787878788067e+00 2.704484388232231140e-03
1.297979797979798011e+00 8.892876794561743736e-04
1.308080808080808177e+00 3.209662099834531546e-04
1.318181818181818343e+00 8.169795910362154245e-05
1.328282828282828287e+00 1.601163967279717326e-05
1.338383838383838453e+00 4.314209218136966228e-05
1.348484848484848619e+00 2.183166907343547791e-05
1.358585858585858563e+00 1.452005562896374613e-05
1.368686868686868729e+00 4.778925358550623059e-05
1.378787878787878896e+00 7.158704192988807335e-06
1.388888888888888840e+00 6.656083132838830352e-05
1.398989898989899228e+00 1.738229002512525767e-05
1.409090909090909172e+00 2.940316517197061330e-05
1.419191919191919116e+00 2.658396988408640027e-05
1.429292929292929504e+00 1.385911855322774500e-05
1.439393939393939448e+00 4.567700671032071114e-05
1.449494949494949614e+00 2.945062078651972115e-05
1.459595959595959780e+00 4.471907232073135674e-05
1.469696969696969724e+00 1.751960553519893438e-05
1.479797979797979890e+00 6.154552829684689641e-05
1.489898989898990056e+00 5.177541879675118253e-06
1.500000000000000000e+00 2.690748488021199591e-06
