5.000000000000000000e-01 1.815598807297646999e-05
5.101010101010100550e-01 1.937587876454927027e-05
5.202020202020202211e-01 3.683538807308650576e-07
5.303030303030302761e-01 3.978806944360258058e-06
5.404040404040404422e-01 4.320431980886496603e-05
5.505050505050504972e-01 2.224930722150020301e-05
5.606060606060605522e-01 2.566353214206174016e-05
5.707070707070707183e-01 1.362927946502168197e-06
5.808080808080807733e-01 1.680836976447608322e-05
5.909090909090909394e-01 1.833165129028202500e-06
6.010101010101009944e-01 1.052301740855909884e-05
6.111111111111111605e-01 1.125277776736766100e-06
6.212121212121212155e-01 2.003765803237911314e-05
6.313131313131312705e-01 1.681504545558709651e-05
6.414141414141414366e-01 1.224646166519960389e-05
6.515151515151514916e-01 2.988455435115611181e-06
6.616161616161616577e-01 1.573721601744182408e-05
6.717171717171717127e-01 8.543775038560852408e-06
6.818181818181818787e-01 1.651333514018915594e-05
6.919191919191919338e-01 2.829422373906709254e-05
7.020202020202019888e-01 4.421674020704813302e-05
7.121212121212121549e-01 1.126693950936896726e-05
7.222222222222222099e-01 1.520862042525550351e-05
7.323232323232323759e-01 3.855314935208298266e-05
7.424242424242424310e-01 8.428183355135843158e-05
7.525252525252525970e-01 2.198093134211376309e-04
7.626262626262626521e-01 4.444149089977145195e-04
7.727272727272727071e-01 1.061614952050149441e-03
7.828282828282828731e-01 2.022919943556189537e-03
7.929292929292929282e-01 3.473079763352870941e-03
8.030303030303029832e-01 6.901299115270376205e-03
8.131313131313131493e-01 1.172495447099208832e-02
8.232323232323233153e-01 1.589066162705421448e-02
8.333333333333333703e-01 3.799337521195411682e-02
8.434343434343434254e-01 9.231249988079071045e-02
8.535353535353535914e-01 2.558885216712951660e-01
8.636363636363636465e-01 6.263146400451660156e-01
8.737373737373737015e-01 1.508520603179931641e+00
8.838383838383838675e-01 3.445380449295043945e+00
8.939393939393940336e-01 7.517165660858154297e+00
9.040404040404040886e-01 1.575010776519775391e+01
9.141414141414141437e-01 3.171556091308593750e+01
9.242424242424243097e-01 6.136882019042968750e+01
9.343434343434343647e-01 1.142121734619140625e+02
9.444444444444444198e-01 2.042135009765625000e+02
9.545454545454545858e-01 3.512042846679687500e+02
9.646464646464647519e-01 5.798873291015625000e+02
9.747474747474748069e-01 9.198356933593750000e+02
9.848484848484848619e-01 1.400817382812500000e+03
9.949494949494950280e-01 2.048253662109375000e+03
1.005050505050505194e+00 2.875594238281250000e+03
1.015151515151515138e+00 3.875840576171875000e+03
1.025252525252525304e+00 5.014733398437500000e+03
1.035353535353535470e+00 6.229918945312500000e+03
1.045454545454545414e+00 7.430070312500000000e+03
1.055555555555555580e+00 8.506321289062500000e+03
1.065656565656565746e+00 9.348615234375000000e+03
1.075757575757575690e+00 9.864583007812500000e+03
1.085858585858585856e+00 9.990811523437500000e+03
1.095959595959596022e+00 9.715867187500000000e+03
1.106060606060605966e+00 9.070652343750000000e+03
1.116161616161616355e+00 8.129406738281250000e+03
1.126262626262626299e+00 6.994808105468750000e+03
1.136363636363636465e+00 5.777077148437500000e+03
1.146464646464646631e+00 4.580811523437500000e+03
1.156565656565656575e+00 3.486690917968750000e+03
1.166666666666666741e+00 2.548049804687500000e+03
1.176767676767676907e+00 1.787747314453125000e+03
1.186868686868686851e+00 1.204068115234375000e+03
1.196969696969697017e+00 7.785324096679687500e+02
1.207070707070707183e+00 4.832330017089843750e+02
1.217171717171717127e+00 2.879293823242187500e+02
1.227272727272727293e+00 1.647134552001953125e+02
1.237373737373737459e+00 9.045396423339843750e+01
1.247474747474747403e+00 4.768252182006835938e+01
1.257575757575757791e+00 2.411761665344238281e+01
1.267676767676767735e+00 1.169393539428710938e+01
1.277777777777777679e+00 5.426546573638916016e+00
1.287878787878788067e+00 2.398070573806762695e+00
1.297979797979798011e+00 1.008325576782226562e+00
1.308080808080808177e+00 4.543009102344512939e-01
1.318181818181818343e+00 3.481825590133666992e-01
1.328282828282828287e+00 4.049060344696044922e-01
1.338383838383838453e+00 4.916484653949737549e-01
1.348484848484848619e+00 5.876093506813049316e-01
1.358585858585858563e+00 6.493961811065673828e-01
1.368686868686868729e+00 7.547570466995239258e-01
1.378787878787878896e+00 8.900455832481384277e-01
1.388888888888888840e+00 8.153989911079406738e-01
1.398989898989899228e+00 7.173680663108825684e-01
1.409090909090909172e+00 7.212299108505249023e-01
1.419191919191919116e+00 7.008218765258789062e-01
1.429292929292929504e+00 6.151695251464843750e-01
1.439393939393939448e+00 4.722507297992706299e-01
1.449494949494949614e+00 3.563482463359832764e-01
1.459595959595959780e+00 3.104477822780609131e-01
1.469696969696969724e+00 2.071116417646408081e-01
1.479797979797979890e+00 1.503349095582962036e-01
1.489898989898990056e+00 1.085746437311172485e-01
1.500000000000000000e+00 6.895162165164947510e-02
