5.000000000000000000e-01 7.963762500000000000e+05
5.101010101010100550e-01 6.711270000000000000e+05
5.202020202020202211e-01 5.564826875000000000e+05
5.303030303030302761e-01 4.140984687500000000e+05
5.404040404040404422e-01 3.040649687500000000e+05
5.505050505050504972e-01 2.816890937500000000e+05
5.606060606060605522e-01 3.626387500000000000e+05
5.707070707070707183e-01 4.976906562500000000e+05
5.808080808080807733e-01 6.094911875000000000e+05
5.909090909090909394e-01 7.292209375000000000e+05
6.010101010101009944e-01 8.130013125000000000e+05
6.111111111111111605e-01 8.602795625000000000e+05
6.212121212121212155e-01 9.150295000000000000e+05
6.313131313131312705e-01 8.935099375000000000e+05
6.414141414141414366e-01 8.761250000000000000e+05
6.515151515151514916e-01 8.153819375000000000e+05
6.616161616161616577e-01 7.586618125000000000e+05
6.717171717171717127e-01 6.589743750000000000e+05
6.818181818181818787e-01 5.493325000000000000e+05
6.919191919191919338e-01 4.151387187500000000e+05
7.020202020202019888e-01 2.839862500000000000e+05
7.121212121212121549e-01 1.690552968750000000e+05
7.222222222222222099e-01 1.216809218750000000e+05
7.323232323232323759e-01 1.811081718750000000e+05
7.424242424242424310e-01 2.488639375000000000e+05
7.525252525252525970e-01 2.997725000000000000e+05
7.626262626262626521e-01 3.223313750000000000e+05
7.727272727272727071e-01 3.191496562500000000e+05
7.828282828282828731e-01 3.095975625000000000e+05
7.929292929292929282e-01 2.909594687500000000e+05
8.030303030303029832e-01 2.883727500000000000e+05
8.131313131313131493e-01 3.097806250000000000e+05
8.232323232323233153e-01 3.329050000000000000e+05
8.333333333333333703e-01 3.609880312500000000e+05
8.434343434343434254e-01 3.943395000000000000e+05
8.535353535353535914e-01 4.152199375000000000e+05
8.636363636363636465e-01 4.319040000000000000e+05
8.737373737373737015e-01 4.754969375000000000e+05
8.838383838383838675e-01 5.109715000000000000e+05
8.939393939393940336e-01 5.506313750000000000e+05
9.040404040404040886e-01 6.070613750000000000e+05
9.141414141414141437e-01 6.470353750000000000e+05
9.242424242424243097e-01 7.084321250000000000e+05
9.343434343434343647e-01 7.319471250000000000e+05
9.444444444444444198e-01 7.668151875000000000e+05
9.545454545454545858e-01 7.893786250000000000e+05
9.646464646464647519e-01 7.733495625000000000e+05
9.747474747474748069e-01 7.428881250000000000e+05
9.848484848484848619e-01 7.118812500000000000e+05
9.949494949494950280e-01 6.547530625000000000e+05
1.005050505050505194e+00 5.767198750000000000e+05
1.015151515151515138e+00 4.922512812500000000e+05
1.025252525252525304e+00 4.039814375000000000e+05
1.035353535353535470e+00 3.360475625000000000e+05
1.045454545454545414e+00 3.045886562500000000e+05
1.055555555555555580e+00 3.217044062500000000e+05
1.065656565656565746e+00 3.522907187500000000e+05
1.075757575757575690e+00 3.908576875000000000e+05
1.085858585858585856e+00 4.123303125000000000e+05
1.095959595959596022e+00 4.157245937500000000e+05
1.106060606060605966e+00 3.983552500000000000e+05
1.116161616161616355e+00 3.722772812500000000e+05
1.126262626262626299e+00 3.384393750000000000e+05
1.136363636363636465e+00 3.051530000000000000e+05
1.146464646464646631e+00 2.710908125000000000e+05
1.156565656565656575e+00 2.582380781250000000e+05
1.166666666666666741e+00 2.791195625000000000e+05
1.176767676767676907e+00 3.213213125000000000e+05
1.186868686868686851e+00 3.730539062500000000e+05
1.196969696969697017e+00 4.303111250000000000e+05
1.207070707070707183e+00 4.483456250000000000e+05
1.217171717171717127e+00 4.712134687500000000e+05
1.227272727272727293e+00 4.628808750000000000e+05
1.237373737373737459e+00 4.414866875000000000e+05
1.247474747474747403e+00 4.041083125000000000e+05
1.257575757575757791e+00 3.731877812500000000e+05
1.267676767676767735e+00 3.603373437500000000e+05
1.277777777777777679e+00 3.540577187500000000e+05
1.287878787878788067e+00 3.533653125000000000e+05
1.297979797979798011e+00 3.648811875000000000e+05
1.308080808080808177e+00 3.582189375000000000e+05
1.318181818181818343e+00 3.495375625000000000e+05
1.328282828282828287e+00 3.094589062500000000e+05
1.338383838383838453e+00 2.599717343750000000e+05
1.348484848484848619e+00 2.007139843750000000e+05
1.358585858585858563e+00 1.251996640625000000e+05
1.368686868686868729e+00 5.729001171875000000e+04
1.378787878787878896e+00 6.888233593750000000e+04
1.388888888888888840e+00 1.477068125000000000e+05
1.398989898989899228e+00 2.383177343750000000e+05
1.409090909090909172e+00 3.200414687500000000e+05
1.419191919191919116e+00 3.947585625000000000e+05
1.429292929292929504e+00 4.763382500000000000e+05
1.439393939393939448e+00 5.145379375000000000e+05
1.449494949494949614e+00 5.310856250000000000e+05
1.459595959595959780e+00 5.198933750000000000e+05
1.469696969696969724e+00 4.724993750000000000e+05
1.479797979797979890e+00 3.949590937500000000e+05
1.489898989898990056e+00 2.967949375000000000e+05
1.500000000000000000e+00 1.816434218750000000e+05
