5.000000000000000000e-01 4.115908220410346985e-02
5.101010101010100550e-01 4.945772141218185425e-02
5.202020202020202211e-01 5.984455347061157227e-02
5.303030303030302761e-01 6.359430402517318726e-02
5.404040404040404422e-01 7.488346099853515625e-02
5.505050505050504972e-01 7.626511901617050171e-02
5.606060606060605522e-01 7.527385652065277100e-02
5.707070707070707183e-01 7.926815748214721680e-02
5.808080808080807733e-01 7.808884978294372559e-02
5.909090909090909394e-01 7.696030288934707642e-02
6.010101010101009944e-01 7.367715984582901001e-02
6.111111111111111605e-01 6.869824230670928955e-02
6.212121212121212155e-01 6.758798658847808838e-02
6.313131313131312705e-01 6.750194728374481201e-02
6.414141414141414366e-01 6.111816689372062683e-02
6.515151515151514916e-01 6.031693890690803528e-02
6.616161616161616577e-01 5.617540329694747925e-02
6.717171717171717127e-01 5.478562414646148682e-02
6.818181818181818787e-01 5.399587750434875488e-02
6.919191919191919338e-01 5.147328972816467285e-02
7.020202020202019888e-01 5.061802268028259277e-02
7.121212121212121549e-01 5.447893962264060974e-02
7.222222222222222099e-01 5.544918030500411987e-02
7.323232323232323759e-01 5.936926230788230896e-02
7.424242424242424310e-01 5.895682051777839661e-02
7.525252525252525970e-01 6.440330296754837036e-02
7.626262626262626521e-01 6.504987925291061401e-02
7.727272727272727071e-01 6.260097771883010864e-02
7.828282828282828731e-01 6.852053105831146240e-02
7.929292929292929282e-01 6.840638816356658936e-02
8.030303030303029832e-01 6.425751000642776489e-02
8.131313131313131493e-01 6.296547502279281616e-02
8.232323232323233153e-01 5.842681229114532471e-02
8.333333333333333703e-01 5.250752344727516174e-02
8.434343434343434254e-01 4.700339585542678833e-02
8.535353535353535914e-01 4.302796348929405212e-02
8.636363636363636465e-01 3.541560843586921692e-02
8.737373737373737015e-01 3.065945580601692200e-02
8.838383838383838675e-01 2.475351840257644653e-02
8.939393939393940336e-01 2.080850116908550262e-02
9.040404040404040886e-01 1.915251091122627258e-02
9.141414141414141437e-01 1.860879920423030853e-02
9.242424242424243097e-01 1.755573414266109467e-02
9.343434343434343647e-01 2.312867715954780579e-02
9.444444444444444198e-01 2.917787805199623108e-02
9.545454545454545858e-01 3.614425659179687500e-02
9.646464646464647519e-01 5.824477225542068481e-02
9.747474747474748069e-01 7.847175747156143188e-02
9.848484848484848619e-01 9.074623882770538330e-02
9.949494949494950280e-01 1.498898118734359741e-01
1.005050505050505194e+00 1.971340328454971313e-01
1.015151515151515138e+00 2.275283634662628174e-01
1.025252525252525304e+00 2.586142122745513916e-01
1.035353535353535470e+00 2.928902506828308105e-01
1.045454545454545414e+00 3.020205199718475342e-01
1.055555555555555580e+00 2.974281907081604004e-01
1.065656565656565746e+00 2.596383094787597656e-01
1.075757575757575690e+00 2.393073290586471558e-01
1.085858585858585856e+00 1.621932983398437500e-01
1.095959595959596022e+00 1.677908003330230713e-01
1.106060606060605966e+00 1.153669357299804688e-01
1.116161616161616355e+00 6.868650019168853760e-02
1.126262626262626299e+00 4.396052658557891846e-02
1.136363636363636465e+00 1.769782416522502899e-02
1.146464646464646631e+00 9.270260110497474670e-03
1.156565656565656575e+00 1.060420460999011993e-02
1.166666666666666741e+00 1.296139601618051529e-02
1.176767676767676907e+00 1.348772738128900528e-02
1.186868686868686851e+00 1.242226548492908478e-02
1.196969696969697017e+00 1.231261622160673141e-02
1.207070707070707183e+00 1.285002380609512329e-02
1.217171717171717127e+00 1.690425723791122437e-02
1.227272727272727293e+00 2.340375073254108429e-02
1.237373737373737459e+00 3.239270672202110291e-02
1.247474747474747403e+00 4.239909723401069641e-02
1.257575757575757791e+00 5.186929926276206970e-02
1.267676767676767735e+00 6.293762475252151489e-02
1.277777777777777679e+00 7.028523087501525879e-02
1.287878787878788067e+00 7.592058926820755005e-02
1.297979797979798011e+00 7.726900279521942139e-02
1.308080808080808177e+00 7.556590437889099121e-02
1.318181818181818343e+00 6.792841106653213501e-02
1.328282828282828287e+00 6.026941910386085510e-02
1.338383838383838453e+00 5.280867218971252441e-02
1.348484848484848619e+00 4.184420406818389893e-02
1.358585858585858563e+00 3.355203941464424133e-02
1.368686868686868729e+00 2.536189742386341095e-02
1.378787878787878896e+00 1.712663285434246063e-02
1.388888888888888840e+00 1.030135713517665863e-02
1.398989898989899228e+00 5.431029945611953735e-03
1.409090909090909172e+00 6.338614039123058319e-03
1.419191919191919116e+00 1.191001851111650467e-02
1.429292929292929504e+00 1.734528131783008575e-02
1.439393939393939448e+00 2.238823100924491882e-02
1.449494949494949614e+00 2.584702521562576294e-02
1.459595959595959780e+00 2.795356139540672302e-02
1.469696969696969724e+00 2.838878333568572998e-02
1.479797979797979890e+00 2.712757699191570282e-02
1.489898989898990056e+00 2.392269112169742584e-02
1.500000000000000000e+00 1.837025023996829987e-02
