5.000000000000000000e-01 7.982058450579643250e-04
5.101010101010100550e-01 8.150286739692091942e-04
5.202020202020202211e-01 8.810712024569511414e-04
5.303030303030302761e-01 1.023726770654320717e-03
5.404040404040404422e-01 1.029415638186037540e-03
5.505050505050504972e-01 9.998449822887778282e-04
5.606060606060605522e-01 1.098779030144214630e-03
5.707070707070707183e-01 1.060820650309324265e-03
5.808080808080807733e-01 1.059535657986998558e-03
5.909090909090909394e-01 1.193989766761660576e-03
6.010101010101009944e-01 1.034942106343805790e-03
6.111111111111111605e-01 9.904783219099044800e-04
6.212121212121212155e-01 9.165927767753601074e-04
6.313131313131312705e-01 8.662192849442362785e-04
6.414141414141414366e-01 6.527578807435929775e-04
6.515151515151514916e-01 5.128439515829086304e-04
6.616161616161616577e-01 3.715766943059861660e-04
6.717171717171717127e-01 3.592692373786121607e-04
6.818181818181818787e-01 6.050254451110959053e-04
6.919191919191919338e-01 9.666080586612224579e-04
7.020202020202019888e-01 1.315241912379860878e-03
7.121212121212121549e-01 1.537823118269443512e-03
7.222222222222222099e-01 1.811681198887526989e-03
7.323232323232323759e-01 1.947788521647453308e-03
7.424242424242424310e-01 2.427658997476100922e-03
7.525252525252525970e-01 5.177645944058895111e-03
7.626262626262626521e-01 1.482890732586383820e-02
7.727272727272727071e-01 4.313131794333457947e-02
7.828282828282828731e-01 1.166409477591514587e-01
7.929292929292929282e-01 3.013125956058502197e-01
8.030303030303029832e-01 7.432473897933959961e-01
8.131313131313131493e-01 1.758730888366699219e+00
8.232323232323233153e-01 3.993331193923950195e+00
8.333333333333333703e-01 8.705275535583496094e+00
8.434343434343434254e-01 1.821099662780761719e+01
8.535353535353535914e-01 3.657884597778320312e+01
8.636363636363636465e-01 7.053759002685546875e+01
8.737373737373737015e-01 1.305864105224609375e+02
8.838383838383838675e-01 2.320673370361328125e+02
8.939393939393940336e-01 3.958515319824218750e+02
9.040404040404040886e-01 6.482438354492187500e+02
9.141414141414141437e-01 1.019063842773437500e+03
9.242424242424243097e-01 1.537902221679687500e+03
9.343434343434343647e-01 2.227807373046875000e+03
9.444444444444444198e-01 3.097727783203125000e+03
9.545454545454545858e-01 4.135394042968750000e+03
9.646464646464647519e-01 5.299866210937500000e+03
9.747474747474748069e-01 6.520849609375000000e+03
9.848484848484848619e-01 7.701404785156250000e+03
9.949494949494950280e-01 8.732348632812500000e+03
1.005050505050505194e+00 9.504492187500000000e+03
1.015151515151515138e+00 9.931418945312500000e+03
1.025252525252525304e+00 9.962729492187500000e+03
1.035353535353535470e+00 9.594529296875000000e+03
1.045454545454545414e+00 8.871153320312500000e+03
1.055555555555555580e+00 7.873548339843750000e+03
1.065656565656565746e+00 6.708606445312500000e+03
1.075757575757575690e+00 5.487126953125000000e+03
1.085858585858585856e+00 4.309179199218750000e+03
1.095959595959596022e+00 3.249069580078125000e+03
1.106060606060605966e+00 2.352972656250000000e+03
1.116161616161616355e+00 1.637124633789062500e+03
1.126262626262626299e+00 1.094269775390625000e+03
1.136363636363636465e+00 7.038410644531250000e+02
1.146464646464646631e+00 4.346649475097656250e+02
1.156565656565656575e+00 2.577752075195312500e+02
1.166666666666666741e+00 1.470702209472656250e+02
1.176767676767676907e+00 7.947850799560546875e+01
1.186868686868686851e+00 4.089784622192382812e+01
1.196969696969697017e+00 1.929490280151367188e+01
1.207070707070707183e+00 8.314765930175781250e+00
1.217171717171717127e+00 2.922239780426025391e+00
1.227272727272727293e+00 7.084634304046630859e-01
1.237373737373737459e+00 2.800939381122589111e-01
1.247474747474747403e+00 4.155814647674560547e-01
1.257575757575757791e+00 3.391091227531433105e-01
1.267676767676767735e+00 2.379554957151412964e-01
1.277777777777777679e+00 1.432810574769973755e-01
1.287878787878788067e+00 9.058759361505508423e-02
1.297979797979798011e+00 4.249980300664901733e-02
1.308080808080808177e+00 2.550997771322727203e-02
1.318181818181818343e+00 1.109737902879714966e-02
1.328282828282828287e+00 4.411163274198770523e-03
1.338383838383838453e+00 1.393085811287164688e-03
1.348484848484848619e+00 1.525133731774985790e-03
1.358585858585858563e+00 1.907820347696542740e-03
1.368686868686868729e+00 1.814453396946191788e-03
1.378787878787878896e+00 1.455572899430990219e-03
1.388888888888888840e+00 1.040354836732149124e-03
1.398989898989899228e+00 6.584691000171005726e-04
1.409090909090909172e+00 4.178711678832769394e-04
1.419191919191919116e+00 3.655578766483813524e-04
1.429292929292929504e+00 4.916385514661669731e-04
1.439393939393939448e+00 7.130965823307633400e-04
1.449494949494949614e+00 6.720739183947443962e-04
1.459595959595959780e+00 7.373063126578927040e-04
1.469696969696969724e+00 7.970277220010757446e-04
1.479797979797979890e+00 8.112418581731617451e-04
1.489898989898990056e+00 1.016025664284825325e-03
1.500000000000000000e+00 1.247907755896449089e-03
