5.000000000000000000e-01 1.517432065156754106e-05
5.101010101010100550e-01 1.458579663449199870e-05
5.202020202020202211e-01 2.312422111572232097e-06
5.303030303030302761e-01 9.768004929355811328e-06
5.404040404040404422e-01 3.560924596968106925e-05
5.505050505050504972e-01 2.309671981493011117e-05
5.606060606060605522e-01 2.336031502636615187e-05
5.707070707070707183e-01 3.372207629581680521e-06
5.808080808080807733e-01 1.542772042739670724e-05
5.909090909090909394e-01 3.281285785305954050e-07
6.010101010101009944e-01 1.325020093645434827e-05
6.111111111111111605e-01 3.126251385765499435e-06
6.212121212121212155e-01 1.716357655823230743e-05
6.313131313131312705e-01 1.764688204275444150e-05
6.414141414141414366e-01 2.009396666835527867e-05
6.515151515151514916e-01 6.809459591750055552e-07
6.616161616161616577e-01 8.370943760382942855e-06
6.717171717171717127e-01 8.622758286946918815e-06
6.818181818181818787e-01 1.533434442535508424e-05
6.919191919191919338e-01 2.739711271715350449e-05
7.020202020202019888e-01 3.544603896443732083e-05
7.121212121212121549e-01 6.879459668596155097e-09
7.222222222222222099e-01 1.284467884943296667e-06
7.323232323232323759e-01 7.219246072054374963e-06
7.424242424242424310e-01 3.919845767086371779e-05
7.525252525252525970e-01 4.540866575553081930e-05
7.626262626262626521e-01 1.029370032483711839e-04
7.727272727272727071e-01 2.211983373854309320e-04
7.828282828282828731e-01 6.211030413396656513e-04
7.929292929292929282e-01 1.411409466527402401e-03
8.030303030303029832e-01 2.928084461018443108e-03
8.131313131313131493e-01 6.550846155732870102e-03
8.232323232323233153e-01 1.560590695589780807e-02
8.333333333333333703e-01 3.569661825895309448e-02
8.434343434343434254e-01 8.510706573724746704e-02
8.535353535353535914e-01 2.048495411872863770e-01
8.636363636363636465e-01 4.800918996334075928e-01
8.737373737373737015e-01 1.116889238357543945e+00
8.838383838383838675e-01 2.523471355438232422e+00
8.939393939393940336e-01 5.535295009613037109e+00
9.040404040404040886e-01 1.174432849884033203e+01
9.141414141414141437e-01 2.396343612670898438e+01
9.242424242424243097e-01 4.722827148437500000e+01
9.343434343434343647e-01 8.944350433349609375e+01
9.444444444444444198e-01 1.627530364990234375e+02
9.545454545454545858e-01 2.845229492187500000e+02
9.646464646464647519e-01 4.775484313964843750e+02
9.747474747474748069e-01 7.698364868164062500e+02
9.848484848484848619e-01 1.191625610351562500e+03
9.949494949494950280e-01 1.770894165039062500e+03
1.005050505050505194e+00 2.526644531250000000e+03
1.015151515151515138e+00 3.460919921875000000e+03
1.025252525252525304e+00 4.550799316406250000e+03
1.035353535353535470e+00 5.745046875000000000e+03
1.045454545454545414e+00 6.963469238281250000e+03
1.055555555555555580e+00 8.102807128906250000e+03
1.065656565656565746e+00 9.049515625000000000e+03
1.075757575757575690e+00 9.704536132812500000e+03
1.085858585858585856e+00 9.989922851562500000e+03
1.095959595959596022e+00 9.873133789062500000e+03
1.106060606060605966e+00 9.366784179687500000e+03
1.116161616161616355e+00 8.531554687500000000e+03
1.126262626262626299e+00 7.459709960937500000e+03
1.136363636363636465e+00 6.262317871093750000e+03
1.146464646464646631e+00 5.045834960937500000e+03
1.156565656565656575e+00 3.903669677734375000e+03
1.166666666666666741e+00 2.899296630859375000e+03
1.176767676767676907e+00 2.067115966796875000e+03
1.186868686868686851e+00 1.414896118164062500e+03
1.196969696969697017e+00 9.297646484375000000e+02
1.207070707070707183e+00 5.865424194335937500e+02
1.217171717171717127e+00 3.551837463378906250e+02
1.227272727272727293e+00 2.064862213134765625e+02
1.237373737373737459e+00 1.152515945434570312e+02
1.247474747474747403e+00 6.175546646118164062e+01
1.257575757575757791e+00 3.176679229736328125e+01
1.267676767676767735e+00 1.568552589416503906e+01
1.277777777777777679e+00 7.438485145568847656e+00
1.287878787878788067e+00 3.388901948928833008e+00
1.297979797979798011e+00 1.486987233161926270e+00
1.308080808080808177e+00 6.352630257606506348e-01
1.318181818181818343e+00 2.738372385501861572e-01
1.328282828282828287e+00 1.318254172801971436e-01
1.338383838383838453e+00 9.328371286392211914e-02
1.348484848484848619e+00 9.685245901346206665e-02
1.358585858585858563e+00 1.157825142145156860e-01
1.368686868686868729e+00 1.795320659875869751e-01
1.378787878787878896e+00 2.129307091236114502e-01
1.388888888888888840e+00 2.621442675590515137e-01
1.398989898989899228e+00 3.417975008487701416e-01
1.409090909090909172e+00 3.689753711223602295e-01
1.419191919191919116e+00 4.091459214687347412e-01
1.429292929292929504e+00 4.210213124752044678e-01
1.439393939393939448e+00 3.783783614635467529e-01
1.449494949494949614e+00 4.086450338363647461e-01
1.459595959595959780e+00 4.276720285415649414e-01
1.469696969696969724e+00 3.870193064212799072e-01
1.479797979797979890e+00 3.200824260711669922e-01
1.489898989898990056e+00 2.548364400863647461e-01
1.500000000000000000e+00 2.266844958066940308e-01
