5.000000000000000000e-01 4.958182107657194138e-03
5.101010101010100550e-01 1.019028760492801666e-02
5.202020202020202211e-01 2.032733522355556488e-02
5.303030303030302761e-01 3.820231184363365173e-02
5.404040404040404422e-01 6.946260482072830200e-02
5.505050505050504972e-01 1.194715872406959534e-01
5.606060606060605522e-01 1.979918479919433594e-01
5.707070707070707183e-01 3.323088586330413818e-01
5.808080808080807733e-01 5.050927996635437012e-01
5.909090909090909394e-01 7.341120839118957520e-01
6.010101010101009944e-01 1.058342814445495605e+00
6.111111111111111605e-01 1.473250746726989746e+00
6.212121212121212155e-01 1.936417460441589355e+00
6.313131313131312705e-01 2.418846368789672852e+00
6.414141414141414366e-01 2.903453588485717773e+00
6.515151515151514916e-01 3.430434226989746094e+00
6.616161616161616577e-01 3.763213634490966797e+00
6.717171717171717127e-01 4.051898956298828125e+00
6.818181818181818787e-01 4.124220371246337891e+00
6.919191919191919338e-01 4.107025146484375000e+00
7.020202020202019888e-01 3.871817350387573242e+00
7.121212121212121549e-01 3.490063905715942383e+00
7.222222222222222099e-01 3.137501716613769531e+00
7.323232323232323759e-01 2.559712648391723633e+00
7.424242424242424310e-01 2.031020641326904297e+00
7.525252525252525970e-01 1.571528911590576172e+00
7.626262626262626521e-01 1.220669507980346680e+00
7.727272727272727071e-01 8.653995394706726074e-01
7.828282828282828731e-01 5.842394828796386719e-01
7.929292929292929282e-01 3.858152329921722412e-01
8.030303030303029832e-01 2.413322478532791138e-01
8.131313131313131493e-01 1.446305662393569946e-01
8.232323232323233153e-01 8.311954140663146973e-02
8.333333333333333703e-01 4.566794261336326599e-02
8.434343434343434254e-01 2.503064647316932678e-02
8.535353535353535914e-01 1.284238416701555252e-02
8.636363636363636465e-01 6.382737774401903152e-03
8.737373737373737015e-01 2.999490825459361076e-03
8.838383838383838675e-01 1.331463688984513283e-03
8.939393939393940336e-01 5.743014044128358364e-04
9.040404040404040886e-01 2.313541917828842998e-04
9.141414141414141437e-01 8.189601066987961531e-05
9.242424242424243097e-01 2.324189881619531661e-05
9.343434343434343647e-01 1.296481968893203884e-05
9.444444444444444198e-01 2.872273944376502186e-05
9.545454545454545858e-01 5.561533544096164405e-05
9.646464646464647519e-01 1.037625188473612070e-04
9.747474747474748069e-01 2.310487761860713363e-04
9.848484848484848619e-01 3.861170844174921513e-04
9.949494949494950280e-01 7.935357862152159214e-04
1.005050505050505194e+00 1.765072229318320751e-03
1.015151515151515138e+00 2.540323650464415550e-03
1.025252525252525304e+00 5.187013652175664902e-03
1.035353535353535470e+00 8.158246986567974091e-03
1.045454545454545414e+00 1.181502360850572586e-02
1.055555555555555580e+00 1.659943163394927979e-02
1.065656565656565746e+00 2.305144071578979492e-02
1.075757575757575690e+00 3.456554189324378967e-02
1.085858585858585856e+00 3.846623003482818604e-02
1.095959595959596022e+00 5.039459839463233948e-02
1.106060606060605966e+00 6.208431720733642578e-02
1.116161616161616355e+00 6.817341595888137817e-02
1.126262626262626299e+00 8.285804837942123413e-02
1.136363636363636465e+00 8.239330351352691650e-02
1.146464646464646631e+00 9.906052052974700928e-02
1.156565656565656575e+00 1.004203110933303833e-01
1.166666666666666741e+00 8.667491376399993896e-02
1.176767676767676907e+00 8.996994048357009888e-02
1.186868686868686851e+00 6.812401115894317627e-02
1.196969696969697017e+00 5.389179661870002747e-02
1.207070707070707183e+00 3.877888247370719910e-02
1.217171717171717127e+00 3.876448050141334534e-02
1.227272727272727293e+00 2.626794576644897461e-02
1.237373737373737459e+00 2.004449255764484406e-02
1.247474747474747403e+00 1.265553571283817291e-02
1.257575757575757791e+00 8.657060563564300537e-03
1.267676767676767735e+00 5.891759879887104034e-03
1.277777777777777679e+00 3.315410343930125237e-03
1.287878787878788067e+00 1.488778740167617798e-03
1.297979797979798011e+00 1.030073268339037895e-03
1.308080808080808177e+00 5.663609481416642666e-04
1.318181818181818343e+00 2.411464956821873784e-04
1.328282828282828287e+00 1.420037879142910242e-04
1.338383838383838453e+00 6.409543129848316312e-05
1.348484848484848619e+00 3.801679486059583724e-05
1.358585858585858563e+00 1.938934292411431670e-05
1.368686868686868729e+00 8.923290806706063449e-06
1.378787878787878896e+00 3.604092853493057191e-06
1.388888888888888840e+00 5.765983814853825606e-07
1.398989898989899228e+00 3.512877810862846673e-06
1.409090909090909172e+00 6.607516752410447225e-06
1.419191919191919116e+00 9.366722224513068795e-06
1.429292929292929504e+00 1.229311510542174801e-05
1.439393939393939448e+00 1.448119928681990132e-05
1.449494949494949614e+00 1.550991692056413740e-05
1.459595959595959780e+00 1.610459185030777007e-05
1.469696969696969724e+00 1.570775566506199539e-05
1.479797979797979890e+00 1.415210772393038496e-05
1.489898989898990056e+00 1.183859876618953422e-05
1.500000000000000000e+00 8.892106052371673286e-06
