5.000000000000000000e-01 5.056197632000000000e+09
5.101010101010100550e-01 2.540125440000000000e+09
5.202020202020202211e-01 2.193827840000000000e+09
5.303030303030302761e-01 3.754230016000000000e+09
5.404040404040404422e-01 5.480971776000000000e+09
5.505050505050504972e-01 5.428744704000000000e+09
5.606060606060605522e-01 8.154261504000000000e+09
5.707070707070707183e-01 7.379068416000000000e+09
5.808080808080807733e-01 9.239578624000000000e+09
5.909090909090909394e-01 1.083335987200000000e+10
6.010101010101009944e-01 9.611935744000000000e+09
6.111111111111111605e-01 1.254595072000000000e+10
6.212121212121212155e-01 1.186722918400000000e+10
6.313131313131312705e-01 1.517828710400000000e+10
6.414141414141414366e-01 1.439015014400000000e+10
6.515151515151514916e-01 1.096386355200000000e+10
6.616161616161616577e-01 1.280701542400000000e+10
6.717171717171717127e-01 8.916070400000000000e+09
6.818181818181818787e-01 7.190926848000000000e+09
6.919191919191919338e-01 7.438593024000000000e+09
7.020202020202019888e-01 4.646863360000000000e+09
7.121212121212121549e-01 4.570496512000000000e+09
7.222222222222222099e-01 4.811487232000000000e+09
7.323232323232323759e-01 5.848288768000000000e+09
7.424242424242424310e-01 4.919463936000000000e+09
7.525252525252525970e-01 6.123429888000000000e+09
7.626262626262626521e-01 5.456688128000000000e+09
7.727272727272727071e-01 3.747268608000000000e+09
7.828282828282828731e-01 2.430915584000000000e+09
7.929292929292929282e-01 1.421610496000000000e+09
8.030303030303029832e-01 2.284372000000000000e+08
8.131313131313131493e-01 1.842423168000000000e+09
8.232323232323233153e-01 3.084394240000000000e+09
8.333333333333333703e-01 3.447297792000000000e+09
8.434343434343434254e-01 5.020606464000000000e+09
8.535353535353535914e-01 5.915103232000000000e+09
8.636363636363636465e-01 7.632323072000000000e+09
8.737373737373737015e-01 8.359706624000000000e+09
8.838383838383838675e-01 1.083724697600000000e+10
8.939393939393940336e-01 1.244003942400000000e+10
9.040404040404040886e-01 1.816639692800000000e+10
9.141414141414141437e-01 1.586536038400000000e+10
9.242424242424243097e-01 1.778401894400000000e+10
9.343434343434343647e-01 1.873568563200000000e+10
9.444444444444444198e-01 2.131922944000000000e+10
9.545454545454545858e-01 2.132725145600000000e+10
9.646464646464647519e-01 1.894735872000000000e+10
9.747474747474748069e-01 1.922538496000000000e+10
9.848484848484848619e-01 1.595878707200000000e+10
9.949494949494950280e-01 1.959096115200000000e+10
1.005050505050505194e+00 1.837499596800000000e+10
1.015151515151515138e+00 1.690600448000000000e+10
1.025252525252525304e+00 1.597502156800000000e+10
1.035353535353535470e+00 1.320085196800000000e+10
1.045454545454545414e+00 1.109843968000000000e+10
1.055555555555555580e+00 9.492298752000000000e+09
1.065656565656565746e+00 6.676791808000000000e+09
1.075757575757575690e+00 3.709614848000000000e+09
1.085858585858585856e+00 2.930339840000000000e+09
1.095959595959596022e+00 5.852716032000000000e+09
1.106060606060605966e+00 8.047818752000000000e+09
1.116161616161616355e+00 1.122408857600000000e+10
1.126262626262626299e+00 1.236733952000000000e+10
1.136363636363636465e+00 1.516577996800000000e+10
1.146464646464646631e+00 1.586868224000000000e+10
1.156565656565656575e+00 1.612057702400000000e+10
1.166666666666666741e+00 2.094630297600000000e+10
1.176767676767676907e+00 2.174082867200000000e+10
1.186868686868686851e+00 1.475028787200000000e+10
1.196969696969697017e+00 1.722380902400000000e+10
1.207070707070707183e+00 1.455538585600000000e+10
1.217171717171717127e+00 1.587483852800000000e+10
1.227272727272727293e+00 1.390200320000000000e+10
1.237373737373737459e+00 1.362375680000000000e+10
1.247474747474747403e+00 1.167023513600000000e+10
1.257575757575757791e+00 1.408973209600000000e+10
1.267676767676767735e+00 1.124746854400000000e+10
1.277777777777777679e+00 1.395691520000000000e+10
1.287878787878788067e+00 1.662660403200000000e+10
1.297979797979798011e+00 1.674925260800000000e+10
1.308080808080808177e+00 1.365190451200000000e+10
1.318181818181818343e+00 1.767913472000000000e+10
1.328282828282828287e+00 1.744903577600000000e+10
1.338383838383838453e+00 1.377513779200000000e+10
1.348484848484848619e+00 1.332866662400000000e+10
1.358585858585858563e+00 1.366302105600000000e+10
1.368686868686868729e+00 1.050224332800000000e+10
1.378787878787878896e+00 1.191478579200000000e+10
1.388888888888888840e+00 9.261008896000000000e+09
1.398989898989899228e+00 9.255231488000000000e+09
1.409090909090909172e+00 1.163946188800000000e+10
1.419191919191919116e+00 1.314346086400000000e+10
1.429292929292929504e+00 1.317340364800000000e+10
1.439393939393939448e+00 1.383140147200000000e+10
1.449494949494949614e+00 1.200709324800000000e+10
1.459595959595959780e+00 9.871709184000000000e+09
1.469696969696969724e+00 1.263944601600000000e+10
1.479797979797979890e+00 1.154532761600000000e+10
1.489898989898990056e+00 1.022100480000000000e+10
1.500000000000000000e+00 1.401040384000000000e+10
