5.000000000000000000e-01 8.497526238215868943e-09
5.101010101010100550e-01 8.084074742953362147e-09
5.202020202020202211e-01 1.556557771564825998e-09
5.303030303030302761e-01 4.696052435804176639e-09
5.404040404040404422e-01 5.581098694307229380e-09
5.505050505050504972e-01 7.120513956238028186e-09
5.606060606060605522e-01 5.563381755280261132e-09
5.707070707070707183e-01 2.959741118857550646e-09
5.808080808080807733e-01 5.339215736199776074e-09
5.909090909090909394e-01 7.082145980774612326e-09
6.010101010101009944e-01 6.542774766415959675e-09
6.111111111111111605e-01 8.405848461734422017e-09
6.212121212121212155e-01 2.881185734437963220e-09
6.313131313131312705e-01 8.308040477800204826e-09
6.414141414141414366e-01 5.035637684613902820e-09
6.515151515151514916e-01 4.572348277775972747e-09
6.616161616161616577e-01 8.454547284486579883e-09
6.717171717171717127e-01 7.984467309540832503e-09
6.818181818181818787e-01 3.134286430395150091e-08
6.919191919191919338e-01 7.820896996690862579e-08
7.020202020202019888e-01 2.522795057302573696e-07
7.121212121212121549e-01 7.175074756560206879e-07
7.222222222222222099e-01 1.937270326379803009e-06
7.323232323232323759e-01 5.262958438834175467e-06
7.424242424242424310e-01 1.383415656164288521e-05
7.525252525252525970e-01 3.255589035688899457e-05
7.626262626262626521e-01 8.062386041274294257e-05
7.727272727272727071e-01 1.812627742765471339e-04
7.828282828282828731e-01 4.017607134301215410e-04
7.929292929292929282e-01 8.645605994388461113e-04
8.030303030303029832e-01 1.562549266964197159e-03
8.131313131313131493e-01 3.236155491322278976e-03
8.232323232323233153e-01 5.549167282879352570e-03
8.333333333333333703e-01 1.096391677856445312e-02
8.434343434343434254e-01 1.679452322423458099e-02
8.535353535353535914e-01 3.173354268074035645e-02
8.636363636363636465e-01 4.717298969626426697e-02
8.737373737373737015e-01 7.007127255201339722e-02
8.838383838383838675e-01 1.066563352942466736e-01
8.939393939393940336e-01 1.428121477365493774e-01
9.040404040404040886e-01 1.999186873435974121e-01
9.141414141414141437e-01 2.692207992076873779e-01
9.242424242424243097e-01 2.980429530143737793e-01
9.343434343434343647e-01 3.620049655437469482e-01
9.444444444444444198e-01 3.993656337261199951e-01
9.545454545454545858e-01 4.818925857543945312e-01
9.646464646464647519e-01 5.164190530776977539e-01
9.747474747474748069e-01 4.803308546543121338e-01
9.848484848484848619e-01 4.478431344032287598e-01
9.949494949494950280e-01 4.604004323482513428e-01
1.005050505050505194e+00 3.697964549064636230e-01
1.015151515151515138e+00 3.307407200336456299e-01
1.025252525252525304e+00 2.595630586147308350e-01
1.035353535353535470e+00 2.140504121780395508e-01
1.045454545454545414e+00 1.538025289773941040e-01
1.055555555555555580e+00 1.176717430353164673e-01
1.065656565656565746e+00 8.298917114734649658e-02
1.075757575757575690e+00 5.452971905469894409e-02
1.085858585858585856e+00 3.269150853157043457e-02
1.095959595959596022e+00 2.237602882087230682e-02
1.106060606060605966e+00 1.404354814440011978e-02
1.116161616161616355e+00 7.306773215532302856e-03
1.126262626262626299e+00 4.343280568718910217e-03
1.136363636363636465e+00 1.980538945645093918e-03
1.146464646464646631e+00 1.082736067473888397e-03
1.156565656565656575e+00 5.234467680566012859e-04
1.166666666666666741e+00 2.246055664727464318e-04
1.176767676767676907e+00 1.042628646246157587e-04
1.186868686868686851e+00 4.790935781784355640e-05
1.196969696969697017e+00 1.577071634528692812e-05
1.207070707070707183e+00 1.467459878767840564e-05
1.217171717171717127e+00 3.843677041004411876e-05
1.227272727272727293e+00 9.483602480031549931e-05
1.237373737373737459e+00 2.173218526877462864e-04
1.247474747474747403e+00 4.735221737064421177e-04
1.257575757575757791e+00 1.006033271551132202e-03
1.267676767676767735e+00 1.998437568545341492e-03
1.277777777777777679e+00 3.853821195662021637e-03
1.287878787878788067e+00 7.160054519772529602e-03
1.297979797979798011e+00 1.309303101152181625e-02
1.308080808080808177e+00 2.240875549614429474e-02
1.318181818181818343e+00 3.878865763545036316e-02
1.328282828282828287e+00 6.036957725882530212e-02
1.338383838383838453e+00 8.886993676424026489e-02
1.348484848484848619e+00 1.279607415199279785e-01
1.358585858585858563e+00 1.721036136150360107e-01
1.368686868686868729e+00 2.328231781721115112e-01
1.378787878787878896e+00 3.237465918064117432e-01
1.388888888888888840e+00 3.933090865612030029e-01
1.398989898989899228e+00 4.682885110378265381e-01
1.409090909090909172e+00 5.323094129562377930e-01
1.419191919191919116e+00 5.939156413078308105e-01
1.429292929292929504e+00 5.948110818862915039e-01
1.439393939393939448e+00 6.051559448242187500e-01
1.449494949494949614e+00 5.829797387123107910e-01
1.459595959595959780e+00 5.437918901443481445e-01
1.469696969696969724e+00 4.972628057003021240e-01
1.479797979797979890e+00 4.332445561885833740e-01
1.489898989898990056e+00 3.591168820858001709e-01
1.500000000000000000e+00 2.709442377090454102e-01
