5.000000000000000000e-01 3.050128818334334976e+18
5.101010101010100550e-01 2.861967194449772544e+18
5.202020202020202211e-01 2.673552133135007744e+18
5.303030303030302761e-01 2.421668312862687232e+18
5.404040404040404422e-01 2.244593751915757568e+18
5.505050505050504972e-01 2.072512623026372608e+18
5.606060606060605522e-01 1.824868657029709824e+18
5.707070707070707183e-01 1.592645616490512384e+18
5.808080808080807733e-01 1.457965475131555840e+18
5.909090909090909394e-01 1.307024793748373504e+18
6.010101010101009944e-01 1.211571928733581312e+18
6.111111111111111605e-01 1.087829316730880000e+18
6.212121212121212155e-01 1.130919727179235328e+18
6.313131313131312705e-01 1.118596400855121920e+18
6.414141414141414366e-01 1.034511523998859264e+18
6.515151515151514916e-01 9.794800736754728960e+17
6.616161616161616577e-01 9.235330050440560640e+17
6.717171717171717127e-01 7.742088119121346560e+17
6.818181818181818787e-01 7.357037772684656640e+17
6.919191919191919338e-01 8.705751649311784960e+17
7.020202020202019888e-01 1.137071219858735104e+18
7.121212121212121549e-01 1.461408320916029440e+18
7.222222222222222099e-01 1.844847470501167104e+18
7.323232323232323759e-01 2.157229856507559936e+18
7.424242424242424310e-01 2.295298692703322112e+18
7.525252525252525970e-01 2.622976247524753408e+18
7.626262626262626521e-01 2.705732914334662656e+18
7.727272727272727071e-01 2.728443327006375936e+18
7.828282828282828731e-01 2.711304139752603648e+18
7.929292929292929282e-01 2.632998845767745536e+18
8.030303030303029832e-01 2.521762353897275392e+18
8.131313131313131493e-01 2.191156112416309248e+18
8.232323232323233153e-01 1.966416760332615680e+18
8.333333333333333703e-01 1.664722451981926400e+18
8.434343434343434254e-01 1.463158331110588416e+18
8.535353535353535914e-01 1.196766317470810112e+18
8.636363636363636465e-01 1.007829263010758656e+18
8.737373737373737015e-01 9.298611754982440960e+17
8.838383838383838675e-01 9.296005912424611840e+17
8.939393939393940336e-01 1.010472901280792576e+18
9.040404040404040886e-01 1.040967375240822784e+18
9.141414141414141437e-01 1.145449086145527808e+18
9.242424242424243097e-01 1.332312461675593728e+18
9.343434343434343647e-01 1.522561783263395840e+18
9.444444444444444198e-01 1.665516711694041088e+18
9.545454545454545858e-01 1.829117307398389760e+18
9.646464646464647519e-01 2.075579848151007232e+18
9.747474747474748069e-01 2.157964605152821248e+18
9.848484848484848619e-01 2.333458343256915968e+18
9.949494949494950280e-01 2.552086884591337472e+18
1.005050505050505194e+00 2.574683497809575936e+18
1.015151515151515138e+00 2.693186387150110720e+18
1.025252525252525304e+00 2.670216214856335360e+18
1.035353535353535470e+00 2.700838713201524736e+18
1.045454545454545414e+00 2.566763440676798464e+18
1.055555555555555580e+00 2.405376024440209408e+18
1.065656565656565746e+00 2.318511857066835968e+18
1.075757575757575690e+00 2.056180752185294848e+18
1.085858585858585856e+00 1.897566854029770752e+18
1.095959595959596022e+00 1.603179899957280768e+18
1.106060606060605966e+00 1.260996350791647232e+18
1.116161616161616355e+00 9.070712543919472640e+17
1.126262626262626299e+00 5.155627202510848000e+17
1.136363636363636465e+00 1.152248500411432960e+17
1.146464646464646631e+00 3.383352584684175360e+17
1.156565656565656575e+00 7.629038395137720320e+17
1.166666666666666741e+00 1.172186047837110272e+18
1.176767676767676907e+00 1.472381859278094336e+18
1.186868686868686851e+00 1.705913043776438272e+18
1.196969696969697017e+00 1.742713697958100992e+18
1.207070707070707183e+00 1.909606643792871424e+18
1.217171717171717127e+00 1.806541172584218624e+18
1.227272727272727293e+00 1.636495514595753984e+18
1.237373737373737459e+00 1.336913505520975872e+18
1.247474747474747403e+00 1.094710129216978944e+18
1.257575757575757791e+00 1.005078834673876992e+18
1.267676767676767735e+00 1.177502598874267648e+18
1.277777777777777679e+00 1.398453446205505536e+18
1.287878787878788067e+00 1.797938181291638784e+18
1.297979797979798011e+00 1.850795965846388736e+18
1.308080808080808177e+00 1.959607209943891968e+18
1.318181818181818343e+00 1.867041387585732608e+18
1.328282828282828287e+00 1.737319219034324992e+18
1.338383838383838453e+00 1.472192743278116864e+18
1.348484848484848619e+00 1.097162933500116992e+18
1.358585858585858563e+00 8.357561055806750720e+17
1.368686868686868729e+00 7.880595660456591360e+17
1.378787878787878896e+00 9.951923697142988800e+17
1.388888888888888840e+00 1.279666333109190656e+18
1.398989898989899228e+00 1.485291087860858880e+18
1.409090909090909172e+00 1.658746193968103424e+18
1.419191919191919116e+00 1.595166384336142336e+18
1.429292929292929504e+00 1.512023376628023296e+18
1.439393939393939448e+00 1.273096751133229056e+18
1.449494949494949614e+00 1.077690720011157504e+18
1.459595959595959780e+00 9.663344500927365120e+17
1.469696969696969724e+00 1.135431160826953728e+18
1.479797979797979890e+00 1.466544826924138496e+18
1.489898989898990056e+00 1.909353756118482944e+18
1.500000000000000000e+00 2.257425464928763904e+18
