5.000000000000000000e-01 6.596703183703311879e-09
5.101010101010100550e-01 3.463028530603651234e-09
5.202020202020202211e-01 1.445467301408598360e-09
5.303030303030302761e-01 5.586370477317359473e-09
5.404040404040404422e-01 4.273513987129717862e-09
5.505050505050504972e-01 2.635898610492404259e-09
5.606060606060605522e-01 6.500878058091075218e-09
5.707070707070707183e-01 5.695435678632065901e-09
5.808080808080807733e-01 1.010837458181867987e-08
5.909090909090909394e-01 3.082871069537418407e-09
6.010101010101009944e-01 5.280224701920133157e-09
6.111111111111111605e-01 1.545240824185611928e-09
6.212121212121212155e-01 9.557766134093981236e-09
6.313131313131312705e-01 2.291249634467362739e-09
6.414141414141414366e-01 5.667629920935723931e-09
6.515151515151514916e-01 2.910508722919757929e-09
6.616161616161616577e-01 9.868260875123269216e-09
6.717171717171717127e-01 2.791391784384700259e-09
6.818181818181818787e-01 1.221055168088014398e-08
6.919191919191919338e-01 1.005992533720245774e-08
7.020202020202019888e-01 8.671134033022553922e-09
7.121212121212121549e-01 1.249478565057415835e-08
7.222222222222222099e-01 1.599045873490467784e-08
7.323232323232323759e-01 6.740865643450888456e-08
7.424242424242424310e-01 1.833788303429173538e-07
7.525252525252525970e-01 4.990311595065577421e-07
7.626262626262626521e-01 1.496401523581880610e-06
7.727272727272727071e-01 3.760238769245916046e-06
7.828282828282828731e-01 9.567424058332107961e-06
7.929292929292929282e-01 2.218934059783350676e-05
8.030303030303029832e-01 4.724336031358689070e-05
8.131313131313131493e-01 9.207803668687120080e-05
8.232323232323233153e-01 2.905354776885360479e-04
8.333333333333333703e-01 4.883725778199732304e-04
8.434343434343434254e-01 9.328080923296511173e-04
8.535353535353535914e-01 2.077963901683688164e-03
8.636363636363636465e-01 3.163916058838367462e-03
8.737373737373737015e-01 4.945182241499423981e-03
8.838383838383838675e-01 8.144836872816085815e-03
8.939393939393940336e-01 1.349014975130558014e-02
9.040404040404040886e-01 1.848957315087318420e-02
9.141414141414141437e-01 2.979766950011253357e-02
9.242424242424243097e-01 4.454730823636054993e-02
9.343434343434343647e-01 6.138018518686294556e-02
9.444444444444444198e-01 6.940811872482299805e-02
9.545454545454545858e-01 9.605808556079864502e-02
9.646464646464647519e-01 9.407619386911392212e-02
9.747474747474748069e-01 1.187045276165008545e-01
9.848484848484848619e-01 1.171462014317512512e-01
9.949494949494950280e-01 1.154919639229774475e-01
1.005050505050505194e+00 1.272488683462142944e-01
1.015151515151515138e+00 1.388109624385833740e-01
1.025252525252525304e+00 1.253404766321182251e-01
1.035353535353535470e+00 1.128327772021293640e-01
1.045454545454545414e+00 8.849879354238510132e-02
1.055555555555555580e+00 8.602624386548995972e-02
1.065656565656565746e+00 6.076901778578758240e-02
1.075757575757575690e+00 4.328902810811996460e-02
1.085858585858585856e+00 3.022737242281436920e-02
1.095959595959596022e+00 2.166717685759067535e-02
1.106060606060605966e+00 1.530352421104907990e-02
1.116161616161616355e+00 8.956574834883213043e-03
1.126262626262626299e+00 5.369247868657112122e-03
1.136363636363636465e+00 3.687509335577487946e-03
1.146464646464646631e+00 1.706221839413046837e-03
1.156565656565656575e+00 1.024986035190522671e-03
1.166666666666666741e+00 4.980954690836369991e-04
1.176767676767676907e+00 1.825013459892943501e-04
1.186868686868686851e+00 2.585520851425826550e-04
1.196969696969697017e+00 6.944211199879646301e-04
1.207070707070707183e+00 1.582557102665305138e-03
1.217171717171717127e+00 3.264845581725239754e-03
1.227272727272727293e+00 6.570715457201004028e-03
1.237373737373737459e+00 1.232658978551626205e-02
1.247474747474747403e+00 2.143004722893238068e-02
1.257575757575757791e+00 3.794625774025917053e-02
1.267676767676767735e+00 6.434939801692962646e-02
1.277777777777777679e+00 1.029551774263381958e-01
1.287878787878788067e+00 1.565322726964950562e-01
1.297979797979798011e+00 2.291814237833023071e-01
1.308080808080808177e+00 3.321625590324401855e-01
1.318181818181818343e+00 4.486229717731475830e-01
1.328282828282828287e+00 6.040970683097839355e-01
1.338383838383838453e+00 7.397222518920898438e-01
1.348484848484848619e+00 8.856431245803833008e-01
1.358585858585858563e+00 1.054748058319091797e+00
1.368686868686868729e+00 1.134770989418029785e+00
1.378787878787878896e+00 1.202704310417175293e+00
1.388888888888888840e+00 1.281747341156005859e+00
1.398989898989899228e+00 1.207855701446533203e+00
1.409090909090909172e+00 1.175341844558715820e+00
1.419191919191919116e+00 1.058296084403991699e+00
1.429292929292929504e+00 9.288196563720703125e-01
1.439393939393939448e+00 7.629061341285705566e-01
1.449494949494949614e+00 6.204683184623718262e-01
1.459595959595959780e+00 4.679847061634063721e-01
1.469696969696969724e+00 3.415442109107971191e-01
1.479797979797979890e+00 2.403074800968170166e-01
1.489898989898990056e+00 1.649938672780990601e-01
1.500000000000000000e+00 1.128600388765335083e-01
