5.000000000000000000e-01 3.461250162217766047e-05
5.101010101010100550e-01 4.222340794513002038e-05
5.202020202020202211e-01 2.205005330324638635e-05
5.303030303030302761e-01 2.213430707342922688e-05
5.404040404040404422e-01 6.327941810013726354e-05
5.505050505050504972e-01 2.971011599584016949e-05
5.606060606060605522e-01 3.821559221250936389e-05
5.707070707070707183e-01 2.897358717746101320e-05
5.808080808080807733e-01 3.060153176193125546e-05
5.909090909090909394e-01 2.975640381919220090e-05
6.010101010101009944e-01 2.000520908040925860e-05
6.111111111111111605e-01 2.553717968112323433e-05
6.212121212121212155e-01 1.409726064593996853e-05
6.313131313131312705e-01 4.190048639429733157e-05
6.414141414141414366e-01 5.213474287302233279e-05
6.515151515151514916e-01 3.559539982234127820e-05
6.616161616161616577e-01 2.663695158844348043e-05
6.717171717171717127e-01 3.244237086619250476e-05
6.818181818181818787e-01 3.343190837767906487e-05
6.919191919191919338e-01 2.818534449033904821e-05
7.020202020202019888e-01 3.952232145820744336e-05
7.121212121212121549e-01 4.387336957734078169e-05
7.222222222222222099e-01 5.009453889215365052e-05
7.323232323232323759e-01 6.160585326142609119e-05
7.424242424242424310e-01 1.174993085442110896e-04
7.525252525252525970e-01 2.341133513255044818e-04
7.626262626262626521e-01 5.345716490410268307e-04
7.727272727272727071e-01 1.290619140490889549e-03
7.828282828282828731e-01 2.556635066866874695e-03
7.929292929292929282e-01 5.148367024958133698e-03
8.030303030303029832e-01 9.790310636162757874e-03
8.131313131313131493e-01 1.593114621937274933e-02
8.232323232323233153e-01 2.541359700262546539e-02
8.333333333333333703e-01 2.782026864588260651e-02
8.434343434343434254e-01 2.142139011994004250e-03
8.535353535353535914e-01 1.076078563928604126e-01
8.636363636363636465e-01 4.541749954223632812e-01
8.737373737373737015e-01 1.269102096557617188e+00
8.838383838383838675e-01 3.153642892837524414e+00
8.939393939393940336e-01 7.269850254058837891e+00
9.040404040404040886e-01 1.558697891235351562e+01
9.141414141414141437e-01 3.175822830200195312e+01
9.242424242424243097e-01 6.150157546997070312e+01
9.343434343434343647e-01 1.147343902587890625e+02
9.444444444444444198e-01 2.048899536132812500e+02
9.545454545454545858e-01 3.517951354980468750e+02
9.646464646464647519e-01 5.806083374023437500e+02
9.747474747474748069e-01 9.202828979492187500e+02
9.848484848484848619e-01 1.401119995117187500e+03
9.949494949494950280e-01 2.048351562500000000e+03
1.005050505050505194e+00 2.875375732421875000e+03
1.015151515151515138e+00 3.875456298828125000e+03
1.025252525252525304e+00 5.014406738281250000e+03
1.035353535353535470e+00 6.229403320312500000e+03
1.045454545454545414e+00 7.429860351562500000e+03
1.055555555555555580e+00 8.506066406250000000e+03
1.065656565656565746e+00 9.348749023437500000e+03
1.075757575757575690e+00 9.864483398437500000e+03
1.085858585858585856e+00 9.991043945312500000e+03
1.095959595959596022e+00 9.716068359375000000e+03
1.106060606060605966e+00 9.070580078125000000e+03
1.116161616161616355e+00 8.129397949218750000e+03
1.126262626262626299e+00 6.994801269531250000e+03
1.136363636363636465e+00 5.777096679687500000e+03
1.146464646464646631e+00 4.580779785156250000e+03
1.156565656565656575e+00 3.486723876953125000e+03
1.166666666666666741e+00 2.548143310546875000e+03
1.176767676767676907e+00 1.787736938476562500e+03
1.186868686868686851e+00 1.204055908203125000e+03
1.196969696969697017e+00 7.785367431640625000e+02
1.207070707070707183e+00 4.832396850585937500e+02
1.217171717171717127e+00 2.879383544921875000e+02
1.227272727272727293e+00 1.647170104980468750e+02
1.237373737373737459e+00 9.045800781250000000e+01
1.247474747474747403e+00 4.767694854736328125e+01
1.257575757575757791e+00 2.409199142456054688e+01
1.267676767676767735e+00 1.163801860809326172e+01
1.277777777777777679e+00 5.306511878967285156e+00
1.287878787878788067e+00 2.188535451889038086e+00
1.297979797979798011e+00 7.148681879043579102e-01
1.308080808080808177e+00 3.162101805210113525e-01
1.318181818181818343e+00 5.797309875488281250e-01
1.328282828282828287e+00 8.510032296180725098e-01
1.338383838383838453e+00 1.031068205833435059e+00
1.348484848484848619e+00 1.215952038764953613e+00
1.358585858585858563e+00 1.278879642486572266e+00
1.368686868686868729e+00 1.601132631301879883e+00
1.378787878787878896e+00 1.414973497390747070e+00
1.388888888888888840e+00 1.419483423233032227e+00
1.398989898989899228e+00 1.369030475616455078e+00
1.409090909090909172e+00 1.265084385871887207e+00
1.419191919191919116e+00 1.087239742279052734e+00
1.429292929292929504e+00 9.682894945144653320e-01
1.439393939393939448e+00 7.518664598464965820e-01
1.449494949494949614e+00 6.738469004631042480e-01
1.459595959595959780e+00 4.335863590240478516e-01
1.469696969696969724e+00 3.053949475288391113e-01
1.479797979797979890e+00 1.967157423496246338e-01
1.489898989898990056e+00 1.387846320867538452e-01
1.500000000000000000e+00 8.645220100879669189e-02
