5.000000000000000000e-01 4.713293312000000000e+09
5.101010101010100550e-01 3.479369216000000000e+09
5.202020202020202211e-01 8.074337792000000000e+09
5.303030303030302761e-01 1.244059545600000000e+10
5.404040404040404422e-01 1.722772070400000000e+10
5.505050505050504972e-01 2.126158233600000000e+10
5.606060606060605522e-01 2.440529305600000000e+10
5.707070707070707183e-01 2.643349708800000000e+10
5.808080808080807733e-01 2.823210188800000000e+10
5.909090909090909394e-01 3.084212838400000000e+10
6.010101010101009944e-01 2.917805875200000000e+10
6.111111111111111605e-01 2.925211648000000000e+10
6.212121212121212155e-01 2.935630643200000000e+10
6.313131313131312705e-01 2.751436800000000000e+10
6.414141414141414366e-01 2.716645171200000000e+10
6.515151515151514916e-01 2.541577625600000000e+10
6.616161616161616577e-01 2.315732992000000000e+10
6.717171717171717127e-01 2.219077632000000000e+10
6.818181818181818787e-01 2.162580889600000000e+10
6.919191919191919338e-01 1.880287232000000000e+10
7.020202020202019888e-01 1.845693849600000000e+10
7.121212121212121549e-01 1.646677811200000000e+10
7.222222222222222099e-01 1.491746918400000000e+10
7.323232323232323759e-01 1.591612825600000000e+10
7.424242424242424310e-01 1.408617164800000000e+10
7.525252525252525970e-01 1.275582566400000000e+10
7.626262626262626521e-01 1.409243750400000000e+10
7.727272727272727071e-01 1.372254208000000000e+10
7.828282828282828731e-01 1.405904384000000000e+10
7.929292929292929282e-01 1.314233139200000000e+10
8.030303030303029832e-01 1.360870502400000000e+10
8.131313131313131493e-01 1.396511232000000000e+10
8.232323232323233153e-01 1.387468083200000000e+10
8.333333333333333703e-01 1.484437196800000000e+10
8.434343434343434254e-01 1.543921152000000000e+10
8.535353535353535914e-01 1.451102105600000000e+10
8.636363636363636465e-01 1.752107212800000000e+10
8.737373737373737015e-01 1.836282675200000000e+10
8.838383838383838675e-01 2.069785600000000000e+10
8.939393939393940336e-01 2.156232089600000000e+10
9.040404040404040886e-01 2.405374976000000000e+10
9.141414141414141437e-01 2.463440486400000000e+10
9.242424242424243097e-01 2.880721715200000000e+10
9.343434343434343647e-01 2.968101888000000000e+10
9.444444444444444198e-01 2.979713228800000000e+10
9.545454545454545858e-01 2.720688537600000000e+10
9.646464646464647519e-01 2.960333619200000000e+10
9.747474747474748069e-01 2.898429952000000000e+10
9.848484848484848619e-01 2.659393331200000000e+10
9.949494949494950280e-01 2.624972185600000000e+10
1.005050505050505194e+00 2.547201024000000000e+10
1.015151515151515138e+00 2.614390374400000000e+10
1.025252525252525304e+00 2.216100044800000000e+10
1.035353535353535470e+00 1.853608550400000000e+10
1.045454545454545414e+00 1.746544025600000000e+10
1.055555555555555580e+00 1.352161177600000000e+10
1.065656565656565746e+00 1.036296499200000000e+10
1.075757575757575690e+00 8.079215616000000000e+09
1.085858585858585856e+00 8.595524608000000000e+09
1.095959595959596022e+00 1.166045798400000000e+10
1.106060606060605966e+00 1.662982963200000000e+10
1.116161616161616355e+00 2.023742464000000000e+10
1.126262626262626299e+00 2.461953024000000000e+10
1.136363636363636465e+00 2.906027008000000000e+10
1.146464646464646631e+00 2.762232832000000000e+10
1.156565656565656575e+00 2.776100659200000000e+10
1.166666666666666741e+00 2.991497625600000000e+10
1.176767676767676907e+00 2.800872448000000000e+10
1.186868686868686851e+00 2.780361932800000000e+10
1.196969696969697017e+00 2.674325299200000000e+10
1.207070707070707183e+00 2.386388172800000000e+10
1.217171717171717127e+00 2.278399590400000000e+10
1.227272727272727293e+00 2.041660620800000000e+10
1.237373737373737459e+00 2.093945651200000000e+10
1.247474747474747403e+00 1.889840537600000000e+10
1.257575757575757791e+00 2.009292185600000000e+10
1.267676767676767735e+00 1.974912409600000000e+10
1.277777777777777679e+00 1.684529971200000000e+10
1.287878787878788067e+00 1.733109555200000000e+10
1.297979797979798011e+00 1.654627840000000000e+10
1.308080808080808177e+00 1.545242316800000000e+10
1.318181818181818343e+00 1.524481945600000000e+10
1.328282828282828287e+00 1.508728934400000000e+10
1.338383838383838453e+00 1.483234918400000000e+10
1.348484848484848619e+00 1.554908262400000000e+10
1.358585858585858563e+00 1.709039308800000000e+10
1.368686868686868729e+00 1.756929433600000000e+10
1.378787878787878896e+00 1.705702092800000000e+10
1.388888888888888840e+00 1.966894694400000000e+10
1.398989898989899228e+00 2.013710131200000000e+10
1.409090909090909172e+00 2.505628057600000000e+10
1.419191919191919116e+00 2.423484416000000000e+10
1.429292929292929504e+00 2.554207232000000000e+10
1.439393939393939448e+00 2.279101030400000000e+10
1.449494949494949614e+00 2.067790028800000000e+10
1.459595959595959780e+00 1.957725593600000000e+10
1.469696969696969724e+00 1.841241907200000000e+10
1.479797979797979890e+00 1.996497305600000000e+10
1.489898989898990056e+00 2.148205772800000000e+10
1.500000000000000000e+00 2.403026124800000000e+10
