5.000000000000000000e-01 1.574234062500000000e+05
5.101010101010100550e-01 1.400753281250000000e+05
5.202020202020202211e-01 1.219039453125000000e+05
5.303030303030302761e-01 9.328714843750000000e+04
5.404040404040404422e-01 7.087686718750000000e+04
5.505050505050504972e-01 4.449674609375000000e+04
5.606060606060605522e-01 2.790941601562500000e+04
5.707070707070707183e-01 3.331017968750000000e+04
5.808080808080807733e-01 5.060939843750000000e+04
5.909090909090909394e-01 6.935217968750000000e+04
6.010101010101009944e-01 8.380755468750000000e+04
6.111111111111111605e-01 1.003953906250000000e+05
6.212121212121212155e-01 1.085012890625000000e+05
6.313131313131312705e-01 1.158715546875000000e+05
6.414141414141414366e-01 1.173606484375000000e+05
6.515151515151514916e-01 1.163658593750000000e+05
6.616161616161616577e-01 1.097489375000000000e+05
6.717171717171717127e-01 9.855532812500000000e+04
6.818181818181818787e-01 8.436307812500000000e+04
6.919191919191919338e-01 6.551452343750000000e+04
7.020202020202019888e-01 4.555893359375000000e+04
7.121212121212121549e-01 2.859155078125000000e+04
7.222222222222222099e-01 2.084941601562500000e+04
7.323232323232323759e-01 2.610285156250000000e+04
7.424242424242424310e-01 3.516615625000000000e+04
7.525252525252525970e-01 4.038669531250000000e+04
7.626262626262626521e-01 4.191182421875000000e+04
7.727272727272727071e-01 3.901176171875000000e+04
7.828282828282828731e-01 3.449395703125000000e+04
7.929292929292929282e-01 3.593450000000000000e+04
8.030303030303029832e-01 4.591535156250000000e+04
8.131313131313131493e-01 5.921250781250000000e+04
8.232323232323233153e-01 7.415178125000000000e+04
8.333333333333333703e-01 8.867077343750000000e+04
8.434343434343434254e-01 1.035398984375000000e+05
8.535353535353535914e-01 1.163159140625000000e+05
8.636363636363636465e-01 1.256117421875000000e+05
8.737373737373737015e-01 1.361589531250000000e+05
8.838383838383838675e-01 1.443130000000000000e+05
8.939393939393940336e-01 1.526599843750000000e+05
9.040404040404040886e-01 1.569434375000000000e+05
9.141414141414141437e-01 1.630413437500000000e+05
9.242424242424243097e-01 1.652810000000000000e+05
9.343434343434343647e-01 1.676737031250000000e+05
9.444444444444444198e-01 1.654296875000000000e+05
9.545454545454545858e-01 1.650365625000000000e+05
9.646464646464647519e-01 1.553278593750000000e+05
9.747474747474748069e-01 1.457887656250000000e+05
9.848484848484848619e-01 1.324066718750000000e+05
9.949494949494950280e-01 1.188513593750000000e+05
1.005050505050505194e+00 1.036781484375000000e+05
1.015151515151515138e+00 8.410585937500000000e+04
1.025252525252525304e+00 6.373898046875000000e+04
1.035353535353535470e+00 4.360808203125000000e+04
1.045454545454545414e+00 3.246833007812500000e+04
1.055555555555555580e+00 3.625958203125000000e+04
1.065656565656565746e+00 4.929336328125000000e+04
1.075757575757575690e+00 6.412017578125000000e+04
1.085858585858585856e+00 7.361492968750000000e+04
1.095959595959596022e+00 8.398417968750000000e+04
1.106060606060605966e+00 8.636591406250000000e+04
1.116161616161616355e+00 8.808054687500000000e+04
1.126262626262626299e+00 9.070187500000000000e+04
1.136363636363636465e+00 9.110698437500000000e+04
1.146464646464646631e+00 9.161431250000000000e+04
1.156565656565656575e+00 9.664658593750000000e+04
1.166666666666666741e+00 1.046343671875000000e+05
1.176767676767676907e+00 1.108344921875000000e+05
1.186868686868686851e+00 1.178345468750000000e+05
1.196969696969697017e+00 1.207798437500000000e+05
1.207070707070707183e+00 1.245600546875000000e+05
1.217171717171717127e+00 1.168571562500000000e+05
1.227272727272727293e+00 1.076653046875000000e+05
1.237373737373737459e+00 9.634514843750000000e+04
1.247474747474747403e+00 8.161009375000000000e+04
1.257575757575757791e+00 6.956124218750000000e+04
1.267676767676767735e+00 5.975907421875000000e+04
1.277777777777777679e+00 5.806337500000000000e+04
1.287878787878788067e+00 6.166531250000000000e+04
1.297979797979798011e+00 6.418426953125000000e+04
1.308080808080808177e+00 6.666681250000000000e+04
1.318181818181818343e+00 6.598601562500000000e+04
1.328282828282828287e+00 6.208394531250000000e+04
1.338383838383838453e+00 5.121949218750000000e+04
1.348484848484848619e+00 3.849188671875000000e+04
1.358585858585858563e+00 2.469746484375000000e+04
1.368686868686868729e+00 9.208871093750000000e+03
1.378787878787878896e+00 1.208128906250000000e+04
1.388888888888888840e+00 2.954004687500000000e+04
1.398989898989899228e+00 4.714816796875000000e+04
1.409090909090909172e+00 6.371322265625000000e+04
1.419191919191919116e+00 7.931682031250000000e+04
1.429292929292929504e+00 9.311272656250000000e+04
1.439393939393939448e+00 1.021218906250000000e+05
1.449494949494949614e+00 1.067616562500000000e+05
1.459595959595959780e+00 1.044614140625000000e+05
1.469696969696969724e+00 9.459463281250000000e+04
1.479797979797979890e+00 7.986300000000000000e+04
1.489898989898990056e+00 6.246183203125000000e+04
1.500000000000000000e+00 4.539684375000000000e+04
