5.000000000000000000e-01 6.619944095611572266e+00
5.101010101010100550e-01 6.782204151153564453e+00
5.202020202020202211e-01 6.617046833038330078e+00
5.303030303030302761e-01 6.183666706085205078e+00
5.404040404040404422e-01 5.611397266387939453e+00
5.505050505050504972e-01 4.844593524932861328e+00
5.606060606060605522e-01 4.062241554260253906e+00
5.707070707070707183e-01 3.238351821899414062e+00
5.808080808080807733e-01 2.463254928588867188e+00
5.909090909090909394e-01 1.832608699798583984e+00
6.010101010101009944e-01 1.271198868751525879e+00
6.111111111111111605e-01 8.743339180946350098e-01
6.212121212121212155e-01 5.673359036445617676e-01
6.313131313131312705e-01 3.531166315078735352e-01
6.414141414141414366e-01 2.114470452070236206e-01
6.515151515151514916e-01 1.223042160272598267e-01
6.616161616161616577e-01 6.784863024950027466e-02
6.717171717171717127e-01 3.609741851687431335e-02
6.818181818181818787e-01 1.844684593379497528e-02
6.919191919191919338e-01 9.004530496895313263e-03
7.020202020202019888e-01 4.189604427665472031e-03
7.121212121212121549e-01 1.904333825223147869e-03
7.222222222222222099e-01 8.439670782536268234e-04
7.323232323232323759e-01 3.874532412737607956e-04
7.424242424242424310e-01 2.100413112202659249e-04
7.525252525252525970e-01 1.452675933251157403e-04
7.626262626262626521e-01 1.208009925903752446e-04
7.727272727272727071e-01 1.143774425145238638e-04
7.828282828282828731e-01 1.132715915446169674e-04
7.929292929292929282e-01 1.144247435149736702e-04
8.030303030303029832e-01 1.141667817137204111e-04
8.131313131313131493e-01 1.111845704144798219e-04
8.232323232323233153e-01 1.041357099893502891e-04
8.333333333333333703e-01 9.346342994831502438e-05
8.434343434343434254e-01 7.625936268595978618e-05
8.535353535353535914e-01 5.896049333387054503e-05
8.636363636363636465e-01 2.540861714805942029e-05
8.737373737373737015e-01 8.191126835299655795e-05
8.838383838383838675e-01 2.104650629917159677e-04
8.939393939393940336e-01 3.990349650848656893e-04
9.040404040404040886e-01 4.708772175945341587e-04
9.141414141414141437e-01 1.174859586171805859e-03
9.242424242424243097e-01 1.154238241724669933e-03
9.343434343434343647e-01 2.448805840685963631e-03
9.444444444444444198e-01 3.521462669596076012e-03
9.545454545454545858e-01 4.804864991456270218e-03
9.646464646464647519e-01 3.385410876944661140e-03
9.747474747474748069e-01 6.425841711461544037e-03
9.848484848484848619e-01 1.059059333056211472e-02
9.949494949494950280e-01 8.358675055205821991e-03
1.005050505050505194e+00 6.290405988693237305e-03
1.015151515151515138e+00 1.029791962355375290e-02
1.025252525252525304e+00 1.222313754260540009e-02
1.035353535353535470e+00 9.696716442704200745e-03
1.045454545454545414e+00 8.736423216760158539e-03
1.055555555555555580e+00 5.619153380393981934e-03
1.065656565656565746e+00 7.586313411593437195e-03
1.075757575757575690e+00 5.918930750340223312e-03
1.085858585858585856e+00 2.826832234859466553e-03
1.095959595959596022e+00 4.019451793283224106e-03
1.106060606060605966e+00 3.454146673902869225e-03
1.116161616161616355e+00 2.212283667176961899e-03
1.126262626262626299e+00 1.436160877346992493e-03
1.136363636363636465e+00 1.059454982168972492e-03
1.146464646464646631e+00 7.541504455730319023e-04
1.156565656565656575e+00 4.276126855984330177e-04
1.166666666666666741e+00 3.104127245023846626e-04
1.176767676767676907e+00 2.748425467871129513e-04
1.186868686868686851e+00 1.441679924027994275e-04
1.196969696969697017e+00 6.870885408716276288e-05
1.207070707070707183e+00 3.604798621381632984e-05
1.217171717171717127e+00 2.147148188669234514e-05
1.227272727272727293e+00 2.928355206677224487e-05
1.237373737373737459e+00 4.246479511493816972e-05
1.247474747474747403e+00 5.092287756269797683e-05
1.257575757575757791e+00 5.544805026147514582e-05
1.267676767676767735e+00 5.714822327718138695e-05
1.277777777777777679e+00 5.606964259641245008e-05
1.287878787878788067e+00 5.243259511189535260e-05
1.297979797979798011e+00 4.841395639232359827e-05
1.308080808080808177e+00 4.361803439678624272e-05
1.318181818181818343e+00 4.089458889211528003e-05
1.328282828282828287e+00 4.242551221977919340e-05
1.338383838383838453e+00 5.002631587558425963e-05
1.348484848484848619e+00 6.287031283136457205e-05
1.358585858585858563e+00 7.728538184892386198e-05
1.368686868686868729e+00 9.307052096119150519e-05
1.378787878787878896e+00 1.078391724149696529e-04
1.388888888888888840e+00 1.201503910124301910e-04
1.398989898989899228e+00 1.325142075074836612e-04
1.409090909090909172e+00 1.423846697434782982e-04
1.419191919191919116e+00 1.532866444904357195e-04
1.429292929292929504e+00 1.640512928133830428e-04
1.439393939393939448e+00 1.735434780130162835e-04
1.449494949494949614e+00 1.780371094355359674e-04
1.459595959595959780e+00 1.810261455830186605e-04
1.469696969696969724e+00 1.756806886987760663e-04
1.479797979797979890e+00 1.669152261456474662e-04
1.489898989898990056e+00 1.505785621702671051e-04
1.500000000000000000e+00 1.289357460336759686e-04
