5.000000000000000000e-01 2.313282857357989997e-05
5.101010101010100550e-01 2.802451126626692712e-05
5.202020202020202211e-01 2.172931453969795257e-05
5.303030303030302761e-01 2.484312062733806670e-05
5.404040404040404422e-01 2.306690294062718749e-05
5.505050505050504972e-01 1.343854705737612676e-06
5.606060606060605522e-01 1.175425404653651640e-05
5.707070707070707183e-01 3.656467742985114455e-05
5.808080808080807733e-01 6.883178139105439186e-05
5.909090909090909394e-01 9.436511390958912671e-06
6.010101010101009944e-01 3.778303289436735213e-05
6.111111111111111605e-01 3.289699634478893131e-06
6.212121212121212155e-01 5.089202204544562846e-06
6.313131313131312705e-01 4.143108162679709494e-05
6.414141414141414366e-01 2.916623316195909865e-06
6.515151515151514916e-01 1.773169060470536351e-05
6.616161616161616577e-01 7.718703272985294461e-06
6.717171717171717127e-01 1.124751815950730816e-05
6.818181818181818787e-01 1.263362992176553234e-05
6.919191919191919338e-01 3.782699650400900282e-06
7.020202020202019888e-01 2.689567008928861469e-05
7.121212121212121549e-01 6.146639498183503747e-05
7.222222222222222099e-01 9.229650459019467235e-05
7.323232323232323759e-01 2.808326098602265120e-04
7.424242424242424310e-01 8.997826371341943741e-04
7.525252525252525970e-01 2.871596021577715874e-03
7.626262626262626521e-01 8.472274988889694214e-03
7.727272727272727071e-01 2.423011884093284607e-02
7.828282828282828731e-01 6.633013486862182617e-02
7.929292929292929282e-01 1.743693947792053223e-01
8.030303030303029832e-01 4.397752583026885986e-01
8.131313131313131493e-01 1.065029025077819824e+00
8.232323232323233153e-01 2.476125717163085938e+00
8.333333333333333703e-01 5.526415348052978516e+00
8.434343434343434254e-01 1.184107685089111328e+01
8.535353535353535914e-01 2.435494041442871094e+01
8.636363636363636465e-01 4.809517288208007812e+01
8.737373737373737015e-01 9.118006896972656250e+01
8.838383838383838675e-01 1.659385528564453125e+02
8.939393939393940336e-01 2.899308471679687500e+02
9.040404040404040886e-01 4.862637634277343750e+02
9.141414141414141437e-01 7.829851074218750000e+02
9.242424242424243097e-01 1.210416137695312500e+03
9.343434343434343647e-01 1.796379638671875000e+03
9.444444444444444198e-01 2.559162841796875000e+03
9.545454545454545858e-01 3.499781005859375000e+03
9.646464646464647519e-01 4.595303222656250000e+03
9.747474747474748069e-01 5.792363281250000000e+03
9.848484848484848619e-01 7.009869628906250000e+03
9.949494949494950280e-01 8.144252929687500000e+03
1.005050505050505194e+00 9.082061523437500000e+03
1.015151515151515138e+00 9.722828125000000000e+03
1.025252525252525304e+00 9.992818359375000000e+03
1.035353535353535470e+00 9.860508789062500000e+03
1.045454545454545414e+00 9.340658203125000000e+03
1.055555555555555580e+00 8.493775390625000000e+03
1.065656565656565746e+00 7.416066894531250000e+03
1.075757575757575690e+00 6.215893066406250000e+03
1.085858585858585856e+00 5.000701171875000000e+03
1.095959595959596022e+00 3.862791259765625000e+03
1.106060606060605966e+00 2.864159912109375000e+03
1.116161616161616355e+00 2.039002075195312500e+03
1.126262626262626299e+00 1.393539794921875000e+03
1.136363636363636465e+00 9.142106933593750000e+02
1.146464646464646631e+00 5.758150634765625000e+02
1.156565656565656575e+00 3.481368408203125000e+02
1.166666666666666741e+00 2.020853881835937500e+02
1.176767676767676907e+00 1.126162796020507812e+02
1.186868686868686851e+00 6.025005340576171875e+01
1.196969696969697017e+00 3.094274902343750000e+01
1.207070707070707183e+00 1.525510215759277344e+01
1.217171717171717127e+00 7.220419883728027344e+00
1.227272727272727293e+00 3.280947446823120117e+00
1.237373737373737459e+00 1.431272029876708984e+00
1.247474747474747403e+00 5.992152094841003418e-01
1.257575757575757791e+00 2.406406104564666748e-01
1.267676767676767735e+00 9.253714233636856079e-02
1.277777777777777679e+00 3.365211561322212219e-02
1.287878787878788067e+00 1.037811208516359329e-02
1.297979797979798011e+00 1.600178307853639126e-03
1.308080808080808177e+00 4.026919137686491013e-03
1.318181818181818343e+00 8.988218382000923157e-03
1.328282828282828287e+00 1.797197014093399048e-02
1.338383838383838453e+00 2.512544952332973480e-02
1.348484848484848619e+00 3.534366190433502197e-02
1.358585858585858563e+00 4.640643671154975891e-02
1.368686868686868729e+00 6.915164738893508911e-02
1.378787878787878896e+00 7.797015458345413208e-02
1.388888888888888840e+00 1.107414886355400085e-01
1.398989898989899228e+00 1.143906638026237488e-01
1.409090909090909172e+00 1.529202312231063843e-01
1.419191919191919116e+00 1.371686607599258423e-01
1.429292929292929504e+00 1.620538234710693359e-01
1.439393939393939448e+00 1.792171448469161987e-01
1.449494949494949614e+00 2.015688270330429077e-01
1.459595959595959780e+00 1.393684893846511841e-01
1.469696969696969724e+00 1.414265632629394531e-01
1.479797979797979890e+00 1.165101379156112671e-01
1.489898989898990056e+00 9.133683890104293823e-02
1.500000000000000000e+00 6.627158075571060181e-02
