5.000000000000000000e-01 1.817404150962829590e+00
5.101010101010100550e-01 1.712153673171997070e+00
5.202020202020202211e-01 1.174459815025329590e+00
5.303030303030302761e-01 9.462246298789978027e-01
5.404040404040404422e-01 1.074940919876098633e+00
5.505050505050504972e-01 1.125144958496093750e+00
5.606060606060605522e-01 8.058062195777893066e-01
5.707070707070707183e-01 1.416290163993835449e+00
5.808080808080807733e-01 1.017156243324279785e+00
5.909090909090909394e-01 1.347231030464172363e+00
6.010101010101009944e-01 7.008944153785705566e-01
6.111111111111111605e-01 6.896617412567138672e-01
6.212121212121212155e-01 7.522675395011901855e-01
6.313131313131312705e-01 1.878984928131103516e+00
6.414141414141414366e-01 3.788328170776367188e+00
6.515151515151514916e-01 2.718731880187988281e+00
6.616161616161616577e-01 2.122185945510864258e+00
6.717171717171717127e-01 3.045348644256591797e+00
6.818181818181818787e-01 1.816980004310607910e+00
6.919191919191919338e-01 1.827127456665039062e+00
7.020202020202019888e-01 8.755753636360168457e-01
7.121212121212121549e-01 1.048828125000000000e+00
7.222222222222222099e-01 6.967197060585021973e-01
7.323232323232323759e-01 6.099397540092468262e-01
7.424242424242424310e-01 2.729129195213317871e-01
7.525252525252525970e-01 3.254870772361755371e-01
7.626262626262626521e-01 3.419198393821716309e-01
7.727272727272727071e-01 5.704857707023620605e-01
7.828282828282828731e-01 5.566539168357849121e-01
7.929292929292929282e-01 6.842793822288513184e-01
8.030303030303029832e-01 1.454277515411376953e+00
8.131313131313131493e-01 3.806052684783935547e+00
8.232323232323233153e-01 8.202467918395996094e+00
8.333333333333333703e-01 1.642517089843750000e+01
8.434343434343434254e-01 3.262825012207031250e+01
8.535353535353535914e-01 6.252326965332031250e+01
8.636363636363636465e-01 1.165841369628906250e+02
8.737373737373737015e-01 2.080939025878906250e+02
8.838383838383838675e-01 3.569511108398437500e+02
8.939393939393940336e-01 5.881626586914062500e+02
9.040404040404040886e-01 9.316279907226562500e+02
9.141414141414141437e-01 1.417752807617187500e+03
9.242424242424243097e-01 2.070006591796875000e+03
9.343434343434343647e-01 2.902950683593750000e+03
9.444444444444444198e-01 3.907651855468750000e+03
9.545454545454545858e-01 5.049650878906250000e+03
9.646464646464647519e-01 6.266030761718750000e+03
9.747474747474748069e-01 7.463916992187500000e+03
9.848484848484848619e-01 8.535867187500000000e+03
9.949494949494950280e-01 9.370414062500000000e+03
1.005050505050505194e+00 9.875385742187500000e+03
1.015151515151515138e+00 9.990242187500000000e+03
1.025252525252525304e+00 9.703940429687500000e+03
1.035353535353535470e+00 9.048814453125000000e+03
1.045454545454545414e+00 8.100187011718750000e+03
1.055555555555555580e+00 6.961812011718750000e+03
1.065656565656565746e+00 5.742890136718750000e+03
1.075757575757575690e+00 4.548337402343750000e+03
1.085858585858585856e+00 3.457617919921875000e+03
1.095959595959596022e+00 2.523803955078125000e+03
1.106060606060605966e+00 1.768520019531250000e+03
1.116161616161616355e+00 1.189616699218750000e+03
1.126262626262626299e+00 7.680297241210937500e+02
1.136363636363636465e+00 4.760378112792968750e+02
1.146464646464646631e+00 2.829734802246093750e+02
1.156565656565656575e+00 1.611561889648437500e+02
1.166666666666666741e+00 8.819142913818359375e+01
1.176767676767676907e+00 4.602443695068359375e+01
1.186868686868686851e+00 2.315906143188476562e+01
1.196969696969697017e+00 1.059523391723632812e+01
1.207070707070707183e+00 4.234180450439453125e+00
1.217171717171717127e+00 1.312272071838378906e+00
1.227272727272727293e+00 5.641518831253051758e-01
1.237373737373737459e+00 8.494724035263061523e-01
1.247474747474747403e+00 7.667472958564758301e-01
1.257575757575757791e+00 6.574565172195434570e-01
1.267676767676767735e+00 8.448489308357238770e-01
1.277777777777777679e+00 8.035902976989746094e-01
1.287878787878788067e+00 5.283791422843933105e-01
1.297979797979798011e+00 8.277123570442199707e-01
1.308080808080808177e+00 5.951433777809143066e-01
1.318181818181818343e+00 5.782080888748168945e-01
1.328282828282828287e+00 7.352871298789978027e-01
1.338383838383838453e+00 6.052713990211486816e-01
1.348484848484848619e+00 4.302622973918914795e-01
1.358585858585858563e+00 2.618040144443511963e-01
1.368686868686868729e+00 1.226890757679939270e-01
1.378787878787878896e+00 9.858617931604385376e-02
1.388888888888888840e+00 3.384988307952880859e-01
1.398989898989899228e+00 3.982843160629272461e-01
1.409090909090909172e+00 7.859347462654113770e-01
1.419191919191919116e+00 9.134230613708496094e-01
1.429292929292929504e+00 1.068012118339538574e+00
1.439393939393939448e+00 1.284693241119384766e+00
1.449494949494949614e+00 1.244189739227294922e+00
1.459595959595959780e+00 9.355759024620056152e-01
1.469696969696969724e+00 1.055546998977661133e+00
1.479797979797979890e+00 8.967157006263732910e-01
1.489898989898990056e+00 6.243395805358886719e-01
1.500000000000000000e+00 5.863105654716491699e-01
