5.000000000000000000e-01 1.307273000000000000e+07
5.101010101010100550e-01 1.028258400000000000e+07
5.202020202020202211e-01 7.358111500000000000e+06
5.303030303030302761e-01 4.520034500000000000e+06
5.404040404040404422e-01 4.022093500000000000e+06
5.505050505050504972e-01 6.610436000000000000e+06
5.606060606060605522e-01 9.861751000000000000e+06
5.707070707070707183e-01 1.277421400000000000e+07
5.808080808080807733e-01 1.525759900000000000e+07
5.909090909090909394e-01 1.720331600000000000e+07
6.010101010101009944e-01 1.831951400000000000e+07
6.111111111111111605e-01 1.865761000000000000e+07
6.212121212121212155e-01 1.831022000000000000e+07
6.313131313131312705e-01 1.799585200000000000e+07
6.414141414141414366e-01 1.650307600000000000e+07
6.515151515151514916e-01 1.514348200000000000e+07
6.616161616161616577e-01 1.329898500000000000e+07
6.717171717171717127e-01 1.118422700000000000e+07
6.818181818181818787e-01 8.800640000000000000e+06
6.919191919191919338e-01 6.352154500000000000e+06
7.020202020202019888e-01 3.945047000000000000e+06
7.121212121212121549e-01 2.104858750000000000e+06
7.222222222222222099e-01 2.427163250000000000e+06
7.323232323232323759e-01 4.092397000000000000e+06
7.424242424242424310e-01 5.561413500000000000e+06
7.525252525252525970e-01 6.672797500000000000e+06
7.626262626262626521e-01 7.478807500000000000e+06
7.727272727272727071e-01 7.678901500000000000e+06
7.828282828282828731e-01 7.603475500000000000e+06
7.929292929292929282e-01 7.340478000000000000e+06
8.030303030303029832e-01 6.905519000000000000e+06
8.131313131313131493e-01 6.010515000000000000e+06
8.232323232323233153e-01 5.160784500000000000e+06
8.333333333333333703e-01 3.989574250000000000e+06
8.434343434343434254e-01 2.699611000000000000e+06
8.535353535353535914e-01 1.403431000000000000e+06
8.636363636363636465e-01 1.359962375000000000e+06
8.737373737373737015e-01 2.914108500000000000e+06
8.838383838383838675e-01 4.761652500000000000e+06
8.939393939393940336e-01 6.621855000000000000e+06
9.040404040404040886e-01 8.394150000000000000e+06
9.141414141414141437e-01 1.021216200000000000e+07
9.242424242424243097e-01 1.159159400000000000e+07
9.343434343434343647e-01 1.284800100000000000e+07
9.444444444444444198e-01 1.373733000000000000e+07
9.545454545454545858e-01 1.431477700000000000e+07
9.646464646464647519e-01 1.439242900000000000e+07
9.747474747474748069e-01 1.429983500000000000e+07
9.848484848484848619e-01 1.377616900000000000e+07
9.949494949494950280e-01 1.268803000000000000e+07
1.005050505050505194e+00 1.135042700000000000e+07
1.015151515151515138e+00 9.979881000000000000e+06
1.025252525252525304e+00 8.690558000000000000e+06
1.035353535353535470e+00 7.590488000000000000e+06
1.045454545454545414e+00 6.935668000000000000e+06
1.055555555555555580e+00 6.485459000000000000e+06
1.065656565656565746e+00 6.047069500000000000e+06
1.075757575757575690e+00 5.745049500000000000e+06
1.085858585858585856e+00 5.283359500000000000e+06
1.095959595959596022e+00 4.793951000000000000e+06
1.106060606060605966e+00 4.479309000000000000e+06
1.116161616161616355e+00 4.361828000000000000e+06
1.126262626262626299e+00 4.548752000000000000e+06
1.136363636363636465e+00 4.672940500000000000e+06
1.146464646464646631e+00 4.561118000000000000e+06
1.156565656565656575e+00 4.187325000000000000e+06
1.166666666666666741e+00 3.448700250000000000e+06
1.176767676767676907e+00 2.615014250000000000e+06
1.186868686868686851e+00 1.999161250000000000e+06
1.196969696969697017e+00 2.177902500000000000e+06
1.207070707070707183e+00 2.871611750000000000e+06
1.217171717171717127e+00 3.636781000000000000e+06
1.227272727272727293e+00 4.252720000000000000e+06
1.237373737373737459e+00 4.742423500000000000e+06
1.247474747474747403e+00 5.063916000000000000e+06
1.257575757575757791e+00 5.340384500000000000e+06
1.267676767676767735e+00 5.609847500000000000e+06
1.277777777777777679e+00 5.717756000000000000e+06
1.287878787878788067e+00 5.903526000000000000e+06
1.297979797979798011e+00 5.890800000000000000e+06
1.308080808080808177e+00 5.791216500000000000e+06
1.318181818181818343e+00 5.399952000000000000e+06
1.328282828282828287e+00 5.119369000000000000e+06
1.338383838383838453e+00 4.537167500000000000e+06
1.348484848484848619e+00 4.068794750000000000e+06
1.358585858585858563e+00 3.651807500000000000e+06
1.368686868686868729e+00 3.314454250000000000e+06
1.378787878787878896e+00 3.029196250000000000e+06
1.388888888888888840e+00 2.865181500000000000e+06
1.398989898989899228e+00 2.934641750000000000e+06
1.409090909090909172e+00 3.293733250000000000e+06
1.419191919191919116e+00 3.926975250000000000e+06
1.429292929292929504e+00 4.463960000000000000e+06
1.439393939393939448e+00 5.009920000000000000e+06
1.449494949494949614e+00 5.378314500000000000e+06
1.459595959595959780e+00 5.378012000000000000e+06
1.469696969696969724e+00 5.166496500000000000e+06
1.479797979797979890e+00 4.822289000000000000e+06
1.489898989898990056e+00 4.205782500000000000e+06
1.500000000000000000e+00 3.609132500000000000e+06
