5.000000000000000000e-01 8.247531277947764736e+18
5.101010101010100550e-01 1.103401919817397043e+19
5.202020202020202211e-01 1.284181642535396966e+19
5.303030303030302761e-01 1.504388752713816474e+19
5.404040404040404422e-01 1.711042952714780672e+19
5.505050505050504972e-01 1.863312668778037248e+19
5.606060606060605522e-01 2.008847986072328602e+19
5.707070707070707183e-01 1.888486867105270989e+19
5.808080808080807733e-01 1.991538374516251034e+19
5.909090909090909394e-01 1.929197824439956275e+19
6.010101010101009944e-01 1.741385405448375501e+19
6.111111111111111605e-01 1.648543853061760614e+19
6.212121212121212155e-01 1.741152968690263654e+19
6.313131313131312705e-01 1.902338294689667482e+19
6.414141414141414366e-01 2.024231253256542618e+19
6.515151515151514916e-01 2.078544708743095910e+19
6.616161616161616577e-01 2.167137418346496000e+19
6.717171717171717127e-01 2.046705490830609613e+19
6.818181818181818787e-01 1.985852140182044672e+19
6.919191919191919338e-01 1.841744318834094899e+19
7.020202020202019888e-01 1.631359585831249510e+19
7.121212121212121549e-01 1.361864997768003584e+19
7.222222222222222099e-01 1.078794079929630720e+19
7.323232323232323759e-01 8.709171130474168320e+18
7.424242424242424310e-01 6.146011614035312640e+18
7.525252525252525970e-01 4.051745978087112704e+18
7.626262626262626521e-01 2.924625063581843456e+18
7.727272727272727071e-01 3.618469677266632704e+18
7.828282828282828731e-01 5.824953119213092864e+18
7.929292929292929282e-01 9.747612583908605952e+18
8.030303030303029832e-01 1.347164087499987354e+19
8.131313131313131493e-01 1.902079909457140122e+19
8.232323232323233153e-01 2.399717992579255501e+19
8.333333333333333703e-01 3.088324093064668774e+19
8.434343434343434254e-01 3.472153266911969280e+19
8.535353535353535914e-01 3.896406645461431091e+19
8.636363636363636465e-01 4.183088029631932006e+19
8.737373737373737015e-01 4.396497958927440282e+19
8.838383838383838675e-01 4.111687503742763008e+19
8.939393939393940336e-01 4.409923435707236352e+19
9.040404040404040886e-01 3.915198618594076262e+19
9.141414141414141437e-01 3.461088441597008282e+19
9.242424242424243097e-01 3.155951314949636096e+19
9.343434343434343647e-01 2.642251126164317798e+19
9.444444444444444198e-01 2.196569365501129523e+19
9.545454545454545858e-01 1.646418936889920717e+19
9.646464646464647519e-01 9.145429856584990720e+18
9.747474747474748069e-01 2.702261481247866880e+18
9.848484848484848619e-01 4.389465647482929152e+18
9.949494949494950280e-01 1.166137194568063386e+19
1.005050505050505194e+00 1.718642996988293939e+19
1.015151515151515138e+00 2.206317635592991539e+19
1.025252525252525304e+00 2.467552142552570266e+19
1.035353535353535470e+00 2.817251156059750400e+19
1.045454545454545414e+00 2.786904195328481690e+19
1.055555555555555580e+00 2.846755670981817139e+19
1.065656565656565746e+00 2.671274274895744205e+19
1.075757575757575690e+00 2.292978063461738086e+19
1.085858585858585856e+00 2.398036619398060442e+19
1.095959595959596022e+00 2.143953336065536819e+19
1.106060606060605966e+00 2.151512478506496819e+19
1.116161616161616355e+00 1.869544260879620506e+19
1.126262626262626299e+00 1.807060664340552090e+19
1.136363636363636465e+00 1.587087750138848870e+19
1.146464646464646631e+00 1.385152434141973709e+19
1.156565656565656575e+00 1.225194492972656230e+19
1.166666666666666741e+00 1.138660289038778368e+19
1.176767676767676907e+00 1.246971530223550464e+19
1.186868686868686851e+00 1.406134194632497562e+19
1.196969696969697017e+00 1.313476480590046822e+19
1.207070707070707183e+00 1.351661529862242304e+19
1.217171717171717127e+00 1.288873258651117158e+19
1.227272727272727293e+00 1.150000102211846144e+19
1.237373737373737459e+00 1.024817954610479104e+19
1.247474747474747403e+00 1.005779470970886554e+19
1.257575757575757791e+00 1.226732489837589299e+19
1.267676767676767735e+00 1.530684782754870067e+19
1.277777777777777679e+00 2.030864387004589670e+19
1.287878787878788067e+00 2.272277338143273779e+19
1.297979797979798011e+00 2.599601949732188979e+19
1.308080808080808177e+00 2.876902300694505062e+19
1.318181818181818343e+00 3.188812858773628518e+19
1.328282828282828287e+00 3.260784251099938816e+19
1.338383838383838453e+00 3.611406634472125235e+19
1.348484848484848619e+00 3.907035404464816128e+19
1.358585858585858563e+00 4.124884721908632781e+19
1.368686868686868729e+00 4.133098073768119501e+19
1.378787878787878896e+00 4.170906320405476147e+19
1.388888888888888840e+00 4.300220762557513728e+19
1.398989898989899228e+00 3.952690645687284531e+19
1.409090909090909172e+00 3.843330580360776909e+19
1.419191919191919116e+00 3.253753753849613517e+19
1.429292929292929504e+00 2.520081090667243110e+19
1.439393939393939448e+00 2.032233278981170790e+19
1.449494949494949614e+00 1.343389903886483456e+19
1.459595959595959780e+00 5.320234401110425600e+18
1.469696969696969724e+00 3.093082614462939136e+18
1.479797979797979890e+00 1.071510585053754163e+19
1.489898989898990056e+00 1.853026957402518323e+19
1.500000000000000000e+00 2.380413647028066714e+19
