5.000000000000000000e-01 1.804020212148316205e-05
5.101010101010100550e-01 2.763887096079997718e-05
5.202020202020202211e-01 6.796914476581150666e-06
5.303030303030302761e-01 3.093165787504403852e-06
5.404040404040404422e-01 3.985640069004148245e-05
5.505050505050504972e-01 4.618611910700565204e-06
5.606060606060605522e-01 2.728497565840370953e-05
5.707070707070707183e-01 6.316280632745474577e-06
5.808080808080807733e-01 3.006549559358973056e-05
5.909090909090909394e-01 1.182596679427661002e-05
6.010101010101009944e-01 1.831767804105766118e-05
6.111111111111111605e-01 5.821517788717756048e-06
6.212121212121212155e-01 1.553669244458433241e-05
6.313131313131312705e-01 3.113604861937346868e-06
6.414141414141414366e-01 3.475102130323648453e-05
6.515151515151514916e-01 1.498670826549641788e-05
6.616161616161616577e-01 3.899357034242711961e-05
6.717171717171717127e-01 1.128307703766040504e-04
6.818181818181818787e-01 1.886783720692619681e-04
6.919191919191919338e-01 3.888401552103459835e-04
7.020202020202019888e-01 8.389328140765428543e-04
7.121212121212121549e-01 1.960466848686337471e-03
7.222222222222222099e-01 3.408973105251789093e-03
7.323232323232323759e-01 6.261379458010196686e-03
7.424242424242424310e-01 1.132800430059432983e-02
7.525252525252525970e-01 1.706751435995101929e-02
7.626262626262626521e-01 2.964518032968044281e-02
7.727272727272727071e-01 4.204331710934638977e-02
7.828282828282828731e-01 6.347183138132095337e-02
7.929292929292929282e-01 8.685442060232162476e-02
8.030303030303029832e-01 1.291308701038360596e-01
8.131313131313131493e-01 1.735958158969879150e-01
8.232323232323233153e-01 2.200392186641693115e-01
8.333333333333333703e-01 3.518378734588623047e-01
8.434343434343434254e-01 5.751131772994995117e-01
8.535353535353535914e-01 1.034617066383361816e+00
8.636363636363636465e-01 2.027674436569213867e+00
8.737373737373737015e-01 4.165227890014648438e+00
8.838383838383838675e-01 8.737555503845214844e+00
8.939393939393940336e-01 1.793166732788085938e+01
9.040404040404040886e-01 3.574216079711914062e+01
9.141414141414141437e-01 6.876625061035156250e+01
9.242424242424243097e-01 1.272142181396484375e+02
9.343434343434343647e-01 2.262391510009765625e+02
9.444444444444444198e-01 3.863879699707031250e+02
9.545454545454545858e-01 6.337376098632812500e+02
9.646464646464647519e-01 9.979323120117187500e+02
9.747474747474748069e-01 1.508659790039062500e+03
9.848484848484848619e-01 2.189726562500000000e+03
9.949494949494950280e-01 3.050756835937500000e+03
1.005050505050505194e+00 4.080531738281250000e+03
1.015151515151515138e+00 5.240133300781250000e+03
1.025252525252525304e+00 6.459217773437500000e+03
1.035353535353535470e+00 7.645114257812500000e+03
1.045454545454545414e+00 8.685379882812500000e+03
1.055555555555555580e+00 9.474124023437500000e+03
1.065656565656565746e+00 9.919168945312500000e+03
1.075757575757575690e+00 9.969966796875000000e+03
1.085858585858585856e+00 9.622680664062500000e+03
1.095959595959596022e+00 8.914442382812500000e+03
1.106060606060605966e+00 7.927520019531250000e+03
1.116161616161616355e+00 6.768736816406250000e+03
1.126262626262626299e+00 5.548252929687500000e+03
1.136363636363636465e+00 4.365414062500000000e+03
1.146464646464646631e+00 3.297495605468750000e+03
1.156565656565656575e+00 2.391410888671875000e+03
1.166666666666666741e+00 1.664973754882812500e+03
1.176767676767676907e+00 1.112893798828125000e+03
1.186868686868686851e+00 7.141715087890625000e+02
1.196969696969697017e+00 4.399801635742187500e+02
1.207070707070707183e+00 2.602984924316406250e+02
1.217171717171717127e+00 1.479454650878906250e+02
1.227272727272727293e+00 8.089321136474609375e+01
1.237373737373737459e+00 4.263038253784179688e+01
1.247474747474747403e+00 2.170454406738281250e+01
1.257575757575757791e+00 1.083261203765869141e+01
1.267676767676767735e+00 5.390736579895019531e+00
1.277777777777777679e+00 2.783824920654296875e+00
1.287878787878788067e+00 1.577983379364013672e+00
1.297979797979798011e+00 1.017978072166442871e+00
1.308080808080808177e+00 6.843248605728149414e-01
1.318181818181818343e+00 5.383830070495605469e-01
1.328282828282828287e+00 4.572375416755676270e-01
1.338383838383838453e+00 3.036607801914215088e-01
1.348484848484848619e+00 2.585423588752746582e-01
1.358585858585858563e+00 1.942363381385803223e-01
1.368686868686868729e+00 1.247423738241195679e-01
1.378787878787878896e+00 8.681178838014602661e-02
1.388888888888888840e+00 6.077649816870689392e-02
1.398989898989899228e+00 3.757353127002716064e-02
1.409090909090909172e+00 2.048950642347335815e-02
1.419191919191919116e+00 1.316874101758003235e-02
1.429292929292929504e+00 7.696267683058977127e-03
1.439393939393939448e+00 3.794700140133500099e-03
1.449494949494949614e+00 1.825599814765155315e-03
1.459595959595959780e+00 8.365528192371129990e-04
1.469696969696969724e+00 4.559896478895097971e-04
1.479797979797979890e+00 1.750694500515237451e-04
1.489898989898990056e+00 1.176833175122737885e-04
1.500000000000000000e+00 3.052418378501897678e-06
