5.000000000000000000e-01 6.051274046832640000e+14
5.101010101010100550e-01 4.031182148730880000e+14
5.202020202020202211e-01 5.379613639311360000e+14
5.303030303030302761e-01 8.304148139212800000e+14
5.404040404040404422e-01 1.209497821380608000e+15
5.505050505050504972e-01 1.462483072057344000e+15
5.606060606060605522e-01 1.698878072029184000e+15
5.707070707070707183e-01 1.864441679314944000e+15
5.808080808080807733e-01 2.047714913157120000e+15
5.909090909090909394e-01 2.035056570793984000e+15
6.010101010101009944e-01 2.097522306711552000e+15
6.111111111111111605e-01 2.160819118800896000e+15
6.212121212121212155e-01 1.995695343009792000e+15
6.313131313131312705e-01 2.029669205409792000e+15
6.414141414141414366e-01 1.957918421286912000e+15
6.515151515151514916e-01 1.775446198845440000e+15
6.616161616161616577e-01 1.657610549854208000e+15
6.717171717171717127e-01 1.500114099109888000e+15
6.818181818181818787e-01 1.383278237974528000e+15
6.919191919191919338e-01 1.309004294782976000e+15
7.020202020202019888e-01 1.186321104109568000e+15
7.121212121212121549e-01 1.140211811614720000e+15
7.222222222222222099e-01 1.050543229239296000e+15
7.323232323232323759e-01 1.030226020663296000e+15
7.424242424242424310e-01 1.012581758140416000e+15
7.525252525252525970e-01 9.620990480875520000e+14
7.626262626262626521e-01 9.748604696657920000e+14
7.727272727272727071e-01 9.743078281707520000e+14
7.828282828282828731e-01 1.031922130092032000e+15
7.929292929292929282e-01 1.046737485561856000e+15
8.030303030303029832e-01 1.055511365550080000e+15
8.131313131313131493e-01 1.137438068047872000e+15
8.232323232323233153e-01 1.112504843370496000e+15
8.333333333333333703e-01 1.132790644998144000e+15
8.434343434343434254e-01 1.140373141323776000e+15
8.535353535353535914e-01 1.182000367009792000e+15
8.636363636363636465e-01 1.189469986226176000e+15
8.737373737373737015e-01 1.274125268025344000e+15
8.838383838383838675e-01 1.406835730939904000e+15
8.939393939393940336e-01 1.495414196928512000e+15
9.040404040404040886e-01 1.579651793158144000e+15
9.141414141414141437e-01 1.760734459461632000e+15
9.242424242424243097e-01 1.837384727527424000e+15
9.343434343434343647e-01 1.915671646568448000e+15
9.444444444444444198e-01 1.972540771663872000e+15
9.545454545454545858e-01 1.940923369914368000e+15
9.646464646464647519e-01 1.832854073901056000e+15
9.747474747474748069e-01 1.783203983523840000e+15
9.848484848484848619e-01 1.666744066244608000e+15
9.949494949494950280e-01 1.696502820896768000e+15
1.005050505050505194e+00 1.584932455448576000e+15
1.015151515151515138e+00 1.554555628158976000e+15
1.025252525252525304e+00 1.392041313435648000e+15
1.035353535353535470e+00 1.340787321208832000e+15
1.045454545454545414e+00 1.143328078823424000e+15
1.055555555555555580e+00 9.518722611937280000e+14
1.065656565656565746e+00 7.453309749166080000e+14
1.075757575757575690e+00 6.257687490723840000e+14
1.085858585858585856e+00 6.610051976396800000e+14
1.095959595959596022e+00 8.447651720724480000e+14
1.106060606060605966e+00 1.095265180188672000e+15
1.116161616161616355e+00 1.353587129057280000e+15
1.126262626262626299e+00 1.529126468976640000e+15
1.136363636363636465e+00 1.669193808216064000e+15
1.146464646464646631e+00 1.828324091363328000e+15
1.156565656565656575e+00 1.903317307359232000e+15
1.166666666666666741e+00 1.939645885579264000e+15
1.176767676767676907e+00 1.919975338016768000e+15
1.186868686868686851e+00 1.799220319223808000e+15
1.196969696969697017e+00 1.743468959367168000e+15
1.207070707070707183e+00 1.638018653880320000e+15
1.217171717171717127e+00 1.529865740222464000e+15
1.227272727272727293e+00 1.395346424987648000e+15
1.237373737373737459e+00 1.299841921581056000e+15
1.247474747474747403e+00 1.195708560441344000e+15
1.257575757575757791e+00 1.090310868303872000e+15
1.267676767676767735e+00 9.994641898209280000e+14
1.277777777777777679e+00 8.913984505774080000e+14
1.287878787878788067e+00 8.156811299389440000e+14
1.297979797979798011e+00 7.397031584727040000e+14
1.308080808080808177e+00 6.648316779560960000e+14
1.318181818181818343e+00 6.457994027991040000e+14
1.328282828282828287e+00 6.856568335237120000e+14
1.338383838383838453e+00 7.075227804631040000e+14
1.348484848484848619e+00 7.707134934384640000e+14
1.358585858585858563e+00 8.191649523957760000e+14
1.368686868686868729e+00 9.006079342018560000e+14
1.378787878787878896e+00 1.064352824164352000e+15
1.388888888888888840e+00 1.228197437898752000e+15
1.398989898989899228e+00 1.418281013477376000e+15
1.409090909090909172e+00 1.565783343759360000e+15
1.419191919191919116e+00 1.708255462031360000e+15
1.429292929292929504e+00 1.683577116819456000e+15
1.439393939393939448e+00 1.684178412240896000e+15
1.449494949494949614e+00 1.573053515431936000e+15
1.459595959595959780e+00 1.412464285581312000e+15
1.469696969696969724e+00 1.238004861501440000e+15
1.479797979797979890e+00 1.243403769610240000e+15
1.489898989898990056e+00 1.413184632127488000e+15
1.500000000000000000e+00 1.726944341131264000e+15
