5.000000000000000000e-01 8.023189380764961243e-03
5.101010101010100550e-01 7.941519841551780701e-03
5.202020202020202211e-01 7.352506276220083237e-03
5.303030303030302761e-01 6.776812020689249039e-03
5.404040404040404422e-01 6.129971239715814590e-03
5.505050505050504972e-01 5.361320916563272476e-03
5.606060606060605522e-01 4.761967342346906662e-03
5.707070707070707183e-01 4.479333292692899704e-03
5.808080808080807733e-01 4.554872866719961166e-03
5.909090909090909394e-01 4.596380982547998428e-03
6.010101010101009944e-01 4.688120447099208832e-03
6.111111111111111605e-01 4.667279310524463654e-03
6.212121212121212155e-01 4.566756077110767365e-03
6.313131313131312705e-01 4.424931481480598450e-03
6.414141414141414366e-01 4.176671616733074188e-03
6.515151515151514916e-01 3.934659529477357864e-03
6.616161616161616577e-01 3.712714184075593948e-03
6.717171717171717127e-01 3.612012136727571487e-03
6.818181818181818787e-01 3.582346485927700996e-03
6.919191919191919338e-01 3.534736810252070427e-03
7.020202020202019888e-01 3.543647238984704018e-03
7.121212121212121549e-01 3.376199631020426750e-03
7.222222222222222099e-01 2.682245802134275436e-03
7.323232323232323759e-01 1.296209753490984440e-03
7.424242424242424310e-01 3.111055586487054825e-03
7.525252525252525970e-01 9.921887889504432678e-03
7.626262626262626521e-01 2.421635203063488007e-02
7.727272727272727071e-01 4.629028216004371643e-02
7.828282828282828731e-01 8.804244548082351685e-02
7.929292929292929282e-01 1.604962497949600220e-01
8.030303030303029832e-01 2.821468412876129150e-01
8.131313131313131493e-01 4.353021681308746338e-01
8.232323232323233153e-01 6.950783133506774902e-01
8.333333333333333703e-01 1.084317207336425781e+00
8.434343434343434254e-01 1.579898118972778320e+00
8.535353535353535914e-01 2.312738656997680664e+00
8.636363636363636465e-01 2.991324663162231445e+00
8.737373737373737015e-01 4.004937171936035156e+00
8.838383838383838675e-01 4.772664070129394531e+00
8.939393939393940336e-01 5.616063117980957031e+00
9.040404040404040886e-01 6.904859542846679688e+00
9.141414141414141437e-01 7.413070678710937500e+00
9.242424242424243097e-01 7.752712726593017578e+00
9.343434343434343647e-01 8.231551170349121094e+00
9.444444444444444198e-01 7.791500091552734375e+00
9.545454545454545858e-01 7.179637908935546875e+00
9.646464646464647519e-01 6.612765789031982422e+00
9.747474747474748069e-01 5.665243148803710938e+00
9.848484848484848619e-01 4.693711280822753906e+00
9.949494949494950280e-01 3.626857042312622070e+00
1.005050505050505194e+00 2.752214193344116211e+00
1.015151515151515138e+00 1.949487447738647461e+00
1.025252525252525304e+00 1.190752148628234863e+00
1.035353535353535470e+00 6.839010119438171387e-01
1.045454545454545414e+00 3.833416700363159180e-01
1.055555555555555580e+00 4.054110944271087646e-01
1.065656565656565746e+00 4.906122386455535889e-01
1.075757575757575690e+00 5.660521984100341797e-01
1.085858585858585856e+00 5.739332437515258789e-01
1.095959595959596022e+00 5.515900254249572754e-01
1.106060606060605966e+00 5.086740851402282715e-01
1.116161616161616355e+00 4.721435606479644775e-01
1.126262626262626299e+00 3.914635479450225830e-01
1.136363636363636465e+00 3.249200284481048584e-01
1.146464646464646631e+00 2.485926747322082520e-01
1.156565656565656575e+00 1.941509395837783813e-01
1.166666666666666741e+00 1.291843503713607788e-01
1.176767676767676907e+00 9.889369457960128784e-02
1.186868686868686851e+00 6.720685213804244995e-02
1.196969696969697017e+00 4.503921046853065491e-02
1.207070707070707183e+00 3.098109737038612366e-02
1.217171717171717127e+00 1.981988549232482910e-02
1.227272727272727293e+00 1.409902144223451614e-02
1.237373737373737459e+00 8.608845062553882599e-03
1.247474747474747403e+00 5.310109350830316544e-03
1.257575757575757791e+00 2.327986992895603180e-03
1.267676767676767735e+00 7.107573910616338253e-04
1.277777777777777679e+00 2.803681418299674988e-03
1.287878787878788067e+00 4.743114113807678223e-03
1.297979797979798011e+00 6.114130374044179916e-03
1.308080808080808177e+00 7.279845885932445526e-03
1.318181818181818343e+00 8.266568183898925781e-03
1.328282828282828287e+00 8.169930428266525269e-03
1.338383838383838453e+00 7.706074975430965424e-03
1.348484848484848619e+00 7.068208884447813034e-03
1.358585858585858563e+00 5.989794619381427765e-03
1.368686868686868729e+00 4.974666051566600800e-03
1.378787878787878896e+00 4.143217578530311584e-03
1.388888888888888840e+00 3.660688409581780434e-03
1.398989898989899228e+00 3.616574453189969063e-03
1.409090909090909172e+00 3.981507383286952972e-03
1.419191919191919116e+00 3.980559762567281723e-03
1.429292929292929504e+00 4.244773648679256439e-03
1.439393939393939448e+00 3.953731618821620941e-03
1.449494949494949614e+00 3.942348994314670563e-03
1.459595959595959780e+00 3.740203566849231720e-03
1.469696969696969724e+00 3.633195534348487854e-03
1.479797979797979890e+00 3.549528773874044418e-03
1.489898989898990056e+00 3.748405724763870239e-03
1.500000000000000000e+00 3.943587653338909149e-03
