5.000000000000000000e-01 8.083787179202772677e-06
5.101010101010100550e-01 1.058233283401932567e-05
5.202020202020202211e-01 1.788572444638703018e-05
5.303030303030302761e-01 3.664238465717062354e-05
5.404040404040404422e-01 8.287691889563575387e-05
5.505050505050504972e-01 2.042466221610084176e-04
5.606060606060605522e-01 4.652826755773276091e-04
5.707070707070707183e-01 1.094335806556046009e-03
5.808080808080807733e-01 2.342569874599575996e-03
5.909090909090909394e-01 4.875688347965478897e-03
6.010101010101009944e-01 1.000591181218624115e-02
6.111111111111111605e-01 1.980254054069519043e-02
6.212121212121212155e-01 3.645024821162223816e-02
6.313131313131312705e-01 6.546249985694885254e-02
6.414141414141414366e-01 1.124850735068321228e-01
6.515151515151514916e-01 1.884844750165939331e-01
6.616161616161616577e-01 2.924471497535705566e-01
6.717171717171717127e-01 4.475477635860443115e-01
6.818181818181818787e-01 6.460419893264770508e-01
6.919191919191919338e-01 9.141507148742675781e-01
7.020202020202019888e-01 1.218532085418701172e+00
7.121212121212121549e-01 1.564749479293823242e+00
7.222222222222222099e-01 1.969647645950317383e+00
7.323232323232323759e-01 2.323878765106201172e+00
7.424242424242424310e-01 2.581947088241577148e+00
7.525252525252525970e-01 2.893895387649536133e+00
7.626262626262626521e-01 3.126579046249389648e+00
7.727272727272727071e-01 3.079309463500976562e+00
7.828282828282828731e-01 2.968762636184692383e+00
7.929292929292929282e-01 2.785909175872802734e+00
8.030303030303029832e-01 2.501929521560668945e+00
8.131313131313131493e-01 2.147987842559814453e+00
8.232323232323233153e-01 1.765721797943115234e+00
8.333333333333333703e-01 1.389490365982055664e+00
8.434343434343434254e-01 1.051626086235046387e+00
8.535353535353535914e-01 7.907238602638244629e-01
8.636363636363636465e-01 5.457832217216491699e-01
8.737373737373737015e-01 3.595514893531799316e-01
8.838383838383838675e-01 2.369900196790695190e-01
8.939393939393940336e-01 1.465473026037216187e-01
9.040404040404040886e-01 8.705589920282363892e-02
9.141414141414141437e-01 4.778265953063964844e-02
9.242424242424243097e-01 2.747188135981559753e-02
9.343434343434343647e-01 1.394323445856571198e-02
9.444444444444444198e-01 7.131128571927547455e-03
9.545454545454545858e-01 3.452216740697622299e-03
9.646464646464647519e-01 1.612184685654938221e-03
9.747474747474748069e-01 7.453697035089135170e-04
9.848484848484848619e-01 3.098192391917109489e-04
9.949494949494950280e-01 1.403038477292284369e-04
1.005050505050505194e+00 1.838215976022183895e-04
1.015151515151515138e+00 3.940997121389955282e-04
1.025252525252525304e+00 7.539105718024075031e-04
1.035353535353535470e+00 1.465752138756215572e-03
1.045454545454545414e+00 2.662043785676360130e-03
1.055555555555555580e+00 4.831766709685325623e-03
1.065656565656565746e+00 7.367758546024560928e-03
1.075757575757575690e+00 1.227066572755575180e-02
1.085858585858585856e+00 2.014546468853950500e-02
1.095959595959596022e+00 2.792805060744285583e-02
1.106060606060605966e+00 4.103127121925354004e-02
1.116161616161616355e+00 5.567098036408424377e-02
1.126262626262626299e+00 7.107330113649368286e-02
1.136363636363636465e+00 8.629003167152404785e-02
1.146464646464646631e+00 1.087861061096191406e-01
1.156565656565656575e+00 1.438575387001037598e-01
1.166666666666666741e+00 1.601279079914093018e-01
1.176767676767676907e+00 1.604426205158233643e-01
1.186868686868686851e+00 1.416855603456497192e-01
1.196969696969697017e+00 1.616070568561553955e-01
1.207070707070707183e+00 1.466316878795623779e-01
1.217171717171717127e+00 1.427640020847320557e-01
1.227272727272727293e+00 1.101323217153549194e-01
1.237373737373737459e+00 9.503766149282455444e-02
1.247474747474747403e+00 7.539544254541397095e-02
1.257575757575757791e+00 6.163121387362480164e-02
1.267676767676767735e+00 5.105393752455711365e-02
1.277777777777777679e+00 3.242816403508186340e-02
1.287878787878788067e+00 2.221553772687911987e-02
1.297979797979798011e+00 1.523695047944784164e-02
1.308080808080808177e+00 9.917944669723510742e-03
1.318181818181818343e+00 5.130577366799116135e-03
1.328282828282828287e+00 3.155242651700973511e-03
1.338383838383838453e+00 1.795830670744180679e-03
1.348484848484848619e+00 1.086981967091560364e-03
1.358585858585858563e+00 4.629208706319332123e-04
1.368686868686868729e+00 2.221089816885069013e-04
1.378787878787878896e+00 1.315956033067777753e-04
1.388888888888888840e+00 5.063925345893949270e-05
1.398989898989899228e+00 2.132078589056618512e-05
1.409090909090909172e+00 9.682205927674658597e-06
1.419191919191919116e+00 4.022648681711871177e-06
1.429292929292929504e+00 3.392952294234419242e-06
1.439393939393939448e+00 3.873070909321540967e-06
1.449494949494949614e+00 4.344324679550481960e-06
1.459595959595959780e+00 4.432640253071440384e-06
1.469696969696969724e+00 4.424147846293635666e-06
1.479797979797979890e+00 3.982675025326898322e-06
1.489898989898990056e+00 3.598282546590780839e-06
1.500000000000000000e+00 3.010922910107183270e-06
