5.000000000000000000e-01 1.788008585572242737e-02
5.101010101010100550e-01 2.848281152546405792e-02
5.202020202020202211e-01 2.748562023043632507e-02
5.303030303030302761e-01 4.750382900238037109e-02
5.404040404040404422e-01 4.168997332453727722e-02
5.505050505050504972e-01 5.129481852054595947e-02
5.606060606060605522e-01 5.888069793581962585e-02
5.707070707070707183e-01 8.163049072027206421e-02
5.808080808080807733e-01 9.142264723777770996e-02
5.909090909090909394e-01 7.269994914531707764e-02
6.010101010101009944e-01 8.266779035329818726e-02
6.111111111111111605e-01 7.276587188243865967e-02
6.212121212121212155e-01 6.140629947185516357e-02
6.313131313131312705e-01 5.444255471229553223e-02
6.414141414141414366e-01 4.131462424993515015e-02
6.515151515151514916e-01 3.871919587254524231e-02
6.616161616161616577e-01 3.064054809510707855e-02
6.717171717171717127e-01 1.994915306568145752e-02
6.818181818181818787e-01 1.366179157048463821e-02
6.919191919191919338e-01 7.589841727167367935e-03
7.020202020202019888e-01 8.302775211632251740e-03
7.121212121212121549e-01 3.602195531129837036e-03
7.222222222222222099e-01 2.314564539119601250e-03
7.323232323232323759e-01 1.236388459801673889e-03
7.424242424242424310e-01 5.965024465695023537e-04
7.525252525252525970e-01 5.866864376002922654e-05
7.626262626262626521e-01 1.120118773542344570e-03
7.727272727272727071e-01 3.956379834562540054e-03
7.828282828282828731e-01 1.185415219515562057e-02
7.929292929292929282e-01 3.350568935275077820e-02
8.030303030303029832e-01 9.045251458883285522e-02
8.131313131313131493e-01 2.346987426280975342e-01
8.232323232323233153e-01 5.845022797584533691e-01
8.333333333333333703e-01 1.397258400917053223e+00
8.434343434343434254e-01 3.206836938858032227e+00
8.535353535353535914e-01 7.066067218780517578e+00
8.636363636363636465e-01 1.494658946990966797e+01
8.737373737373737015e-01 3.034795188903808594e+01
8.838383838383838675e-01 5.915824127197265625e+01
8.939393939393940336e-01 1.107057113647460938e+02
9.040404040404040886e-01 1.989058380126953125e+02
9.141414141414141437e-01 3.430555419921875000e+02
9.242424242424243097e-01 5.679966430664062500e+02
9.343434343434343647e-01 9.028590087890625000e+02
9.444444444444444198e-01 1.377813354492187500e+03
9.545454545454545858e-01 2.018201660156250000e+03
9.646464646464647519e-01 2.838654296875000000e+03
9.747474747474748069e-01 3.832296142578125000e+03
9.848484848484848619e-01 4.966996093750000000e+03
9.949494949494950280e-01 6.180556152343750000e+03
1.005050505050505194e+00 7.383205566406250000e+03
1.015151515151515138e+00 8.466805664062500000e+03
1.025252525252525304e+00 9.321027343750000000e+03
1.035353535353535470e+00 9.850916015625000000e+03
1.045454545454545414e+00 9.994091796875000000e+03
1.055555555555555580e+00 9.734992187500000000e+03
1.065656565656565746e+00 9.103487304687500000e+03
1.075757575757575690e+00 8.173104980468750000e+03
1.085858585858585856e+00 7.043697753906250000e+03
1.095959595959596022e+00 5.827484863281250000e+03
1.106060606060605966e+00 4.629026855468750000e+03
1.116161616161616355e+00 3.529285888671875000e+03
1.126262626262626299e+00 2.583741210937500000e+03
1.136363636363636465e+00 1.815830200195312500e+03
1.146464646464646631e+00 1.225163208007812500e+03
1.156565656565656575e+00 7.936972656250000000e+02
1.166666666666666741e+00 4.935727539062500000e+02
1.176767676767676907e+00 2.947287292480468750e+02
1.186868686868686851e+00 1.689326324462890625e+02
1.196969696969697017e+00 9.301811218261718750e+01
1.207070707070707183e+00 4.915117645263671875e+01
1.217171717171717127e+00 2.495660972595214844e+01
1.227272727272727293e+00 1.216408061981201172e+01
1.237373737373737459e+00 5.696466922760009766e+00
1.247474747474747403e+00 2.561539173126220703e+00
1.257575757575757791e+00 1.108060479164123535e+00
1.267676767676767735e+00 4.600163400173187256e-01
1.277777777777777679e+00 1.835790276527404785e-01
1.287878787878788067e+00 7.057692110538482666e-02
1.297979797979798011e+00 2.613840065896511078e-02
1.308080808080808177e+00 9.356741793453693390e-03
1.318181818181818343e+00 3.183055901899933815e-03
1.328282828282828287e+00 1.029717386700212955e-03
1.338383838383838453e+00 3.853295638691633940e-04
1.348484848484848619e+00 9.181223867926746607e-05
1.358585858585858563e+00 3.404778180993162096e-05
1.368686868686868729e+00 4.976616764906793833e-05
1.378787878787878896e+00 1.421926117473049089e-05
1.388888888888888840e+00 5.362125011743046343e-05
1.398989898989899228e+00 1.860156544353230856e-07
1.409090909090909172e+00 3.046796337002888322e-05
1.419191919191919116e+00 3.323921555420383811e-05
1.429292929292929504e+00 7.818494850653223693e-06
1.439393939393939448e+00 5.450336902868002653e-05
1.449494949494949614e+00 5.544818122871220112e-05
1.459595959595959780e+00 6.091231989557854831e-05
1.469696969696969724e+00 1.866642196546308696e-05
1.479797979797979890e+00 4.549111326923593879e-05
1.489898989898990056e+00 1.502490431448677555e-05
1.500000000000000000e+00 3.399209526833146811e-05
