5.000000000000000000e-01 6.860661869723116979e-06
5.101010101010100550e-01 9.723101356939878315e-06
5.202020202020202211e-01 1.332206738879904151e-05
5.303030303030302761e-01 1.683502705418504775e-05
5.404040404040404422e-01 2.001338361878879368e-05
5.505050505050504972e-01 2.223572482762392610e-05
5.606060606060605522e-01 2.192836473113857210e-05
5.707070707070707183e-01 2.497227433195803314e-05
5.808080808080807733e-01 2.519240297260694206e-05
5.909090909090909394e-01 2.460536052240058780e-05
6.010101010101009944e-01 2.477447924320586026e-05
6.111111111111111605e-01 2.278849387948866934e-05
6.212121212121212155e-01 2.222217881353572011e-05
6.313131313131312705e-01 2.053822390735149384e-05
6.414141414141414366e-01 1.933222483785357326e-05
6.515151515151514916e-01 1.956550659087952226e-05
6.616161616161616577e-01 1.800512654881458730e-05
6.717171717171717127e-01 1.647540193516761065e-05
6.818181818181818787e-01 1.706108560028951615e-05
6.919191919191919338e-01 1.824813989514950663e-05
7.020202020202019888e-01 1.953655373654328287e-05
7.121212121212121549e-01 1.985148082894738764e-05
7.222222222222222099e-01 1.988637086469680071e-05
7.323232323232323759e-01 2.080932790704537183e-05
7.424242424242424310e-01 2.250679426651913673e-05
7.525252525252525970e-01 2.294754085596650839e-05
7.626262626262626521e-01 2.407802458037622273e-05
7.727272727272727071e-01 2.548757584008853883e-05
7.828282828282828731e-01 3.532365371938794851e-05
7.929292929292929282e-01 6.269536970648914576e-05
8.030303030303029832e-01 1.169412207673303783e-04
8.131313131313131493e-01 2.370563306612893939e-04
8.232323232323233153e-01 4.898126353509724140e-04
8.333333333333333703e-01 9.958357550203800201e-04
8.434343434343434254e-01 1.988107105717062950e-03
8.535353535353535914e-01 3.983729053288698196e-03
8.636363636363636465e-01 7.509183604270219803e-03
8.737373737373737015e-01 1.217819470912218094e-02
8.838383838383838675e-01 2.238064073026180267e-02
8.939393939393940336e-01 3.301595523953437805e-02
9.040404040404040886e-01 5.705906450748443604e-02
9.141414141414141437e-01 7.674972712993621826e-02
9.242424242424243097e-01 1.150295659899711609e-01
9.343434343434343647e-01 1.510183513164520264e-01
9.444444444444444198e-01 2.091537863016128540e-01
9.545454545454545858e-01 2.639094889163970947e-01
9.646464646464647519e-01 3.224498629570007324e-01
9.747474747474748069e-01 3.695231378078460693e-01
9.848484848484848619e-01 4.037510454654693604e-01
9.949494949494950280e-01 4.583931565284729004e-01
1.005050505050505194e+00 4.646169841289520264e-01
1.015151515151515138e+00 4.190742075443267822e-01
1.025252525252525304e+00 4.491623044013977051e-01
1.035353535353535470e+00 4.150787591934204102e-01
1.045454545454545414e+00 3.540022969245910645e-01
1.055555555555555580e+00 2.994600534439086914e-01
1.065656565656565746e+00 2.294195592403411865e-01
1.075757575757575690e+00 1.793935447931289673e-01
1.085858585858585856e+00 1.454363614320755005e-01
1.095959595959596022e+00 9.854836016893386841e-02
1.106060606060605966e+00 6.659215688705444336e-02
1.116161616161616355e+00 4.388925805687904358e-02
1.126262626262626299e+00 2.899253182113170624e-02
1.136363636363636465e+00 1.642760820686817169e-02
1.146464646464646631e+00 9.458832442760467529e-03
1.156565656565656575e+00 5.371870473027229309e-03
1.166666666666666741e+00 3.039919305592775345e-03
1.176767676767676907e+00 1.561793731525540352e-03
1.186868686868686851e+00 8.023404516279697418e-04
1.196969696969697017e+00 3.693818871397525072e-04
1.207070707070707183e+00 1.776667777448892593e-04
1.217171717171717127e+00 8.744541992200538516e-05
1.227272727272727293e+00 4.564258779282681644e-05
1.237373737373737459e+00 2.978382872242946178e-05
1.247474747474747403e+00 2.288759969815146178e-05
1.257575757575757791e+00 2.116428004228509963e-05
1.267676767676767735e+00 2.220152418885845691e-05
1.277777777777777679e+00 2.157770722988061607e-05
1.287878787878788067e+00 2.237061380583327264e-05
1.297979797979798011e+00 3.573549111024476588e-05
1.308080808080808177e+00 8.970696944743394852e-05
1.318181818181818343e+00 2.021000400418415666e-04
1.328282828282828287e+00 4.354858829174190760e-04
1.338383838383838453e+00 9.973925771191716194e-04
1.348484848484848619e+00 2.113638678565621376e-03
1.358585858585858563e+00 4.236278124153614044e-03
1.368686868686868729e+00 8.005821146070957184e-03
1.378787878787878896e+00 1.534318737685680389e-02
1.388888888888888840e+00 2.805092558264732361e-02
1.398989898989899228e+00 4.731987044215202332e-02
1.409090909090909172e+00 7.820341736078262329e-02
1.419191919191919116e+00 1.229857206344604492e-01
1.429292929292929504e+00 1.912674605846405029e-01
1.439393939393939448e+00 2.730408906936645508e-01
1.449494949494949614e+00 3.814773261547088623e-01
1.459595959595959780e+00 5.422309041023254395e-01
1.469696969696969724e+00 6.743729710578918457e-01
1.479797979797979890e+00 8.749051094055175781e-01
1.489898989898990056e+00 1.024002313613891602e+00
1.500000000000000000e+00 1.019691705703735352e+00
