5.000000000000000000e-01 1.015655257674552558e-07
5.101010101010100550e-01 9.752466922918756609e-08
5.202020202020202211e-01 1.114983376737654908e-07
5.303030303030302761e-01 1.048365376732363075e-07
5.404040404040404422e-01 9.881315321536021656e-08
5.505050505050504972e-01 8.429334741322236368e-08
5.606060606060605522e-01 6.845888833595381584e-08
5.707070707070707183e-01 6.469954882959427778e-08
5.808080808080807733e-01 6.527991303073577001e-08
5.909090909090909394e-01 5.017886195446408237e-08
6.010101010101009944e-01 5.732966812388440303e-08
6.111111111111111605e-01 5.675727976495181792e-08
6.212121212121212155e-01 5.634363020590171800e-08
6.313131313131312705e-01 6.553832321287700324e-08
6.414141414141414366e-01 4.727688462935475400e-08
6.515151515151514916e-01 5.660520585593076248e-08
6.616161616161616577e-01 4.719728252666754997e-08
6.717171717171717127e-01 3.303744122717944265e-08
6.818181818181818787e-01 3.547970806039302261e-08
6.919191919191919338e-01 3.711469531708644354e-08
7.020202020202019888e-01 5.277891901300790778e-08
7.121212121212121549e-01 5.756714571703014371e-08
7.222222222222222099e-01 4.346368953633827914e-08
7.323232323232323759e-01 5.870384356398972159e-08
7.424242424242424310e-01 5.087699861405781121e-08
7.525252525252525970e-01 5.601064501092878345e-08
7.626262626262626521e-01 5.463738261823891662e-08
7.727272727272727071e-01 4.178404466870233591e-08
7.828282828282828731e-01 5.901501864968849986e-08
7.929292929292929282e-01 1.909200193495053099e-07
8.030303030303029832e-01 6.211033678482635878e-07
8.131313131313131493e-01 1.777410943759605289e-06
8.232323232323233153e-01 4.878785603068536147e-06
8.333333333333333703e-01 1.234444698638981208e-05
8.434343434343434254e-01 3.387767719686962664e-05
8.535353535353535914e-01 7.273779192473739386e-05
8.636363636363636465e-01 1.569844316691160202e-04
8.737373737373737015e-01 3.535798750817775726e-04
8.838383838383838675e-01 6.197241600602865219e-04
8.939393939393940336e-01 1.353823463432490826e-03
9.040404040404040886e-01 2.673806855455040932e-03
9.141414141414141437e-01 5.106366239488124847e-03
9.242424242424243097e-01 8.110582828521728516e-03
9.343434343434343647e-01 1.348984427750110626e-02
9.444444444444444198e-01 2.360591106116771698e-02
9.545454545454545858e-01 3.346285223960876465e-02
9.646464646464647519e-01 5.069524794816970825e-02
9.747474747474748069e-01 6.924723833799362183e-02
9.848484848484848619e-01 1.005302891135215759e-01
9.949494949494950280e-01 1.184514015913009644e-01
1.005050505050505194e+00 1.484236270189285278e-01
1.015151515151515138e+00 1.826188415288925171e-01
1.025252525252525304e+00 2.395800054073333740e-01
1.035353535353535470e+00 2.606051564216613770e-01
1.045454545454545414e+00 2.486168593168258667e-01
1.055555555555555580e+00 2.494386434555053711e-01
1.065656565656565746e+00 2.595500946044921875e-01
1.075757575757575690e+00 2.601920068264007568e-01
1.085858585858585856e+00 2.076493501663208008e-01
1.095959595959596022e+00 1.837418973445892334e-01
1.106060606060605966e+00 1.678192317485809326e-01
1.116161616161616355e+00 1.231618300080299377e-01
1.126262626262626299e+00 1.055642291903495789e-01
1.136363636363636465e+00 6.761854887008666992e-02
1.146464646464646631e+00 5.518201366066932678e-02
1.156565656565656575e+00 3.370546177029609680e-02
1.166666666666666741e+00 2.151780016720294952e-02
1.176767676767676907e+00 1.398259680718183517e-02
1.186868686868686851e+00 8.414792828261852264e-03
1.196969696969697017e+00 5.110032856464385986e-03
1.207070707070707183e+00 2.920172410085797310e-03
1.217171717171717127e+00 1.452570431865751743e-03
1.227272727272727293e+00 7.435393054038286209e-04
1.237373737373737459e+00 3.529997484292834997e-04
1.247474747474747403e+00 1.579284871695563197e-04
1.257575757575757791e+00 8.176425762940198183e-05
1.267676767676767735e+00 3.592811481212265790e-05
1.277777777777777679e+00 1.456057634641183540e-05
1.287878787878788067e+00 5.931222858635010198e-06
1.297979797979798011e+00 2.309009460077504627e-06
1.308080808080808177e+00 7.868537750255200081e-07
1.318181818181818343e+00 3.044057166334823705e-07
1.328282828282828287e+00 1.393052144749162835e-07
1.338383838383838453e+00 7.931430445751175284e-08
1.348484848484848619e+00 5.044102735496380774e-08
1.358585858585858563e+00 6.621940684681248968e-08
1.368686868686868729e+00 5.454444007568781672e-08
1.378787878787878896e+00 6.286200004979036748e-08
1.388888888888888840e+00 4.468418879355340323e-08
1.398989898989899228e+00 1.691691586813703907e-08
1.409090909090909172e+00 4.699039379829628160e-08
1.419191919191919116e+00 2.385477593236373650e-08
1.429292929292929504e+00 1.963435813934211183e-08
1.439393939393939448e+00 4.215676696617265407e-08
1.449494949494949614e+00 7.185175832091772463e-08
1.459595959595959780e+00 2.108432113345770631e-07
1.469696969696969724e+00 5.957020903224474750e-07
1.479797979797979890e+00 1.701842279544507619e-06
1.489898989898990056e+00 4.871938472206238657e-06
1.500000000000000000e+00 1.274684200325282291e-05
