5.000000000000000000e-01 2.031596341112162918e-05
5.101010101010100550e-01 3.147043025819584727e-05
5.202020202020202211e-01 1.238667664438253269e-05
5.303030303030302761e-01 1.658830569795100018e-06
5.404040404040404422e-01 3.724413545569404960e-05
5.505050505050504972e-01 1.260962926608044654e-05
5.606060606060605522e-01 1.521575904916971922e-05
5.707070707070707183e-01 1.869533434728509746e-06
5.808080808080807733e-01 2.674484903764096089e-06
5.909090909090909394e-01 9.087261423701420426e-05
6.010101010101009944e-01 1.939021458383649588e-04
6.111111111111111605e-01 5.013503250665962696e-04
6.212121212121212155e-01 1.071349834091961384e-03
6.313131313131312705e-01 2.101817633956670761e-03
6.414141414141414366e-01 4.364948254078626633e-03
6.515151515151514916e-01 8.324090391397476196e-03
6.616161616161616577e-01 1.513020321726799011e-02
6.717171717171717127e-01 2.708749286830425262e-02
6.818181818181818787e-01 4.599357768893241882e-02
6.919191919191919338e-01 7.431673258543014526e-02
7.020202020202019888e-01 1.129021197557449341e-01
7.121212121212121549e-01 1.762950122356414795e-01
7.222222222222222099e-01 2.347789704799652100e-01
7.323232323232323759e-01 3.400889635086059570e-01
7.424242424242424310e-01 4.513361155986785889e-01
7.525252525252525970e-01 5.643268823623657227e-01
7.626262626262626521e-01 6.948114633560180664e-01
7.727272727272727071e-01 8.304076790809631348e-01
7.828282828282828731e-01 8.482086062431335449e-01
7.929292929292929282e-01 9.734089970588684082e-01
8.030303030303029832e-01 9.899964928627014160e-01
8.131313131313131493e-01 1.004939556121826172e+00
8.232323232323233153e-01 1.078854560852050781e+00
8.333333333333333703e-01 1.118730425834655762e+00
8.434343434343434254e-01 1.344905376434326172e+00
8.535353535353535914e-01 2.029486894607543945e+00
8.636363636363636465e-01 3.753230571746826172e+00
8.737373737373737015e-01 7.589157104492187500e+00
8.838383838383838675e-01 1.546131610870361328e+01
8.939393939393940336e-01 3.098472404479980469e+01
9.040404040404040886e-01 6.008531570434570312e+01
9.141414141414141437e-01 1.121708984375000000e+02
9.242424242424243097e-01 2.012611694335937500e+02
9.343434343434343647e-01 3.467601928710937500e+02
9.444444444444444198e-01 5.735733032226562500e+02
9.545454545454545858e-01 9.109561767578125000e+02
9.646464646464647519e-01 1.389022949218750000e+03
9.747474747474748069e-01 2.033165771484375000e+03
9.848484848484848619e-01 2.857036865234375000e+03
9.949494949494950280e-01 3.853785644531250000e+03
1.005050505050505194e+00 4.990830078125000000e+03
1.015151515151515138e+00 6.204797363281250000e+03
1.025252525252525304e+00 7.406568359375000000e+03
1.035353535353535470e+00 8.486203125000000000e+03
1.045454545454545414e+00 9.335304687500000000e+03
1.055555555555555580e+00 9.857348632812500000e+03
1.065656565656565746e+00 9.992712890625000000e+03
1.075757575757575690e+00 9.725523437500000000e+03
1.085858585858585856e+00 9.087316406250000000e+03
1.095959595959596022e+00 8.150718261718750000e+03
1.106060606060605966e+00 7.019008300781250000e+03
1.116161616161616355e+00 5.802263183593750000e+03
1.126262626262626299e+00 4.604470214843750000e+03
1.136363636363636465e+00 3.508016845703125000e+03
1.146464646464646631e+00 2.565734863281250000e+03
1.156565656565656575e+00 1.801739135742187500e+03
1.166666666666666741e+00 1.214821411132812500e+03
1.176767676767676907e+00 7.864850463867187500e+02
1.186868686868686851e+00 4.888752441406250000e+02
1.196969696969697017e+00 2.919858398437500000e+02
1.207070707070707183e+00 1.676948852539062500e+02
1.217171717171717127e+00 9.257167816162109375e+01
1.227272727272727293e+00 4.933271789550781250e+01
1.237373737373737459e+00 2.544347953796386719e+01
1.247474747474747403e+00 1.274341869354248047e+01
1.257575757575757791e+00 6.309144496917724609e+00
1.267676767676767735e+00 3.091310024261474609e+00
1.277777777777777679e+00 1.554190039634704590e+00
1.287878787878788067e+00 8.152818083763122559e-01
1.297979797979798011e+00 4.333687722682952881e-01
1.308080808080808177e+00 2.625376880168914795e-01
1.318181818181818343e+00 1.622634381055831909e-01
1.328282828282828287e+00 9.564839303493499756e-02
1.338383838383838453e+00 5.801829323172569275e-02
1.348484848484848619e+00 3.341629728674888611e-02
1.358585858585858563e+00 1.713368855416774750e-02
1.368686868686868729e+00 1.033405773341655731e-02
1.378787878787878896e+00 5.466800183057785034e-03
1.388888888888888840e+00 2.701300894841551781e-03
1.398989898989899228e+00 1.312903827056288719e-03
1.409090909090909172e+00 6.936605786904692650e-04
1.419191919191919116e+00 2.685767249204218388e-04
1.429292929292929504e+00 1.258425618289038539e-04
1.439393939393939448e+00 1.114789556595496833e-04
1.449494949494949614e+00 4.361484752735123038e-05
1.459595959595959780e+00 5.706314914277754724e-05
1.469696969696969724e+00 1.305791283812141046e-05
1.479797979797979890e+00 2.141803270205855370e-05
1.489898989898990056e+00 1.392599460814381018e-05
1.500000000000000000e+00 4.730452928924933076e-05
