5.000000000000000000e-01 1.483842632099552361e-10
5.101010101010100550e-01 4.074787618435493641e-09
5.202020202020202211e-01 5.327869700977316825e-09
5.303030303030302761e-01 7.379780342375852342e-09
5.404040404040404422e-01 6.028256116508146079e-09
5.505050505050504972e-01 3.662004255389206264e-09
5.606060606060605522e-01 2.118774489190400345e-09
5.707070707070707183e-01 7.672979585038319783e-09
5.808080808080807733e-01 3.980065166331314686e-09
5.909090909090909394e-01 8.443599597285356140e-09
6.010101010101009944e-01 3.340276055752156026e-09
6.111111111111111605e-01 5.168252936726958069e-09
6.212121212121212155e-01 2.228074613697117456e-09
6.313131313131312705e-01 3.734518028153388514e-09
6.414141414141414366e-01 7.950346159191212791e-09
6.515151515151514916e-01 6.571160948709575678e-09
6.616161616161616577e-01 8.853970889788342902e-09
6.717171717171717127e-01 4.691838473291909395e-09
6.818181818181818787e-01 7.543688340660992253e-09
6.919191919191919338e-01 1.164152152455244504e-08
7.020202020202019888e-01 4.283230214952027382e-09
7.121212121212121549e-01 8.671999118803341844e-09
7.222222222222222099e-01 1.795687865069339750e-08
7.323232323232323759e-01 2.870501880636311398e-08
7.424242424242424310e-01 7.320074502104034764e-08
7.525252525252525970e-01 2.269709398206032347e-07
7.626262626262626521e-01 6.289113230195653159e-07
7.727272727272727071e-01 1.634345835554995574e-06
7.828282828282828731e-01 4.840478595724562183e-06
7.929292929292929282e-01 1.187869293062249199e-05
8.030303030303029832e-01 3.050320447073318064e-05
8.131313131313131493e-01 6.561938789673149586e-05
8.232323232323233153e-01 1.545121340313926339e-04
8.333333333333333703e-01 3.375838277861475945e-04
8.434343434343434254e-01 6.837926921434700489e-04
8.535353535353535914e-01 1.426475588232278824e-03
8.636363636363636465e-01 2.592161996290087700e-03
8.737373737373737015e-01 5.241647362709045410e-03
8.838383838383838675e-01 9.024369530379772186e-03
8.939393939393940336e-01 1.566614024341106415e-02
9.040404040404040886e-01 2.322272956371307373e-02
9.141414141414141437e-01 3.549353778362274170e-02
9.242424242424243097e-01 5.353838577866554260e-02
9.343434343434343647e-01 7.585148513317108154e-02
9.444444444444444198e-01 1.099881231784820557e-01
9.545454545454545858e-01 1.528339684009552002e-01
9.646464646464647519e-01 2.017876505851745605e-01
9.747474747474748069e-01 2.254814207553863525e-01
9.848484848484848619e-01 2.571157217025756836e-01
9.949494949494950280e-01 2.976524233818054199e-01
1.005050505050505194e+00 3.168132603168487549e-01
1.015151515151515138e+00 3.565872311592102051e-01
1.025252525252525304e+00 3.365083634853363037e-01
1.035353535353535470e+00 3.502831161022186279e-01
1.045454545454545414e+00 2.875359654426574707e-01
1.055555555555555580e+00 2.787264883518218994e-01
1.065656565656565746e+00 2.229959070682525635e-01
1.075757575757575690e+00 1.731206774711608887e-01
1.085858585858585856e+00 1.466843485832214355e-01
1.095959595959596022e+00 1.070700287818908691e-01
1.106060606060605966e+00 7.989696413278579712e-02
1.116161616161616355e+00 5.208997800946235657e-02
1.126262626262626299e+00 3.397454321384429932e-02
1.136363636363636465e+00 2.186234295368194580e-02
1.146464646464646631e+00 1.421953178942203522e-02
1.156565656565656575e+00 8.250558748841285706e-03
1.166666666666666741e+00 4.381842911243438721e-03
1.176767676767676907e+00 2.479331102222204208e-03
1.186868686868686851e+00 1.247495179995894432e-03
1.196969696969697017e+00 6.395064410753548145e-04
1.207070707070707183e+00 3.060102171730250120e-04
1.217171717171717127e+00 1.399151369696483016e-04
1.227272727272727293e+00 5.729212352889589965e-05
1.237373737373737459e+00 2.539983324822969735e-05
1.247474747474747403e+00 1.084117229765979573e-05
1.257575757575757791e+00 3.799132855419884436e-06
1.267676767676767735e+00 1.506197577327839099e-06
1.277777777777777679e+00 5.538325922316289507e-07
1.287878787878788067e+00 2.544647372815234121e-07
1.297979797979798011e+00 1.202266730615519919e-07
1.308080808080808177e+00 2.513093022571410984e-07
1.318181818181818343e+00 7.790125096107658464e-07
1.328282828282828287e+00 2.256049583593267016e-06
1.338383838383838453e+00 6.247817054827464744e-06
1.348484848484848619e+00 1.591477666806895286e-05
1.358585858585858563e+00 3.898820068570785224e-05
1.368686868686868729e+00 9.508695075055584311e-05
1.378787878787878896e+00 2.055912918876856565e-04
1.388888888888888840e+00 5.112161743454635143e-04
1.398989898989899228e+00 1.083497772924602032e-03
1.409090909090909172e+00 2.169452374801039696e-03
1.419191919191919116e+00 4.155562724918127060e-03
1.429292929292929504e+00 7.631154265254735947e-03
1.439393939393939448e+00 1.434626802802085876e-02
1.449494949494949614e+00 2.580949664115905762e-02
1.459595959595959780e+00 4.130646958947181702e-02
1.469696969696969724e+00 6.554161757230758667e-02
1.479797979797979890e+00 1.082453653216362000e-01
1.489898989898990056e+00 1.496770828962326050e-01
1.500000000000000000e+00 2.157455533742904663e-01
