5.000000000000000000e-01 7.119678854942321777e-01
5.101010101010100550e-01 1.002573728561401367e+00
5.202020202020202211e-01 1.440733551979064941e+00
5.303030303030302761e-01 1.889118313789367676e+00
5.404040404040404422e-01 2.209746599197387695e+00
5.505050505050504972e-01 2.478105783462524414e+00
5.606060606060605522e-01 2.762910604476928711e+00
5.707070707070707183e-01 2.842257976531982422e+00
5.808080808080807733e-01 2.953541755676269531e+00
5.909090909090909394e-01 2.913831233978271484e+00
6.010101010101009944e-01 2.862230777740478516e+00
6.111111111111111605e-01 2.787623882293701172e+00
6.212121212121212155e-01 2.674382686614990234e+00
6.313131313131312705e-01 2.490004777908325195e+00
6.414141414141414366e-01 2.395822763442993164e+00
6.515151515151514916e-01 2.268747568130493164e+00
6.616161616161616577e-01 2.179450988769531250e+00
6.717171717171717127e-01 2.070134878158569336e+00
6.818181818181818787e-01 2.087104558944702148e+00
6.919191919191919338e-01 2.028145790100097656e+00
7.020202020202019888e-01 2.066171884536743164e+00
7.121212121212121549e-01 2.162813186645507812e+00
7.222222222222222099e-01 2.175831556320190430e+00
7.323232323232323759e-01 2.212096452713012695e+00
7.424242424242424310e-01 2.296944141387939453e+00
7.525252525252525970e-01 2.254133224487304688e+00
7.626262626262626521e-01 2.218497276306152344e+00
7.727272727272727071e-01 2.222779035568237305e+00
7.828282828282828731e-01 2.150325536727905273e+00
7.929292929292929282e-01 2.022818326950073242e+00
8.030303030303029832e-01 1.924892067909240723e+00
8.131313131313131493e-01 1.853278279304504395e+00
8.232323232323233153e-01 1.763171792030334473e+00
8.333333333333333703e-01 1.652246832847595215e+00
8.434343434343434254e-01 1.609271883964538574e+00
8.535353535353535914e-01 1.524237036705017090e+00
8.636363636363636465e-01 1.521553277969360352e+00
8.737373737373737015e-01 1.533463239669799805e+00
8.838383838383838675e-01 1.603011488914489746e+00
8.939393939393940336e-01 1.706195235252380371e+00
9.040404040404040886e-01 1.882639765739440918e+00
9.141414141414141437e-01 2.068103551864624023e+00
9.242424242424243097e-01 2.269816875457763672e+00
9.343434343434343647e-01 2.377312421798706055e+00
9.444444444444444198e-01 2.457146167755126953e+00
9.545454545454545858e-01 2.394909858703613281e+00
9.646464646464647519e-01 2.359146356582641602e+00
9.747474747474748069e-01 2.232978343963623047e+00
9.848484848484848619e-01 2.166959762573242188e+00
9.949494949494950280e-01 2.055823087692260742e+00
1.005050505050505194e+00 1.941650629043579102e+00
1.015151515151515138e+00 1.787507057189941406e+00
1.025252525252525304e+00 1.623369216918945312e+00
1.035353535353535470e+00 1.374878883361816406e+00
1.045454545454545414e+00 1.079725742340087891e+00
1.055555555555555580e+00 7.083529829978942871e-01
1.065656565656565746e+00 2.851801812648773193e-01
1.075757575757575690e+00 3.605870306491851807e-01
1.085858585858585856e+00 8.226811885833740234e-01
1.095959595959596022e+00 1.309950351715087891e+00
1.106060606060605966e+00 1.740634202957153320e+00
1.116161616161616355e+00 2.102783441543579102e+00
1.126262626262626299e+00 2.344161748886108398e+00
1.136363636363636465e+00 2.527376651763916016e+00
1.146464646464646631e+00 2.603260517120361328e+00
1.156565656565656575e+00 2.581865787506103516e+00
1.166666666666666741e+00 2.442503690719604492e+00
1.176767676767676907e+00 2.340823650360107422e+00
1.186868686868686851e+00 2.179297924041748047e+00
1.196969696969697017e+00 2.048450231552124023e+00
1.207070707070707183e+00 1.903926491737365723e+00
1.217171717171717127e+00 1.879344582557678223e+00
1.227272727272727293e+00 1.854500174522399902e+00
1.237373737373737459e+00 1.940480589866638184e+00
1.247474747474747403e+00 2.066783189773559570e+00
1.257575757575757791e+00 2.217674493789672852e+00
1.267676767676767735e+00 2.285457134246826172e+00
1.277777777777777679e+00 2.378932476043701172e+00
1.287878787878788067e+00 2.370159864425659180e+00
1.297979797979798011e+00 2.317528247833251953e+00
1.308080808080808177e+00 2.186665296554565430e+00
1.318181818181818343e+00 2.066177845001220703e+00
1.328282828282828287e+00 1.972312092781066895e+00
1.338383838383838453e+00 1.862579941749572754e+00
1.348484848484848619e+00 1.780000567436218262e+00
1.358585858585858563e+00 1.785831809043884277e+00
1.368686868686868729e+00 1.809760212898254395e+00
1.378787878787878896e+00 1.925724506378173828e+00
1.388888888888888840e+00 2.048568725585937500e+00
1.398989898989899228e+00 2.138877630233764648e+00
1.409090909090909172e+00 2.205912113189697266e+00
1.419191919191919116e+00 2.193406343460083008e+00
1.429292929292929504e+00 2.054880857467651367e+00
1.439393939393939448e+00 1.734392523765563965e+00
1.449494949494949614e+00 1.363300442695617676e+00
1.459595959595959780e+00 1.154979228973388672e+00
1.469696969696969724e+00 1.386315584182739258e+00
1.479797979797979890e+00 1.899402856826782227e+00
1.489898989898990056e+00 2.329205274581909180e+00
1.500000000000000000e+00 2.491498231887817383e+00
