5.000000000000000000e-01 1.110741893513216000e+15
5.101010101010100550e-01 1.069346461843456000e+15
5.202020202020202211e-01 1.034175847071744000e+15
5.303030303030302761e-01 1.001410078441472000e+15
5.404040404040404422e-01 1.081154199355392000e+15
5.505050505050504972e-01 9.693427117588480000e+14
5.606060606060605522e-01 1.026166941024256000e+15
5.707070707070707183e-01 9.364317866557440000e+14
5.808080808080807733e-01 8.982553658654720000e+14
5.909090909090909394e-01 7.982706075893760000e+14
6.010101010101009944e-01 7.462294283878400000e+14
6.111111111111111605e-01 6.936668804218880000e+14
6.212121212121212155e-01 6.495653509201920000e+14
6.313131313131312705e-01 5.789529344573440000e+14
6.414141414141414366e-01 5.007902339235840000e+14
6.515151515151514916e-01 4.817074257920000000e+14
6.616161616161616577e-01 4.682983365672960000e+14
6.717171717171717127e-01 4.555475181895680000e+14
6.818181818181818787e-01 5.180421444730880000e+14
6.919191919191919338e-01 5.880934301696000000e+14
7.020202020202019888e-01 6.394488909987840000e+14
7.121212121212121549e-01 7.714534357729280000e+14
7.222222222222222099e-01 8.622887057489920000e+14
7.323232323232323759e-01 9.516079864872960000e+14
7.424242424242424310e-01 1.084306772459520000e+15
7.525252525252525970e-01 1.138412891406336000e+15
7.626262626262626521e-01 1.204621825540096000e+15
7.727272727272727071e-01 1.210020330995712000e+15
7.828282828282828731e-01 1.170939349827584000e+15
7.929292929292929282e-01 1.207301482479616000e+15
8.030303030303029832e-01 1.106135943741440000e+15
8.131313131313131493e-01 1.067345812389888000e+15
8.232323232323233153e-01 9.927086089175040000e+14
8.333333333333333703e-01 8.674952798535680000e+14
8.434343434343434254e-01 7.678070756474880000e+14
8.535353535353535914e-01 6.733510140231680000e+14
8.636363636363636465e-01 5.816147404390400000e+14
8.737373737373737015e-01 5.377650033950720000e+14
8.838383838383838675e-01 5.316806117949440000e+14
8.939393939393940336e-01 5.149347691888640000e+14
9.040404040404040886e-01 5.147611585576960000e+14
9.141414141414141437e-01 5.534742824878080000e+14
9.242424242424243097e-01 5.658583173693440000e+14
9.343434343434343647e-01 5.898029613711360000e+14
9.444444444444444198e-01 6.064178410291200000e+14
9.545454545454545858e-01 6.109225906339840000e+14
9.646464646464647519e-01 6.223434455449600000e+14
9.747474747474748069e-01 6.558562700492800000e+14
9.848484848484848619e-01 6.428445995171840000e+14
9.949494949494950280e-01 6.844041794682880000e+14
1.005050505050505194e+00 7.372769046036480000e+14
1.015151515151515138e+00 7.582984878161920000e+14
1.025252525252525304e+00 7.259077235179520000e+14
1.035353535353535470e+00 7.764497578065920000e+14
1.045454545454545414e+00 8.032167321927680000e+14
1.055555555555555580e+00 8.024991371100160000e+14
1.065656565656565746e+00 8.097673626255360000e+14
1.075757575757575690e+00 8.035816701952000000e+14
1.085858585858585856e+00 7.419939195453440000e+14
1.095959595959596022e+00 7.256613668782080000e+14
1.106060606060605966e+00 6.615924673085440000e+14
1.116161616161616355e+00 5.930219051417600000e+14
1.126262626262626299e+00 4.341758615879680000e+14
1.136363636363636465e+00 3.599509078671360000e+14
1.146464646464646631e+00 2.357436077834240000e+14
1.156565656565656575e+00 1.908532135854080000e+14
1.166666666666666741e+00 2.403461517803520000e+14
1.176767676767676907e+00 3.341539921100800000e+14
1.186868686868686851e+00 4.336985833472000000e+14
1.196969696969697017e+00 4.855527636992000000e+14
1.207070707070707183e+00 4.887132220948480000e+14
1.217171717171717127e+00 4.531925674885120000e+14
1.227272727272727293e+00 3.648862279434240000e+14
1.237373737373737459e+00 2.395983241543680000e+14
1.247474747474747403e+00 2.053446345687040000e+14
1.257575757575757791e+00 2.910191993487360000e+14
1.267676767676767735e+00 4.812727952343040000e+14
1.277777777777777679e+00 5.945221909053440000e+14
1.287878787878788067e+00 7.385771388436480000e+14
1.297979797979798011e+00 7.988773388288000000e+14
1.308080808080808177e+00 7.510736146268160000e+14
1.318181818181818343e+00 7.910462041620480000e+14
1.328282828282828287e+00 7.162806885416960000e+14
1.338383838383838453e+00 5.997646011432960000e+14
1.348484848484848619e+00 4.644659171164160000e+14
1.358585858585858563e+00 3.151443661946880000e+14
1.368686868686868729e+00 2.258533550653440000e+14
1.378787878787878896e+00 2.666570375495680000e+14
1.388888888888888840e+00 3.713292828672000000e+14
1.398989898989899228e+00 4.694523070382080000e+14
1.409090909090909172e+00 5.740764017459200000e+14
1.419191919191919116e+00 5.840834742190080000e+14
1.429292929292929504e+00 5.677123339550720000e+14
1.439393939393939448e+00 5.441851406417920000e+14
1.449494949494949614e+00 5.351008821575680000e+14
1.459595959595959780e+00 5.404532838236160000e+14
1.469696969696969724e+00 5.437649049354240000e+14
1.479797979797979890e+00 6.589282454077440000e+14
1.489898989898990056e+00 7.400164226498560000e+14
1.500000000000000000e+00 8.845637483233280000e+14
