5.000000000000000000e-01 9.849850712839725020e-09
5.101010101010100550e-01 2.466749648988297849e-08
5.202020202020202211e-01 6.911707117751575424e-08
5.303030303030302761e-01 1.788187660167750437e-07
5.404040404040404422e-01 5.499924782270682044e-07
5.505050505050504972e-01 1.558679059598944150e-06
5.606060606060605522e-01 4.506088316702516750e-06
5.707070707070707183e-01 1.178980528493411839e-05
5.808080808080807733e-01 2.889153256546705961e-05
5.909090909090909394e-01 7.353382534347474575e-05
6.010101010101009944e-01 1.721039152471348643e-04
6.111111111111111605e-01 3.771682386286556721e-04
6.212121212121212155e-01 8.317153551615774632e-04
6.313131313131312705e-01 1.731159049086272717e-03
6.414141414141414366e-01 3.330858889967203140e-03
6.515151515151514916e-01 6.684666965156793594e-03
6.616161616161616577e-01 1.187322381883859634e-02
6.717171717171717127e-01 2.056548185646533966e-02
6.818181818181818787e-01 3.413047641515731812e-02
6.919191919191919338e-01 5.651656910777091980e-02
7.020202020202019888e-01 8.702162653207778931e-02
7.121212121212121549e-01 1.291964501142501831e-01
7.222222222222222099e-01 1.823401004076004028e-01
7.323232323232323759e-01 2.567517757415771484e-01
7.424242424242424310e-01 3.309206962585449219e-01
7.525252525252525970e-01 4.381970465183258057e-01
7.626262626262626521e-01 5.261574387550354004e-01
7.727272727272727071e-01 6.116194725036621094e-01
7.828282828282828731e-01 6.475095748901367188e-01
7.929292929292929282e-01 7.483769655227661133e-01
8.030303030303029832e-01 7.694192528724670410e-01
8.131313131313131493e-01 7.505760788917541504e-01
8.232323232323233153e-01 7.276905775070190430e-01
8.333333333333333703e-01 6.493046283721923828e-01
8.434343434343434254e-01 5.710644721984863281e-01
8.535353535353535914e-01 4.762427806854248047e-01
8.636363636363636465e-01 3.855551779270172119e-01
8.737373737373737015e-01 3.149518668651580811e-01
8.838383838383838675e-01 2.255245000123977661e-01
8.939393939393940336e-01 1.657734364271163940e-01
9.040404040404040886e-01 1.101185381412506104e-01
9.141414141414141437e-01 7.167302817106246948e-02
9.242424242424243097e-01 4.747440665960311890e-02
9.343434343434343647e-01 2.848863229155540466e-02
9.444444444444444198e-01 1.710169762372970581e-02
9.545454545454545858e-01 9.271124377846717834e-03
9.646464646464647519e-01 5.081522278487682343e-03
9.747474747474748069e-01 2.626610687002539635e-03
9.848484848484848619e-01 1.318770926445722580e-03
9.949494949494950280e-01 6.427881889976561069e-04
1.005050505050505194e+00 3.060171438846737146e-04
1.015151515151515138e+00 1.808078523026779294e-04
1.025252525252525304e+00 1.665973686613142490e-04
1.035353535353535470e+00 2.649870002642273903e-04
1.045454545454545414e+00 6.657546618953347206e-04
1.055555555555555580e+00 1.148869516327977180e-03
1.065656565656565746e+00 1.947592711076140404e-03
1.075757575757575690e+00 3.513660514727234840e-03
1.085858585858585856e+00 5.801907740533351898e-03
1.095959595959596022e+00 1.041254028677940369e-02
1.106060606060605966e+00 1.957844942808151245e-02
1.116161616161616355e+00 2.468479797244071960e-02
1.126262626262626299e+00 3.913467749953269958e-02
1.136363636363636465e+00 5.869025737047195435e-02
1.146464646464646631e+00 7.417028397321701050e-02
1.156565656565656575e+00 9.399434179067611694e-02
1.166666666666666741e+00 1.278070211410522461e-01
1.176767676767676907e+00 1.310687661170959473e-01
1.186868686868686851e+00 1.851323246955871582e-01
1.196969696969697017e+00 1.755335777997970581e-01
1.207070707070707183e+00 2.047066986560821533e-01
1.217171717171717127e+00 1.814408153295516968e-01
1.227272727272727293e+00 1.954732984304428101e-01
1.237373737373737459e+00 1.976315975189208984e-01
1.247474747474747403e+00 1.631916612386703491e-01
1.257575757575757791e+00 1.646005064249038696e-01
1.267676767676767735e+00 1.165003851056098938e-01
1.277777777777777679e+00 1.039944216609001160e-01
1.287878787878788067e+00 7.922336459159851074e-02
1.297979797979798011e+00 5.582350119948387146e-02
1.308080808080808177e+00 4.022813960909843445e-02
1.318181818181818343e+00 2.858391590416431427e-02
1.328282828282828287e+00 1.733343861997127533e-02
1.338383838383838453e+00 1.047755684703588486e-02
1.348484848484848619e+00 6.636303383857011795e-03
1.358585858585858563e+00 3.678527660667896271e-03
1.368686868686868729e+00 2.207976998761296272e-03
1.378787878787878896e+00 1.053092186339199543e-03
1.388888888888888840e+00 5.281826015561819077e-04
1.398989898989899228e+00 2.733725705184042454e-04
1.409090909090909172e+00 1.342953910352662206e-04
1.419191919191919116e+00 5.742501889471895993e-05
1.429292929292929504e+00 2.627010508149396628e-05
1.439393939393939448e+00 1.036545108945574611e-05
1.449494949494949614e+00 4.801643626706209034e-06
1.459595959595959780e+00 1.518461658633896150e-06
1.469696969696969724e+00 6.083083690100465901e-07
1.479797979797979890e+00 2.400307153038738761e-07
1.489898989898990056e+00 7.855607009332743473e-08
1.500000000000000000e+00 3.178159246886025358e-08
