5.000000000000000000e-01 5.700547196034610102e+21
5.101010101010100550e-01 4.913560049650218566e+21
5.202020202020202211e-01 4.631442465567732138e+21
5.303030303030302761e-01 4.554159570062147584e+21
5.404040404040404422e-01 4.386712358216792015e+21
5.505050505050504972e-01 4.706033334396055978e+21
5.606060606060605522e-01 4.858620074845972464e+21
5.707070707070707183e-01 4.783323266776058298e+21
5.808080808080807733e-01 4.644291516779596874e+21
5.909090909090909394e-01 4.491028110485667971e+21
6.010101010101009944e-01 4.342556534195261276e+21
6.111111111111111605e-01 4.272218752265035448e+21
6.212121212121212155e-01 4.249052517256818328e+21
6.313131313131312705e-01 3.926279813438151590e+21
6.414141414141414366e-01 3.538688770507578278e+21
6.515151515151514916e-01 3.337904225370566033e+21
6.616161616161616577e-01 3.261449710721440940e+21
6.717171717171717127e-01 3.192977544936853340e+21
6.818181818181818787e-01 3.020032563846385238e+21
6.919191919191919338e-01 3.228136302802804670e+21
7.020202020202019888e-01 3.419284552112127607e+21
7.121212121212121549e-01 4.008877519453986750e+21
7.222222222222222099e-01 4.469507378191301345e+21
7.323232323232323759e-01 4.786342367376256795e+21
7.424242424242424310e-01 5.269410285357038043e+21
7.525252525252525970e-01 5.545837852785318560e+21
7.626262626262626521e-01 5.795331642642109825e+21
7.727272727272727071e-01 5.868520766086414598e+21
7.828282828282828731e-01 5.781163881164355666e+21
7.929292929292929282e-01 5.936860638631948190e+21
8.030303030303029832e-01 5.679271628444958458e+21
8.131313131313131493e-01 5.379639826886604882e+21
8.232323232323233153e-01 5.010503409329089020e+21
8.333333333333333703e-01 4.365734309677523534e+21
8.434343434343434254e-01 3.981017970684096152e+21
8.535353535353535914e-01 3.634946738618158285e+21
8.636363636363636465e-01 3.383285591440694968e+21
8.737373737373737015e-01 2.970398673828111712e+21
8.838383838383838675e-01 2.975215836579537879e+21
8.939393939393940336e-01 3.065769714287076442e+21
9.040404040404040886e-01 3.124067122613527249e+21
9.141414141414141437e-01 3.263697851360428950e+21
9.242424242424243097e-01 3.430719754515974717e+21
9.343434343434343647e-01 3.522763197800266072e+21
9.444444444444444198e-01 3.697787434543695790e+21
9.545454545454545858e-01 3.593191896147969442e+21
9.646464646464647519e-01 3.789467212158076977e+21
9.747474747474748069e-01 3.724177120985203343e+21
9.848484848484848619e-01 3.641968976337135731e+21
9.949494949494950280e-01 3.832884445840718954e+21
1.005050505050505194e+00 3.967553615173141922e+21
1.015151515151515138e+00 3.977312634090677076e+21
1.025252525252525304e+00 4.047417636215163191e+21
1.035353535353535470e+00 4.186785748808793850e+21
1.045454545454545414e+00 4.207503432994604974e+21
1.055555555555555580e+00 4.120170754920543158e+21
1.065656565656565746e+00 3.968530614817304609e+21
1.075757575757575690e+00 3.927649752149802353e+21
1.085858585858585856e+00 3.707639058728568750e+21
1.095959595959596022e+00 3.347740649906696618e+21
1.106060606060605966e+00 2.947088323631818736e+21
1.116161616161616355e+00 2.571577060801759937e+21
1.126262626262626299e+00 2.090934894170271121e+21
1.136363636363636465e+00 1.886623467575074357e+21
1.146464646464646631e+00 1.827693303500977996e+21
1.156565656565656575e+00 2.128440308917059191e+21
1.166666666666666741e+00 2.533799741227469373e+21
1.176767676767676907e+00 2.913147226515117703e+21
1.186868686868686851e+00 3.214796359231556551e+21
1.196969696969697017e+00 3.378175413238513009e+21
1.207070707070707183e+00 3.225903080337582326e+21
1.217171717171717127e+00 3.089089634632577581e+21
1.227272727272727293e+00 2.546114271458560573e+21
1.237373737373737459e+00 1.753547165135856992e+21
1.247474747474747403e+00 9.338619151319186801e+20
1.257575757575757791e+00 6.403607089350673695e+20
1.267676767676767735e+00 1.350168050024094630e+21
1.277777777777777679e+00 2.190335952608290669e+21
1.287878787878788067e+00 2.850853436469329002e+21
1.297979797979798011e+00 3.356699716940420088e+21
1.308080808080808177e+00 3.663546003626844488e+21
1.318181818181818343e+00 3.692518504454649020e+21
1.328282828282828287e+00 3.188540936353939980e+21
1.338383838383838453e+00 2.687429909416052261e+21
1.348484848484848619e+00 1.948939212669046489e+21
1.358585858585858563e+00 1.345150195614273765e+21
1.368686868686868729e+00 1.125467983490861498e+21
1.378787878787878896e+00 1.734899025716310966e+21
1.388888888888888840e+00 2.481526460352580026e+21
1.398989898989899228e+00 3.069521494251652776e+21
1.409090909090909172e+00 3.587193382919288652e+21
1.419191919191919116e+00 3.885251739357829661e+21
1.429292929292929504e+00 4.030739680895103402e+21
1.439393939393939448e+00 3.638006371615003116e+21
1.449494949494949614e+00 3.255122716194938814e+21
1.459595959595959780e+00 3.065756484963171041e+21
1.469696969696969724e+00 2.927732415383333765e+21
1.479797979797979890e+00 3.300218948113659855e+21
1.489898989898990056e+00 3.962778110718268932e+21
1.500000000000000000e+00 4.963076001653250327e+21
