5.000000000000000000e-01 3.210943955167522290e-09
5.101010101010100550e-01 2.723162850770677323e-08
5.202020202020202211e-01 5.938169778119117836e-08
5.303030303030302761e-01 1.927709263327415101e-07
5.404040404040404422e-01 5.532068598768091761e-07
5.505050505050504972e-01 1.565641468914691359e-06
5.606060606060605522e-01 4.282813733880175278e-06
5.707070707070707183e-01 1.192170475405873731e-05
5.808080808080807733e-01 3.014486355823464692e-05
5.909090909090909394e-01 7.252169598359614611e-05
6.010101010101009944e-01 1.651090860832482576e-04
6.111111111111111605e-01 3.781404229812324047e-04
6.212121212121212155e-01 8.212119573727250099e-04
6.313131313131312705e-01 1.612992025911808014e-03
6.414141414141414366e-01 3.320222487673163414e-03
6.515151515151514916e-01 6.320421118289232254e-03
6.616161616161616577e-01 1.149037666618824005e-02
6.717171717171717127e-01 2.069837041199207306e-02
6.818181818181818787e-01 3.453686088323593140e-02
6.919191919191919338e-01 5.623659119009971619e-02
7.020202020202019888e-01 8.689507842063903809e-02
7.121212121212121549e-01 1.334230750799179077e-01
7.222222222222222099e-01 1.832747161388397217e-01
7.323232323232323759e-01 2.567933499813079834e-01
7.424242424242424310e-01 3.436165750026702881e-01
7.525252525252525970e-01 4.310774803161621094e-01
7.626262626262626521e-01 5.238410830497741699e-01
7.727272727272727071e-01 6.195056438446044922e-01
7.828282828282828731e-01 6.616361737251281738e-01
7.929292929292929282e-01 7.366554141044616699e-01
8.030303030303029832e-01 7.569035291671752930e-01
8.131313131313131493e-01 7.495440244674682617e-01
8.232323232323233153e-01 7.393851280212402344e-01
8.333333333333333703e-01 6.607955694198608398e-01
8.434343434343434254e-01 5.762118101119995117e-01
8.535353535353535914e-01 4.726928174495697021e-01
8.636363636363636465e-01 3.837935030460357666e-01
8.737373737373737015e-01 3.071044981479644775e-01
8.838383838383838675e-01 2.243818044662475586e-01
8.939393939393940336e-01 1.614116430282592773e-01
9.040404040404040886e-01 1.126210913062095642e-01
9.141414141414141437e-01 7.480458915233612061e-02
9.242424242424243097e-01 4.827787354588508606e-02
9.343434343434343647e-01 2.837230078876018524e-02
9.444444444444444198e-01 1.626276038587093353e-02
9.545454545454545858e-01 9.402006864547729492e-03
9.646464646464647519e-01 4.874601960182189941e-03
9.747474747474748069e-01 2.581613138318061829e-03
9.848484848484848619e-01 1.276313792914152145e-03
9.949494949494950280e-01 6.409200141206383705e-04
1.005050505050505194e+00 3.055123379454016685e-04
1.015151515151515138e+00 1.790578535292297602e-04
1.025252525252525304e+00 1.881684147519990802e-04
1.035353535353535470e+00 3.025521291419863701e-04
1.045454545454545414e+00 5.290884291753172874e-04
1.055555555555555580e+00 1.070370315574109554e-03
1.065656565656565746e+00 2.042802982032299042e-03
1.075757575757575690e+00 3.881832351908087730e-03
1.085858585858585856e+00 6.090876646339893341e-03
1.095959595959596022e+00 1.052847225219011307e-02
1.106060606060605966e+00 1.790422387421131134e-02
1.116161616161616355e+00 2.596909366548061371e-02
1.126262626262626299e+00 3.972307220101356506e-02
1.136363636363636465e+00 5.898604914546012878e-02
1.146464646464646631e+00 7.693177461624145508e-02
1.156565656565656575e+00 9.563360363245010376e-02
1.166666666666666741e+00 1.051010787487030029e-01
1.176767676767676907e+00 1.482071578502655029e-01
1.186868686868686851e+00 1.484088748693466187e-01
1.196969696969697017e+00 1.795703172683715820e-01
1.207070707070707183e+00 2.157828807830810547e-01
1.217171717171717127e+00 2.102386206388473511e-01
1.227272727272727293e+00 2.052101641893386841e-01
1.237373737373737459e+00 1.865071803331375122e-01
1.247474747474747403e+00 1.709633469581604004e-01
1.257575757575757791e+00 1.451735645532608032e-01
1.267676767676767735e+00 1.143433153629302979e-01
1.277777777777777679e+00 1.112077459692955017e-01
1.287878787878788067e+00 8.232639729976654053e-02
1.297979797979798011e+00 5.295655503869056702e-02
1.308080808080808177e+00 4.158942773938179016e-02
1.318181818181818343e+00 2.886140905320644379e-02
1.328282828282828287e+00 1.705113425850868225e-02
1.338383838383838453e+00 1.029967144131660461e-02
1.348484848484848619e+00 6.821988150477409363e-03
1.358585858585858563e+00 3.332446562126278877e-03
1.368686868686868729e+00 2.122784266248345375e-03
1.378787878787878896e+00 1.118209911510348320e-03
1.388888888888888840e+00 5.470599862746894360e-04
1.398989898989899228e+00 2.749997365754097700e-04
1.409090909090909172e+00 1.418765168637037277e-04
1.419191919191919116e+00 5.746395254391245544e-05
1.429292929292929504e+00 2.724818114074878395e-05
1.439393939393939448e+00 1.066261211235541850e-05
1.449494949494949614e+00 4.555531177174998447e-06
1.459595959595959780e+00 1.676381316428887658e-06
1.469696969696969724e+00 6.906959697516867891e-07
1.479797979797979890e+00 1.949008918700201320e-07
1.489898989898990056e+00 8.123573280727214296e-08
1.500000000000000000e+00 2.678424237956278375e-08
