5.000000000000000000e-01 1.863153409331630428e-09
5.101010101010100550e-01 9.725260596837870253e-09
5.202020202020202211e-01 1.434361429630826024e-08
5.303030303030302761e-01 4.030283662359579466e-09
5.404040404040404422e-01 8.420091290872733225e-09
5.505050505050504972e-01 1.404895844103748459e-08
5.606060606060605522e-01 8.375100613022823381e-09
5.707070707070707183e-01 1.090914736323611578e-08
5.808080808080807733e-01 1.183448716801649425e-08
5.909090909090909394e-01 9.907011211396365979e-09
6.010101010101009944e-01 1.143504668732475693e-08
6.111111111111111605e-01 3.493804356935470423e-09
6.212121212121212155e-01 4.219127269777800393e-09
6.313131313131312705e-01 3.028264927706914023e-08
6.414141414141414366e-01 1.340746980105222974e-08
6.515151515151514916e-01 1.659817283616860095e-09
6.616161616161616577e-01 2.157869616326024698e-08
6.717171717171717127e-01 7.309854055392861483e-08
6.818181818181818787e-01 2.466807700329809450e-07
6.919191919191919338e-01 7.455486183971515857e-07
7.020202020202019888e-01 2.095262971124611795e-06
7.121212121212121549e-01 5.649029844789765775e-06
7.222222222222222099e-01 1.471131326979957521e-05
7.323232323232323759e-01 3.978566746809519827e-05
7.424242424242424310e-01 9.121794573729857802e-05
7.525252525252525970e-01 2.127355255652219057e-04
7.626262626262626521e-01 4.597031511366367340e-04
7.727272727272727071e-01 1.026409794576466084e-03
7.828282828282828731e-01 2.132174791768193245e-03
7.929292929292929282e-01 4.038459155708551407e-03
8.030303030303029832e-01 7.786869071424007416e-03
8.131313131313131493e-01 1.402130443602800369e-02
8.232323232323233153e-01 2.420274540781974792e-02
8.333333333333333703e-01 3.950383141636848450e-02
8.434343434343434254e-01 6.645877659320831299e-02
8.535353535353535914e-01 1.037744581699371338e-01
8.636363636363636465e-01 1.410587579011917114e-01
8.737373737373737015e-01 2.210938781499862671e-01
8.838383838383838675e-01 2.964498698711395264e-01
8.939393939393940336e-01 3.678452968597412109e-01
9.040404040404040886e-01 4.752112627029418945e-01
9.141414141414141437e-01 6.064220666885375977e-01
9.242424242424243097e-01 6.196964979171752930e-01
9.343434343434343647e-01 6.969648003578186035e-01
9.444444444444444198e-01 7.329423427581787109e-01
9.545454545454545858e-01 8.201705217361450195e-01
9.646464646464647519e-01 7.431832551956176758e-01
9.747474747474748069e-01 7.951472997665405273e-01
9.848484848484848619e-01 6.727914214134216309e-01
9.949494949494950280e-01 6.242942214012145996e-01
1.005050505050505194e+00 4.866587221622467041e-01
1.015151515151515138e+00 4.011699855327606201e-01
1.025252525252525304e+00 2.910523116588592529e-01
1.035353535353535470e+00 2.073284685611724854e-01
1.045454545454545414e+00 1.672270298004150391e-01
1.055555555555555580e+00 1.080673709511756897e-01
1.065656565656565746e+00 6.744423508644104004e-02
1.075757575757575690e+00 4.261987283825874329e-02
1.085858585858585856e+00 2.759445458650588989e-02
1.095959595959596022e+00 1.514661964029073715e-02
1.106060606060605966e+00 8.034068159759044647e-03
1.116161616161616355e+00 4.567323718219995499e-03
1.126262626262626299e+00 2.225705422461032867e-03
1.136363636363636465e+00 1.130944816395640373e-03
1.146464646464646631e+00 5.230454844422638416e-04
1.156565656565656575e+00 2.479968534316867590e-04
1.166666666666666741e+00 1.133014447987079620e-04
1.176767676767676907e+00 1.089058569050393999e-04
1.186868686868686851e+00 2.267193194711580873e-04
1.196969696969697017e+00 4.845916992053389549e-04
1.207070707070707183e+00 1.135346130467951298e-03
1.217171717171717127e+00 2.294574398547410965e-03
1.227272727272727293e+00 4.383331164717674255e-03
1.237373737373737459e+00 8.038046769797801971e-03
1.247474747474747403e+00 1.452038716524839401e-02
1.257575757575757791e+00 2.395203337073326111e-02
1.267676767676767735e+00 4.269408807158470154e-02
1.277777777777777679e+00 6.485794484615325928e-02
1.287878787878788067e+00 1.006218940019607544e-01
1.297979797979798011e+00 1.519312113523483276e-01
1.308080808080808177e+00 2.201386541128158569e-01
1.318181818181818343e+00 2.923068106174468994e-01
1.328282828282828287e+00 3.817068338394165039e-01
1.338383838383838453e+00 4.702083170413970947e-01
1.348484848484848619e+00 5.455535054206848145e-01
1.358585858585858563e+00 6.385276317596435547e-01
1.368686868686868729e+00 7.358370423316955566e-01
1.378787878787878896e+00 7.840227484703063965e-01
1.388888888888888840e+00 7.753702998161315918e-01
1.398989898989899228e+00 7.416474223136901855e-01
1.409090909090909172e+00 6.842145323753356934e-01
1.419191919191919116e+00 6.848954558372497559e-01
1.429292929292929504e+00 5.759109258651733398e-01
1.439393939393939448e+00 4.598446190357208252e-01
1.449494949494949614e+00 3.646138608455657959e-01
1.459595959595959780e+00 3.063099384307861328e-01
1.469696969696969724e+00 2.008666992187500000e-01
1.479797979797979890e+00 1.458050459623336792e-01
1.489898989898990056e+00 9.923755377531051636e-02
1.500000000000000000e+00 6.620787829160690308e-02
