5.000000000000000000e-01 2.370655485952000000e+12
5.101010101010100550e-01 2.001996742656000000e+12
5.202020202020202211e-01 2.539770085376000000e+12
5.303030303030302761e-01 3.606184984576000000e+12
5.404040404040404422e-01 4.861303717888000000e+12
5.505050505050504972e-01 5.617145085952000000e+12
5.606060606060605522e-01 6.677220294656000000e+12
5.707070707070707183e-01 6.771158024192000000e+12
5.808080808080807733e-01 7.438642708480000000e+12
5.909090909090909394e-01 7.409025155072000000e+12
6.010101010101009944e-01 7.061673869312000000e+12
6.111111111111111605e-01 7.325559029760000000e+12
6.212121212121212155e-01 7.330698100736000000e+12
6.313131313131312705e-01 6.845985980416000000e+12
6.414141414141414366e-01 6.882853388288000000e+12
6.515151515151514916e-01 5.993233121280000000e+12
6.616161616161616577e-01 6.153905897472000000e+12
6.717171717171717127e-01 5.485592313856000000e+12
6.818181818181818787e-01 5.234526519296000000e+12
6.919191919191919338e-01 4.840134017024000000e+12
7.020202020202019888e-01 4.606454661120000000e+12
7.121212121212121549e-01 4.466585108480000000e+12
7.222222222222222099e-01 4.469358592000000000e+12
7.323232323232323759e-01 4.204523421696000000e+12
7.424242424242424310e-01 4.408920768512000000e+12
7.525252525252525970e-01 4.197530206208000000e+12
7.626262626262626521e-01 4.430976516096000000e+12
7.727272727272727071e-01 4.497430020096000000e+12
7.828282828282828731e-01 4.555221762048000000e+12
7.929292929292929282e-01 4.337772527616000000e+12
8.030303030303029832e-01 4.564166639616000000e+12
8.131313131313131493e-01 4.477095510016000000e+12
8.232323232323233153e-01 4.577023754240000000e+12
8.333333333333333703e-01 4.709952782336000000e+12
8.434343434343434254e-01 4.374100967424000000e+12
8.535353535353535914e-01 4.205712244736000000e+12
8.636363636363636465e-01 4.198601326592000000e+12
8.737373737373737015e-01 4.403408928768000000e+12
8.838383838383838675e-01 4.626347196416000000e+12
8.939393939393940336e-01 5.029319147520000000e+12
9.040404040404040886e-01 5.482485383168000000e+12
9.141414141414141437e-01 5.442728099840000000e+12
9.242424242424243097e-01 6.146283274240000000e+12
9.343434343434343647e-01 6.221790183424000000e+12
9.444444444444444198e-01 6.218702651392000000e+12
9.545454545454545858e-01 5.796869439488000000e+12
9.646464646464647519e-01 5.957150572544000000e+12
9.747474747474748069e-01 5.498576830464000000e+12
9.848484848484848619e-01 5.531555594240000000e+12
9.949494949494950280e-01 4.877876985856000000e+12
1.005050505050505194e+00 5.017265766400000000e+12
1.015151515151515138e+00 4.671593250816000000e+12
1.025252525252525304e+00 4.432410968064000000e+12
1.035353535353535470e+00 4.030913052672000000e+12
1.045454545454545414e+00 3.392739213312000000e+12
1.055555555555555580e+00 2.903177166848000000e+12
1.065656565656565746e+00 2.348080693248000000e+12
1.075757575757575690e+00 2.330958495744000000e+12
1.085858585858585856e+00 2.583376429056000000e+12
1.095959595959596022e+00 3.341072203776000000e+12
1.106060606060605966e+00 4.056880775168000000e+12
1.116161616161616355e+00 4.876109086720000000e+12
1.126262626262626299e+00 5.569497268224000000e+12
1.136363636363636465e+00 5.879368777728000000e+12
1.146464646464646631e+00 6.231191715840000000e+12
1.156565656565656575e+00 6.507959681024000000e+12
1.166666666666666741e+00 6.227104890880000000e+12
1.176767676767676907e+00 6.351066497024000000e+12
1.186868686868686851e+00 5.687401775104000000e+12
1.196969696969697017e+00 5.700843995136000000e+12
1.207070707070707183e+00 4.914612273152000000e+12
1.217171717171717127e+00 4.768712359936000000e+12
1.227272727272727293e+00 4.388225024000000000e+12
1.237373737373737459e+00 4.227049455616000000e+12
1.247474747474747403e+00 3.794175000576000000e+12
1.257575757575757791e+00 3.655701889024000000e+12
1.267676767676767735e+00 3.375024570368000000e+12
1.277777777777777679e+00 3.030784409600000000e+12
1.287878787878788067e+00 2.718811553792000000e+12
1.297979797979798011e+00 2.570144972800000000e+12
1.308080808080808177e+00 2.163050151936000000e+12
1.318181818181818343e+00 1.790956142592000000e+12
1.328282828282828287e+00 1.708947668992000000e+12
1.338383838383838453e+00 1.765748637696000000e+12
1.348484848484848619e+00 2.002108153856000000e+12
1.358585858585858563e+00 2.303145017344000000e+12
1.368686868686868729e+00 2.872599904256000000e+12
1.378787878787878896e+00 3.547825438720000000e+12
1.388888888888888840e+00 4.134740164608000000e+12
1.398989898989899228e+00 4.787986759680000000e+12
1.409090909090909172e+00 5.419564531712000000e+12
1.419191919191919116e+00 5.531469611008000000e+12
1.429292929292929504e+00 5.608161935360000000e+12
1.439393939393939448e+00 5.710984773632000000e+12
1.449494949494949614e+00 5.004576423936000000e+12
1.459595959595959780e+00 4.635151564800000000e+12
1.469696969696969724e+00 3.997029105664000000e+12
1.479797979797979890e+00 4.118440837120000000e+12
1.489898989898990056e+00 4.773702008832000000e+12
1.500000000000000000e+00 5.614806761472000000e+12
