5.000000000000000000e-01 1.463616285946045537e-06
5.101010101010100550e-01 1.553852825963986106e-06
5.202020202020202211e-01 1.678284093031834345e-06
5.303030303030302761e-01 1.606402179277210962e-06
5.404040404040404422e-01 1.568967377352237236e-06
5.505050505050504972e-01 1.505332875240128487e-06
5.606060606060605522e-01 1.447195813852886204e-06
5.707070707070707183e-01 1.301154270549886860e-06
5.808080808080807733e-01 1.154209485321189277e-06
5.909090909090909394e-01 1.136097239395894576e-06
6.010101010101009944e-01 1.045262933985213749e-06
6.111111111111111605e-01 9.929873385772225447e-07
6.212121212121212155e-01 9.153335440714727156e-07
6.313131313131312705e-01 7.741475087641447317e-07
6.414141414141414366e-01 6.122020863585930783e-07
6.515151515151514916e-01 3.526304226397769526e-07
6.616161616161616577e-01 1.842811201413496747e-07
6.717171717171717127e-01 4.725143298855982721e-07
6.818181818181818787e-01 9.300516694565885700e-07
6.919191919191919338e-01 1.341297547696740367e-06
7.020202020202019888e-01 1.873692326626041904e-06
7.121212121212121549e-01 2.272793608426582068e-06
7.222222222222222099e-01 2.536138026698608883e-06
7.323232323232323759e-01 1.971629444597056136e-06
7.424242424242424310e-01 2.570602873674943112e-06
7.525252525252525970e-01 1.182397045340621844e-05
7.626262626262626521e-01 3.090436075581237674e-05
7.727272727272727071e-01 8.577120752306655049e-05
7.828282828282828731e-01 1.799978781491518021e-04
7.929292929292929282e-01 4.365498607512563467e-04
8.030303030303029832e-01 8.849002770148217678e-04
8.131313131313131493e-01 1.733184792101383209e-03
8.232323232323233153e-01 3.380980808287858963e-03
8.333333333333333703e-01 6.430097389966249466e-03
8.434343434343434254e-01 1.072016078978776932e-02
8.535353535353535914e-01 1.672298274934291840e-02
8.636363636363636465e-01 2.981601469218730927e-02
8.737373737373737015e-01 4.696540534496307373e-02
8.838383838383838675e-01 6.616199761629104614e-02
8.939393939393940336e-01 9.284058213233947754e-02
9.040404040404040886e-01 1.400331109762191772e-01
9.141414141414141437e-01 1.907103955745697021e-01
9.242424242424243097e-01 1.958896219730377197e-01
9.343434343434343647e-01 2.592511773109436035e-01
9.444444444444444198e-01 3.056320548057556152e-01
9.545454545454545858e-01 3.430059552192687988e-01
9.646464646464647519e-01 3.444806933403015137e-01
9.747474747474748069e-01 4.132640659809112549e-01
9.848484848484848619e-01 4.000412523746490479e-01
9.949494949494950280e-01 3.744362294673919678e-01
1.005050505050505194e+00 3.329512178897857666e-01
1.015151515151515138e+00 2.998948395252227783e-01
1.025252525252525304e+00 2.301254719495773315e-01
1.035353535353535470e+00 1.966043114662170410e-01
1.045454545454545414e+00 1.441285312175750732e-01
1.055555555555555580e+00 9.892198443412780762e-02
1.065656565656565746e+00 5.563207343220710754e-02
1.075757575757575690e+00 5.638988688588142395e-02
1.085858585858585856e+00 1.199115514755249023e-01
1.095959595959596022e+00 2.029325217008590698e-01
1.106060606060605966e+00 3.174162805080413818e-01
1.116161616161616355e+00 4.697298407554626465e-01
1.126262626262626299e+00 6.645420193672180176e-01
1.136363636363636465e+00 8.705811500549316406e-01
1.146464646464646631e+00 1.093647480010986328e+00
1.156565656565656575e+00 1.284722208976745605e+00
1.166666666666666741e+00 1.536882519721984863e+00
1.176767676767676907e+00 1.730856299400329590e+00
1.186868686868686851e+00 1.847391366958618164e+00
1.196969696969697017e+00 1.940606713294982910e+00
1.207070707070707183e+00 1.873036742210388184e+00
1.217171717171717127e+00 1.788000941276550293e+00
1.227272727272727293e+00 1.708123564720153809e+00
1.237373737373737459e+00 1.431056737899780273e+00
1.247474747474747403e+00 1.210255980491638184e+00
1.257575757575757791e+00 9.706747531890869141e-01
1.267676767676767735e+00 7.774108052253723145e-01
1.277777777777777679e+00 5.650115013122558594e-01
1.287878787878788067e+00 4.161579012870788574e-01
1.297979797979798011e+00 2.767830491065979004e-01
1.308080808080808177e+00 1.860535144805908203e-01
1.318181818181818343e+00 1.107373163104057312e-01
1.328282828282828287e+00 6.677374988794326782e-02
1.338383838383838453e+00 3.999173268675804138e-02
1.348484848484848619e+00 2.409172430634498596e-02
1.358585858585858563e+00 1.268248818814754486e-02
1.368686868686868729e+00 6.509144790470600128e-03
1.378787878787878896e+00 3.239975543692708015e-03
1.388888888888888840e+00 1.522863749414682388e-03
1.398989898989899228e+00 6.888105999678373337e-04
1.409090909090909172e+00 3.127336967736482620e-04
1.419191919191919116e+00 1.266172039322555065e-04
1.429292929292929504e+00 5.182704262551851571e-05
1.439393939393939448e+00 1.987873292819131166e-05
1.449494949494949614e+00 8.036313374759629369e-06
1.459595959595959780e+00 4.234704647387843579e-06
1.469696969696969724e+00 3.073367224715184420e-06
1.479797979797979890e+00 2.985757873830152676e-06
1.489898989898990056e+00 3.031344476767117158e-06
1.500000000000000000e+00 3.093692157563054934e-06
