5.000000000000000000e-01 5.536938281250000000e+04
5.101010101010100550e-01 6.181654296875000000e+04
5.202020202020202211e-01 6.578309375000000000e+04
5.303030303030302761e-01 6.707239843750000000e+04
5.404040404040404422e-01 6.901620312500000000e+04
5.505050505050504972e-01 6.487196093750000000e+04
5.606060606060605522e-01 6.507183984375000000e+04
5.707070707070707183e-01 6.084515625000000000e+04
5.808080808080807733e-01 5.499760156250000000e+04
5.909090909090909394e-01 5.253125000000000000e+04
6.010101010101009944e-01 4.806121484375000000e+04
6.111111111111111605e-01 5.099407812500000000e+04
6.212121212121212155e-01 5.911293359375000000e+04
6.313131313131312705e-01 6.639407031250000000e+04
6.414141414141414366e-01 7.438818750000000000e+04
6.515151515151514916e-01 7.684052343750000000e+04
6.616161616161616577e-01 7.962153125000000000e+04
6.717171717171717127e-01 7.369128906250000000e+04
6.818181818181818787e-01 7.248524218750000000e+04
6.919191919191919338e-01 6.100007812500000000e+04
7.020202020202019888e-01 5.406966015625000000e+04
7.121212121212121549e-01 4.322308203125000000e+04
7.222222222222222099e-01 3.260003515625000000e+04
7.323232323232323759e-01 2.365595507812500000e+04
7.424242424242424310e-01 1.839092187500000000e+04
7.525252525252525970e-01 1.395336914062500000e+04
7.626262626262626521e-01 1.237175000000000000e+04
7.727272727272727071e-01 1.368839355468750000e+04
7.828282828282828731e-01 1.825071093750000000e+04
7.929292929292929282e-01 2.766967578125000000e+04
8.030303030303029832e-01 4.314785546875000000e+04
8.131313131313131493e-01 6.309168359375000000e+04
8.232323232323233153e-01 8.122795312500000000e+04
8.333333333333333703e-01 1.095894843750000000e+05
8.434343434343434254e-01 1.314074218750000000e+05
8.535353535353535914e-01 1.462982031250000000e+05
8.636363636363636465e-01 1.616655781250000000e+05
8.737373737373737015e-01 1.691682812500000000e+05
8.838383838383838675e-01 1.693784531250000000e+05
8.939393939393940336e-01 1.606797968750000000e+05
9.040404040404040886e-01 1.533099843750000000e+05
9.141414141414141437e-01 1.415258750000000000e+05
9.242424242424243097e-01 1.268206796875000000e+05
9.343434343434343647e-01 1.061139296875000000e+05
9.444444444444444198e-01 9.019078125000000000e+04
9.545454545454545858e-01 7.293417187500000000e+04
9.646464646464647519e-01 5.005014453125000000e+04
9.747474747474748069e-01 3.959581640625000000e+04
9.848484848484848619e-01 4.914453125000000000e+04
9.949494949494950280e-01 6.994858593750000000e+04
1.005050505050505194e+00 9.003487500000000000e+04
1.015151515151515138e+00 1.128819531250000000e+05
1.025252525252525304e+00 1.148502343750000000e+05
1.035353535353535470e+00 1.232763203125000000e+05
1.045454545454545414e+00 1.167027265625000000e+05
1.055555555555555580e+00 1.159777500000000000e+05
1.065656565656565746e+00 1.058538828125000000e+05
1.075757575757575690e+00 1.001051015625000000e+05
1.085858585858585856e+00 9.689552343750000000e+04
1.095959595959596022e+00 1.068789843750000000e+05
1.106060606060605966e+00 1.080477968750000000e+05
1.116161616161616355e+00 1.130035781250000000e+05
1.126262626262626299e+00 1.085772500000000000e+05
1.136363636363636465e+00 1.046706875000000000e+05
1.146464646464646631e+00 9.053984375000000000e+04
1.156565656565656575e+00 7.541410156250000000e+04
1.166666666666666741e+00 6.089437109375000000e+04
1.176767676767676907e+00 4.284159375000000000e+04
1.186868686868686851e+00 3.435792578125000000e+04
1.196969696969697017e+00 3.042359765625000000e+04
1.207070707070707183e+00 3.044905859375000000e+04
1.217171717171717127e+00 3.287937890625000000e+04
1.227272727272727293e+00 3.754733593750000000e+04
1.237373737373737459e+00 4.078614062500000000e+04
1.247474747474747403e+00 4.662156250000000000e+04
1.257575757575757791e+00 5.621755078125000000e+04
1.267676767676767735e+00 6.906860937500000000e+04
1.277777777777777679e+00 8.094749218750000000e+04
1.287878787878788067e+00 8.947907812500000000e+04
1.297979797979798011e+00 1.025742109375000000e+05
1.308080808080808177e+00 1.099881484375000000e+05
1.318181818181818343e+00 1.273644140625000000e+05
1.328282828282828287e+00 1.266576875000000000e+05
1.338383838383838453e+00 1.417408593750000000e+05
1.348484848484848619e+00 1.546387812500000000e+05
1.358585858585858563e+00 1.625320937500000000e+05
1.368686868686868729e+00 1.711704687500000000e+05
1.378787878787878896e+00 1.658618593750000000e+05
1.388888888888888840e+00 1.639833281250000000e+05
1.398989898989899228e+00 1.602806406250000000e+05
1.409090909090909172e+00 1.493375468750000000e+05
1.419191919191919116e+00 1.344538437500000000e+05
1.429292929292929504e+00 1.198678906250000000e+05
1.439393939393939448e+00 8.816965625000000000e+04
1.449494949494949614e+00 6.081750000000000000e+04
1.459595959595959780e+00 3.223410546875000000e+04
1.469696969696969724e+00 1.828687109375000000e+04
1.479797979797979890e+00 3.808894531250000000e+04
1.489898989898990056e+00 6.281441406250000000e+04
1.500000000000000000e+00 7.897052343750000000e+04
