5.000000000000000000e-01 1.090451400000000000e+07
5.101010101010100550e-01 7.879526500000000000e+06
5.202020202020202211e-01 2.275766000000000000e+07
5.303030303030302761e-01 3.773132000000000000e+07
5.404040404040404422e-01 4.549992800000000000e+07
5.505050505050504972e-01 6.013696400000000000e+07
5.606060606060605522e-01 6.815801600000000000e+07
5.707070707070707183e-01 7.369400800000000000e+07
5.808080808080807733e-01 8.208108000000000000e+07
5.909090909090909394e-01 7.781633600000000000e+07
6.010101010101009944e-01 8.003338400000000000e+07
6.111111111111111605e-01 8.266359200000000000e+07
6.212121212121212155e-01 8.229978400000000000e+07
6.313131313131312705e-01 6.935436000000000000e+07
6.414141414141414366e-01 7.479824800000000000e+07
6.515151515151514916e-01 7.106865600000000000e+07
6.616161616161616577e-01 6.574118800000000000e+07
6.717171717171717127e-01 5.837028400000000000e+07
6.818181818181818787e-01 5.480772400000000000e+07
6.919191919191919338e-01 4.924529200000000000e+07
7.020202020202019888e-01 4.879478800000000000e+07
7.121212121212121549e-01 4.756428000000000000e+07
7.222222222222222099e-01 4.630137600000000000e+07
7.323232323232323759e-01 4.297516800000000000e+07
7.424242424242424310e-01 4.305838000000000000e+07
7.525252525252525970e-01 3.864162800000000000e+07
7.626262626262626521e-01 3.322770000000000000e+07
7.727272727272727071e-01 3.260919200000000000e+07
7.828282828282828731e-01 2.946204400000000000e+07
7.929292929292929282e-01 2.680422600000000000e+07
8.030303030303029832e-01 2.620377800000000000e+07
8.131313131313131493e-01 2.616378600000000000e+07
8.232323232323233153e-01 2.793972200000000000e+07
8.333333333333333703e-01 3.262813600000000000e+07
8.434343434343434254e-01 3.517385600000000000e+07
8.535353535353535914e-01 4.279138800000000000e+07
8.636363636363636465e-01 4.656894400000000000e+07
8.737373737373737015e-01 5.460264400000000000e+07
8.838383838383838675e-01 6.333504400000000000e+07
8.939393939393940336e-01 7.831002400000000000e+07
9.040404040404040886e-01 8.273584000000000000e+07
9.141414141414141437e-01 9.244716000000000000e+07
9.242424242424243097e-01 9.875794400000000000e+07
9.343434343434343647e-01 1.006772080000000000e+08
9.444444444444444198e-01 1.028234880000000000e+08
9.545454545454545858e-01 1.073200480000000000e+08
9.646464646464647519e-01 1.054314640000000000e+08
9.747474747474748069e-01 1.032545360000000000e+08
9.848484848484848619e-01 8.942815200000000000e+07
9.949494949494950280e-01 9.774963200000000000e+07
1.005050505050505194e+00 9.446605600000000000e+07
1.015151515151515138e+00 9.112261600000000000e+07
1.025252525252525304e+00 8.646942400000000000e+07
1.035353535353535470e+00 7.386363200000000000e+07
1.045454545454545414e+00 6.421302000000000000e+07
1.055555555555555580e+00 5.341784800000000000e+07
1.065656565656565746e+00 3.339241000000000000e+07
1.075757575757575690e+00 2.729579800000000000e+07
1.085858585858585856e+00 2.195261200000000000e+07
1.095959595959596022e+00 3.252543000000000000e+07
1.106060606060605966e+00 5.198220400000000000e+07
1.116161616161616355e+00 6.566774800000000000e+07
1.126262626262626299e+00 8.412369600000000000e+07
1.136363636363636465e+00 9.059617600000000000e+07
1.146464646464646631e+00 9.424793600000000000e+07
1.156565656565656575e+00 1.061660560000000000e+08
1.166666666666666741e+00 9.797867200000000000e+07
1.176767676767676907e+00 9.836855200000000000e+07
1.186868686868686851e+00 8.993851200000000000e+07
1.196969696969697017e+00 8.761496800000000000e+07
1.207070707070707183e+00 8.249896800000000000e+07
1.217171717171717127e+00 8.270440000000000000e+07
1.227272727272727293e+00 7.446029600000000000e+07
1.237373737373737459e+00 7.348981600000000000e+07
1.247474747474747403e+00 6.674621200000000000e+07
1.257575757575757791e+00 6.863543200000000000e+07
1.267676767676767735e+00 6.861262400000000000e+07
1.277777777777777679e+00 7.153360800000000000e+07
1.287878787878788067e+00 7.299766400000000000e+07
1.297979797979798011e+00 7.095148800000000000e+07
1.308080808080808177e+00 7.360416000000000000e+07
1.318181818181818343e+00 6.732820800000000000e+07
1.328282828282828287e+00 6.533145200000000000e+07
1.338383838383838453e+00 6.837900800000000000e+07
1.348484848484848619e+00 6.476669200000000000e+07
1.358585858585858563e+00 6.643330800000000000e+07
1.368686868686868729e+00 6.526241200000000000e+07
1.378787878787878896e+00 5.920248400000000000e+07
1.388888888888888840e+00 6.330246400000000000e+07
1.398989898989899228e+00 6.649240800000000000e+07
1.409090909090909172e+00 7.070359200000000000e+07
1.419191919191919116e+00 7.661050400000000000e+07
1.429292929292929504e+00 7.018581600000000000e+07
1.439393939393939448e+00 7.167696000000000000e+07
1.449494949494949614e+00 6.800706400000000000e+07
1.459595959595959780e+00 6.528614400000000000e+07
1.469696969696969724e+00 5.994889200000000000e+07
1.479797979797979890e+00 6.271826800000000000e+07
1.489898989898990056e+00 6.510912800000000000e+07
1.500000000000000000e+00 8.284168000000000000e+07
