5.000000000000000000e-01 8.777674587179262744e-09
5.101010101010100550e-01 4.206683446028591788e-09
5.202020202020202211e-01 9.718407412151464086e-09
5.303030303030302761e-01 7.870464280301803228e-09
5.404040404040404422e-01 1.394182880254390966e-09
5.505050505050504972e-01 7.389594713913538726e-09
5.606060606060605522e-01 4.088560157100573633e-09
5.707070707070707183e-01 5.150364579264987697e-09
5.808080808080807733e-01 6.775495275945786489e-09
5.909090909090909394e-01 1.144182260048864919e-08
6.010101010101009944e-01 1.136426686088043425e-08
6.111111111111111605e-01 4.145609189265542227e-09
6.212121212121212155e-01 3.702832263030586546e-09
6.313131313131312705e-01 7.294234105614805230e-09
6.414141414141414366e-01 5.577028172609743706e-09
6.515151515151514916e-01 8.198790091284990922e-09
6.616161616161616577e-01 1.282388328860406546e-08
6.717171717171717127e-01 7.723806483284079150e-09
6.818181818181818787e-01 8.601698020527237531e-09
6.919191919191919338e-01 1.105840397030988242e-08
7.020202020202019888e-01 3.273034110407024855e-08
7.121212121212121549e-01 8.656526517825113842e-08
7.222222222222222099e-01 2.875883353681274457e-07
7.323232323232323759e-01 7.400759045594895724e-07
7.424242424242424310e-01 2.156673645004048012e-06
7.525252525252525970e-01 5.905990292376372963e-06
7.626262626262626521e-01 1.497243465564679354e-05
7.727272727272727071e-01 3.820104393525980413e-05
7.828282828282828731e-01 8.256718865595757961e-05
7.929292929292929282e-01 1.885095261968672276e-04
8.030303030303029832e-01 4.294271057005971670e-04
8.131313131313131493e-01 8.930244366638362408e-04
8.232323232323233153e-01 1.734076417051255703e-03
8.333333333333333703e-01 3.391065401956439018e-03
8.434343434343434254e-01 5.834534764289855957e-03
8.535353535353535914e-01 1.129774376749992371e-02
8.636363636363636465e-01 1.716592721641063690e-02
8.737373737373737015e-01 2.921870350837707520e-02
8.838383838383838675e-01 4.860337451100349426e-02
8.939393939393940336e-01 6.949345022439956665e-02
9.040404040404040886e-01 1.009640321135520935e-01
9.141414141414141437e-01 1.397727131843566895e-01
9.242424242424243097e-01 1.744332909584045410e-01
9.343434343434343647e-01 2.227467149496078491e-01
9.444444444444444198e-01 2.857177555561065674e-01
9.545454545454545858e-01 3.439435362815856934e-01
9.646464646464647519e-01 3.644089698791503906e-01
9.747474747474748069e-01 4.342802166938781738e-01
9.848484848484848619e-01 4.141851663589477539e-01
9.949494949494950280e-01 4.310030937194824219e-01
1.005050505050505194e+00 4.019351303577423096e-01
1.015151515151515138e+00 3.566083908081054688e-01
1.025252525252525304e+00 3.294231891632080078e-01
1.035353535353535470e+00 2.600566744804382324e-01
1.045454545454545414e+00 2.237463146448135376e-01
1.055555555555555580e+00 1.711468398571014404e-01
1.065656565656565746e+00 1.281440556049346924e-01
1.075757575757575690e+00 8.701495826244354248e-02
1.085858585858585856e+00 6.515793502330780029e-02
1.095959595959596022e+00 4.324274882674217224e-02
1.106060606060605966e+00 2.878665179014205933e-02
1.116161616161616355e+00 1.682831905782222748e-02
1.126262626262626299e+00 9.515101090073585510e-03
1.136363636363636465e+00 5.731176584959030151e-03
1.146464646464646631e+00 3.003585617989301682e-03
1.156565656565656575e+00 1.547311432659626007e-03
1.166666666666666741e+00 7.906734826974570751e-04
1.176767676767676907e+00 3.623350348789244890e-04
1.186868686868686851e+00 1.673511433182284236e-04
1.196969696969697017e+00 7.547322456957772374e-05
1.207070707070707183e+00 3.259579534642398357e-05
1.217171717171717127e+00 1.305878231505630538e-05
1.227272727272727293e+00 5.506065463123377413e-06
1.237373737373737459e+00 4.089149570063455030e-06
1.247474747474747403e+00 1.077549859473947436e-05
1.257575757575757791e+00 2.560780012572649866e-05
1.267676767676767735e+00 6.005774048389866948e-05
1.277777777777777679e+00 1.473252923460677266e-04
1.287878787878788067e+00 3.355142544023692608e-04
1.297979797979798011e+00 7.449671975336968899e-04
1.308080808080808177e+00 1.436298945918679237e-03
1.318181818181818343e+00 2.950945170596241951e-03
1.328282828282828287e+00 5.502074956893920898e-03
1.338383838383838453e+00 1.021402794867753983e-02
1.348484848484848619e+00 1.761739701032638550e-02
1.358585858585858563e+00 2.951250784099102020e-02
1.368686868686868729e+00 5.032411590218544006e-02
1.378787878787878896e+00 7.771345227956771851e-02
1.388888888888888840e+00 1.125098541378974915e-01
1.398989898989899228e+00 1.677604168653488159e-01
1.409090909090909172e+00 2.219850271940231323e-01
1.419191919191919116e+00 3.033512234687805176e-01
1.429292929292929504e+00 3.700383901596069336e-01
1.439393939393939448e+00 4.661596119403839111e-01
1.449494949494949614e+00 5.168616771697998047e-01
1.459595959595959780e+00 6.152178645133972168e-01
1.469696969696969724e+00 6.360936760902404785e-01
1.479797979797979890e+00 6.858259439468383789e-01
1.489898989898990056e+00 6.605015993118286133e-01
1.500000000000000000e+00 6.571709513664245605e-01
