5.000000000000000000e-01 5.860284566879272461e-01
5.101010101010100550e-01 8.988041281700134277e-01
5.202020202020202211e-01 1.309289693832397461e+00
5.303030303030302761e-01 1.832680940628051758e+00
5.404040404040404422e-01 2.474665880203247070e+00
5.505050505050504972e-01 3.209977149963378906e+00
5.606060606060605522e-01 4.028100013732910156e+00
5.707070707070707183e-01 4.756910324096679688e+00
5.808080808080807733e-01 5.449006080627441406e+00
5.909090909090909394e-01 5.976066112518310547e+00
6.010101010101009944e-01 6.332745552062988281e+00
6.111111111111111605e-01 6.359865188598632812e+00
6.212121212121212155e-01 6.230916976928710938e+00
6.313131313131312705e-01 5.804215908050537109e+00
6.414141414141414366e-01 5.278360366821289062e+00
6.515151515151514916e-01 4.476216793060302734e+00
6.616161616161616577e-01 3.750799417495727539e+00
6.717171717171717127e-01 2.955121040344238281e+00
6.818181818181818787e-01 2.237001657485961914e+00
6.919191919191919338e-01 1.630797982215881348e+00
7.020202020202019888e-01 1.145383834838867188e+00
7.121212121212121549e-01 7.800258994102478027e-01
7.222222222222222099e-01 5.020272731781005859e-01
7.323232323232323759e-01 3.105983734130859375e-01
7.424242424242424310e-01 1.855401247739791870e-01
7.525252525252525970e-01 1.068154424428939819e-01
7.626262626262626521e-01 5.870521813631057739e-02
7.727272727272727071e-01 3.053439781069755554e-02
7.828282828282828731e-01 1.550605986267328262e-02
7.929292929292929282e-01 7.429109886288642883e-03
8.030303030303029832e-01 3.432984696701169014e-03
8.131313131313131493e-01 1.488273264840245247e-03
8.232323232323233153e-01 6.174272857606410980e-04
8.333333333333333703e-01 2.767613332252949476e-04
8.434343434343434254e-01 1.680527493590489030e-04
8.535353535353535914e-01 1.192404597532004118e-04
8.636363636363636465e-01 1.208160392707213759e-04
8.737373737373737015e-01 9.460118599236011505e-05
8.838383838383838675e-01 1.372511615045368671e-04
8.939393939393940336e-01 4.818734887521713972e-04
9.040404040404040886e-01 8.916867082007229328e-04
9.141414141414141437e-01 1.185164903290569782e-03
9.242424242424243097e-01 1.568657462485134602e-03
9.343434343434343647e-01 3.616645233705639839e-03
9.444444444444444198e-01 5.121782422065734863e-03
9.545454545454545858e-01 7.739611435681581497e-03
9.646464646464647519e-01 1.002214848995208740e-02
9.747474747474748069e-01 1.308701653033494949e-02
9.848484848484848619e-01 1.514540240168571472e-02
9.949494949494950280e-01 1.657165400683879852e-02
1.005050505050505194e+00 1.338850613683462143e-02
1.015151515151515138e+00 1.792661286890506744e-02
1.025252525252525304e+00 2.064418420195579529e-02
1.035353535353535470e+00 1.978613249957561493e-02
1.045454545454545414e+00 1.947678998112678528e-02
1.055555555555555580e+00 2.258395776152610779e-02
1.065656565656565746e+00 1.524355821311473846e-02
1.075757575757575690e+00 4.941774532198905945e-03
1.085858585858585856e+00 1.324526872485876083e-02
1.095959595959596022e+00 5.830622278153896332e-03
1.106060606060605966e+00 4.823580849915742874e-03
1.116161616161616355e+00 5.527705885469913483e-03
1.126262626262626299e+00 4.801833536475896835e-03
1.136363636363636465e+00 2.331143943592905998e-03
1.146464646464646631e+00 1.176349003799259663e-03
1.156565656565656575e+00 1.095681334845721722e-03
1.166666666666666741e+00 5.976499523967504501e-04
1.176767676767676907e+00 3.212197043467313051e-04
1.186868686868686851e+00 1.572020410094410181e-04
1.196969696969697017e+00 1.373184350086376071e-04
1.207070707070707183e+00 1.404185168212279677e-04
1.217171717171717127e+00 1.299761061090976000e-04
1.227272727272727293e+00 1.260895223822444677e-04
1.237373737373737459e+00 1.189348113257437944e-04
1.247474747474747403e+00 1.112862519221380353e-04
1.257575757575757791e+00 1.007962564472109079e-04
1.267676767676767735e+00 8.991856157081201673e-05
1.277777777777777679e+00 8.267314842669293284e-05
1.287878787878788067e+00 7.753028330625966191e-05
1.297979797979798011e+00 7.417814049404114485e-05
1.308080808080808177e+00 7.077778718667104840e-05
1.318181818181818343e+00 6.404059240594506264e-05
1.328282828282828287e+00 5.619775402010418475e-05
1.338383838383838453e+00 4.441034616320393980e-05
1.348484848484848619e+00 3.221780934836715460e-05
1.358585858585858563e+00 2.307820614078082144e-05
1.368686868686868729e+00 2.579562169557902962e-05
1.378787878787878896e+00 3.974676656071096659e-05
1.388888888888888840e+00 5.769987183157354593e-05
1.398989898989899228e+00 7.654352521058171988e-05
1.409090909090909172e+00 9.756122744875028729e-05
1.419191919191919116e+00 1.161302570835687220e-04
1.429292929292929504e+00 1.332274841843172908e-04
1.439393939393939448e+00 1.469066046411171556e-04
1.449494949494949614e+00 1.532400347059592605e-04
1.459595959595959780e+00 1.553192705614492297e-04
1.469696969696969724e+00 1.491147850174456835e-04
1.479797979797979890e+00 1.351097307633608580e-04
1.489898989898990056e+00 1.137932340498082340e-04
1.500000000000000000e+00 8.907786104828119278e-05
