5.000000000000000000e-01 9.042391282949190530e+22
5.101010101010100550e-01 8.104986836350382218e+22
5.202020202020202211e-01 7.140084761506737868e+22
5.303030303030302761e-01 6.223033883063867775e+22
5.404040404040404422e-01 5.396584170124623636e+22
5.505050505050504972e-01 4.474846395549549068e+22
5.606060606060605522e-01 3.837179472510346854e+22
5.707070707070707183e-01 3.230502268867043761e+22
5.808080808080807733e-01 2.995932507455432845e+22
5.909090909090909394e-01 3.218714547202364224e+22
6.010101010101009944e-01 3.601894314297928135e+22
6.111111111111111605e-01 4.009355238784460076e+22
6.212121212121212155e-01 4.446157114843310798e+22
6.313131313131312705e-01 4.462320083545980771e+22
6.414141414141414366e-01 4.753728649954727874e+22
6.515151515151514916e-01 4.500872247436160428e+22
6.616161616161616577e-01 4.162869439282638173e+22
6.717171717171717127e-01 3.498583540285899905e+22
6.818181818181818787e-01 2.806912603035009863e+22
6.919191919191919338e-01 2.362824578319017784e+22
7.020202020202019888e-01 2.769517864249064423e+22
7.121212121212121549e-01 3.441155439277522289e+22
7.222222222222222099e-01 4.597415011928176276e+22
7.323232323232323759e-01 5.304354052635777774e+22
7.424242424242424310e-01 6.217119305673242103e+22
7.525252525252525970e-01 6.799092914280529815e+22
7.626262626262626521e-01 7.149044672965391470e+22
7.727272727272727071e-01 7.113237903408056867e+22
7.828282828282828731e-01 7.284380543927651297e+22
7.929292929292929282e-01 6.750676516126520561e+22
8.030303030303029832e-01 6.219652130103675270e+22
8.131313131313131493e-01 5.517386474729396136e+22
8.232323232323233153e-01 4.800666966711034131e+22
8.333333333333333703e-01 4.013504405121156514e+22
8.434343434343434254e-01 3.313287437217368218e+22
8.535353535353535914e-01 2.684919997048723341e+22
8.636363636363636465e-01 2.531273841081463289e+22
8.737373737373737015e-01 2.452414460526317693e+22
8.838383838383838675e-01 2.467861582068217125e+22
8.939393939393940336e-01 2.491707691735181165e+22
9.040404040404040886e-01 2.620922945623863119e+22
9.141414141414141437e-01 2.901899148675787837e+22
9.242424242424243097e-01 3.194426409231973771e+22
9.343434343434343647e-01 3.887576553780473653e+22
9.444444444444444198e-01 4.541575330508372233e+22
9.545454545454545858e-01 5.206754293311218070e+22
9.646464646464647519e-01 5.924664553071056834e+22
9.747474747474748069e-01 6.507514562165830844e+22
9.848484848484848619e-01 7.365089102489795219e+22
9.949494949494950280e-01 7.799202329571105754e+22
1.005050505050505194e+00 8.163048143466368126e+22
1.015151515151515138e+00 8.351396786362331536e+22
1.025252525252525304e+00 8.656500348877949580e+22
1.035353535353535470e+00 8.444491594979632533e+22
1.045454545454545414e+00 8.106753148124236926e+22
1.055555555555555580e+00 7.529786641582659731e+22
1.065656565656565746e+00 6.525234875619645535e+22
1.075757575757575690e+00 5.895447900848453478e+22
1.085858585858585856e+00 4.934002789078778721e+22
1.095959595959596022e+00 3.808327161497597772e+22
1.106060606060605966e+00 2.566598049938725143e+22
1.116161616161616355e+00 1.340743113756417353e+22
1.126262626262626299e+00 7.163920963254521692e+21
1.136363636363636465e+00 1.704353164211186880e+22
1.146464646464646631e+00 2.958110827424812682e+22
1.156565656565656575e+00 4.086701860224771922e+22
1.166666666666666741e+00 5.273826402561646867e+22
1.176767676767676907e+00 6.324379286198511521e+22
1.186868686868686851e+00 6.774631612904466966e+22
1.196969696969697017e+00 7.202002500983641132e+22
1.207070707070707183e+00 6.975203025189113902e+22
1.217171717171717127e+00 6.819050165669259431e+22
1.227272727272727293e+00 6.212326124589831684e+22
1.237373737373737459e+00 5.072004791020441882e+22
1.247474747474747403e+00 4.349800799375868088e+22
1.257575757575757791e+00 3.446628213544702915e+22
1.267676767676767735e+00 3.104834500404841546e+22
1.277777777777777679e+00 3.568864013910867444e+22
1.287878787878788067e+00 4.103550276790727685e+22
1.297979797979798011e+00 4.561526276857623531e+22
1.308080808080808177e+00 4.720583958137131971e+22
1.318181818181818343e+00 4.757828727055485973e+22
1.328282828282828287e+00 4.169571245888128208e+22
1.338383838383838453e+00 3.396258379052321708e+22
1.348484848484848619e+00 2.519294491252639138e+22
1.358585858585858563e+00 1.849950261744429013e+22
1.368686868686868729e+00 2.174265617320456172e+22
1.378787878787878896e+00 3.241160938105141513e+22
1.388888888888888840e+00 4.223320806720869604e+22
1.398989898989899228e+00 4.986746245754765548e+22
1.409090909090909172e+00 5.246857947273026863e+22
1.419191919191919116e+00 5.381334981786347137e+22
1.429292929292929504e+00 4.902183506631517956e+22
1.439393939393939448e+00 4.095884249505017627e+22
1.449494949494949614e+00 2.967224086450778250e+22
1.459595959595959780e+00 1.907714894234961891e+22
1.469696969696969724e+00 2.140958570736293564e+22
1.479797979797979890e+00 3.462928992395970426e+22
1.489898989898990056e+00 5.156481961750769435e+22
1.500000000000000000e+00 6.644229885693954254e+22
