5.000000000000000000e-01 5.003745079040527344e+00
5.101010101010100550e-01 4.737011909484863281e+00
5.202020202020202211e-01 4.255347251892089844e+00
5.303030303030302761e-01 3.709957122802734375e+00
5.404040404040404422e-01 2.934440374374389648e+00
5.505050505050504972e-01 2.356801986694335938e+00
5.606060606060605522e-01 1.751038670539855957e+00
5.707070707070707183e-01 1.388672471046447754e+00
5.808080808080807733e-01 1.249269962310791016e+00
5.909090909090909394e-01 1.387882351875305176e+00
6.010101010101009944e-01 1.545608758926391602e+00
6.111111111111111605e-01 1.843800187110900879e+00
6.212121212121212155e-01 2.018500328063964844e+00
6.313131313131312705e-01 2.179771661758422852e+00
6.414141414141414366e-01 2.251554489135742188e+00
6.515151515151514916e-01 2.334612131118774414e+00
6.616161616161616577e-01 2.241033792495727539e+00
6.717171717171717127e-01 2.060442686080932617e+00
6.818181818181818787e-01 1.944027543067932129e+00
6.919191919191919338e-01 1.764817237854003906e+00
7.020202020202019888e-01 1.623819828033447266e+00
7.121212121212121549e-01 1.641365528106689453e+00
7.222222222222222099e-01 1.816850781440734863e+00
7.323232323232323759e-01 1.950737833976745605e+00
7.424242424242424310e-01 2.408018112182617188e+00
7.525252525252525970e-01 3.580597639083862305e+00
7.626262626262626521e-01 5.450961589813232422e+00
7.727272727272727071e-01 8.103014945983886719e+00
7.828282828282828731e-01 1.134488105773925781e+01
7.929292929292929282e-01 1.503967857360839844e+01
8.030303030303029832e-01 1.949601936340332031e+01
8.131313131313131493e-01 2.343897628784179688e+01
8.232323232323233153e-01 2.769015312194824219e+01
8.333333333333333703e-01 3.037540817260742188e+01
8.434343434343434254e-01 3.100636482238769531e+01
8.535353535353535914e-01 2.952135848999023438e+01
8.636363636363636465e-01 2.568683052062988281e+01
8.737373737373737015e-01 2.111941909790039062e+01
8.838383838383838675e-01 1.540895271301269531e+01
8.939393939393940336e-01 1.163517093658447266e+01
9.040404040404040886e-01 1.078716945648193359e+01
9.141414141414141437e-01 1.193883991241455078e+01
9.242424242424243097e-01 1.324023628234863281e+01
9.343434343434343647e-01 1.300010871887207031e+01
9.444444444444444198e-01 1.134069824218750000e+01
9.545454545454545858e-01 9.711640357971191406e+00
9.646464646464647519e-01 8.046474456787109375e+00
9.747474747474748069e-01 6.602927207946777344e+00
9.848484848484848619e-01 5.373136043548583984e+00
9.949494949494950280e-01 4.532265186309814453e+00
1.005050505050505194e+00 3.881629705429077148e+00
1.015151515151515138e+00 3.161382675170898438e+00
1.025252525252525304e+00 2.368042230606079102e+00
1.035353535353535470e+00 1.506007671356201172e+00
1.045454545454545414e+00 6.203667521476745605e-01
1.055555555555555580e+00 2.378688156604766846e-01
1.065656565656565746e+00 1.054436087608337402e+00
1.075757575757575690e+00 1.752961993217468262e+00
1.085858585858585856e+00 2.318167209625244141e+00
1.095959595959596022e+00 2.915183305740356445e+00
1.106060606060605966e+00 3.307599306106567383e+00
1.116161616161616355e+00 3.522720575332641602e+00
1.126262626262626299e+00 3.783889770507812500e+00
1.136363636363636465e+00 4.035521030426025391e+00
1.146464646464646631e+00 4.280981063842773438e+00
1.156565656565656575e+00 4.432697296142578125e+00
1.166666666666666741e+00 4.777177333831787109e+00
1.176767676767676907e+00 4.927542686462402344e+00
1.186868686868686851e+00 5.010282993316650391e+00
1.196969696969697017e+00 4.974114418029785156e+00
1.207070707070707183e+00 4.959746360778808594e+00
1.217171717171717127e+00 4.607983589172363281e+00
1.227272727272727293e+00 3.946808099746704102e+00
1.237373737373737459e+00 3.367819070816040039e+00
1.247474747474747403e+00 2.546504974365234375e+00
1.257575757575757791e+00 1.722632527351379395e+00
1.267676767676767735e+00 9.501733183860778809e-01
1.277777777777777679e+00 6.705631017684936523e-01
1.287878787878788067e+00 1.061705946922302246e+00
1.297979797979798011e+00 1.507796883583068848e+00
1.308080808080808177e+00 1.832700729370117188e+00
1.318181818181818343e+00 1.962797045707702637e+00
1.328282828282828287e+00 1.872827887535095215e+00
1.338383838383838453e+00 1.680112600326538086e+00
1.348484848484848619e+00 1.333256244659423828e+00
1.358585858585858563e+00 1.042162895202636719e+00
1.368686868686868729e+00 9.928859472274780273e-01
1.378787878787878896e+00 1.289457798004150391e+00
1.388888888888888840e+00 1.722282171249389648e+00
1.398989898989899228e+00 2.206443786621093750e+00
1.409090909090909172e+00 2.612770795822143555e+00
1.419191919191919116e+00 3.034105539321899414e+00
1.429292929292929504e+00 3.225377559661865234e+00
1.439393939393939448e+00 3.399975538253784180e+00
1.449494949494949614e+00 3.328038930892944336e+00
1.459595959595959780e+00 3.328403472900390625e+00
1.469696969696969724e+00 3.169966459274291992e+00
1.479797979797979890e+00 2.835103273391723633e+00
1.489898989898990056e+00 2.549806118011474609e+00
1.500000000000000000e+00 2.274289131164550781e+00
