7.600000000000000089e-01 -4.358178989734285727e-07
7.648484848484848886e-01 7.980224864853024847e-08
7.696969696969696573e-01 4.243729584735901672e-07
7.745454545454545370e-01 -1.009985114693133695e-06
7.793939393939394167e-01 -2.737788645604816572e-08
7.842424242424242964e-01 -8.472427904520166299e-06
7.890909090909090651e-01 9.880125784454941399e-06
7.939393939393939448e-01 2.028414333821139124e-05
7.987878787878788245e-01 -2.910858794765936589e-05
8.036363636363637042e-01 2.828214418578223186e-05
8.084848484848484729e-01 8.623520463897494837e-06
8.133333333333333526e-01 -4.193291622132299729e-05
8.181818181818182323e-01 -8.816957923555122917e-06
8.230303030303030010e-01 5.382800356843719744e-06
8.278787878787878807e-01 2.361612481985983020e-05
8.327272727272727604e-01 4.315435155593030247e-05
8.375757575757576401e-01 9.604610482508694645e-05
8.424242424242424088e-01 -1.632289919997674014e-05
8.472727272727272885e-01 -3.918836959496704262e-05
8.521212121212121682e-01 5.046476845075096560e-05
8.569696969696969369e-01 5.437226778928811344e-05
8.618181818181818166e-01 7.845337684091677752e-06
8.666666666666666963e-01 7.888623708026285485e-05
8.715151515151515760e-01 1.885481453867149669e-05
8.763636363636363447e-01 1.797688384052683783e-04
8.812121212121212244e-01 8.641644364804760051e-05
8.860606060606061041e-01 1.425622570910613522e-04
8.909090909090908728e-01 3.781243276615425114e-04
8.957575757575757525e-01 2.210675910682199843e-03
9.006060606060606322e-01 1.033900713461659814e-02
9.054545454545455119e-01 3.974885873789500701e-02
9.103030303030302806e-01 1.209469841086498881e-01
9.151515151515151603e-01 2.904446793429718565e-01
9.200000000000000400e-01 5.509426072273134745e-01
9.248484848484848087e-01 8.311471914255296189e-01
9.296969696969696884e-01 9.894384027430356277e-01
9.345454545454545681e-01 9.340314857199867316e-01
9.393939393939394478e-01 6.962879224043161397e-01
9.442424242424242165e-01 4.132151166244935059e-01
9.490909090909090962e-01 2.034719362733055092e-01
9.539393939393939759e-01 1.158952774018165849e-01
9.587878787878787445e-01 1.619614804227060834e-01
9.636363636363636243e-01 3.630228269018773712e-01
9.684848484848485040e-01 7.639900475300097638e-01
9.733333333333333837e-01 1.351137517188450987e+00
9.781818181818181523e-01 2.019403824369278677e+00
9.830303030303030321e-01 2.617995943445684759e+00
9.878787878787879118e-01 3.037668938323842660e+00
9.927272727272726804e-01 3.279482541783406369e+00
9.975757575757575601e-01 3.307762793969421633e+00
1.002424242424242440e+00 3.069438287060368697e+00
1.007272727272727320e+00 2.594685998650825720e+00
1.012121212121212199e+00 2.063889563174198472e+00
1.016969696969697079e+00 1.745306115344995135e+00
1.021818181818181959e+00 1.754981910324143968e+00
1.026666666666666616e+00 1.931728609771380167e+00
1.031515151515151496e+00 1.982939607609126575e+00
1.036363636363636376e+00 1.743198875834106598e+00
1.041212121212121255e+00 1.313012641953209325e+00
1.046060606060606135e+00 9.443581394291130637e-01
1.050909090909090793e+00 8.147264513555816379e-01
1.055757575757575673e+00 8.959500190993663349e-01
1.060606060606060552e+00 1.008821292890411669e+00
1.065454545454545432e+00 9.718570963596540047e-01
1.070303030303030312e+00 7.579397046795949278e-01
1.075151515151515191e+00 4.697722050126438842e-01
1.080000000000000071e+00 2.306724790781616019e-01
1.084848484848484951e+00 9.092477891168392057e-02
1.089696969696969830e+00 2.883918014217765405e-02
1.094545454545454488e+00 7.684985526621369856e-03
1.099393939393939368e+00 1.798584856160263552e-03
1.104242424242424248e+00 4.159946547665301000e-04
1.109090909090909127e+00 1.749443726346062338e-04
1.113939393939394007e+00 2.323557890075606284e-04
1.118787878787878665e+00 1.317355897590120103e-04
1.123636363636363544e+00 2.492162512396509848e-05
1.128484848484848424e+00 2.682627533136695418e-04
1.133333333333333304e+00 2.028473939334973991e-04
1.138181818181818183e+00 1.353819188848525226e-04
1.143030303030303063e+00 6.556770627847651703e-05
1.147878787878787943e+00 -1.036438769970436273e-05
1.152727272727272823e+00 3.697307659049546780e-05
1.157575757575757702e+00 2.105735120389245574e-04
1.162424242424242360e+00 -4.794372891629557302e-05
1.167272727272727240e+00 6.079651847420957506e-05
1.172121212121212119e+00 7.563736496816675305e-05
1.176969696969696999e+00 1.177293397368780315e-04
1.181818181818181879e+00 -2.846250656588440300e-05
1.186666666666666536e+00 2.029921649445672047e-05
1.191515151515151416e+00 -1.263593463666179137e-05
1.196363636363636296e+00 -1.159786232562036183e-05
1.201212121212121176e+00 1.872589927870935437e-04
1.206060606060606055e+00 1.697111857293284710e-04
1.210909090909090935e+00 -3.491398486558233965e-05
1.215757575757575815e+00 -9.212476598042287608e-06
1.220606060606060694e+00 2.503441711910354758e-05
1.225454545454545574e+00 7.054983644151528018e-06
1.230303030303030232e+00 -6.963537449104147057e-06
1.235151515151515111e+00 -8.803882427956559383e-07
1.239999999999999991e+00 1.019741784566714710e-06
