7.800000000000000266e-01 1.054161145970776661e-07
7.844444444444444997e-01 -1.386101625226782771e-07
7.888888888888888618e-01 5.979425464218117308e-08
7.933333333333333348e-01 1.039266884562276498e-07
7.977777777777778079e-01 -2.348780897202713160e-07
8.022222222222222809e-01 1.945284120124393593e-07
8.066666666666666430e-01 4.564872585376960776e-08
8.111111111111111160e-01 -3.240590585577035677e-07
8.155555555555555891e-01 3.795431596638470842e-07
8.200000000000000622e-01 -7.818528873873739685e-08
8.244444444444444242e-01 -3.977436422488955391e-07
8.288888888888888973e-01 6.052916285463866149e-07
8.333333333333333703e-01 -2.644471316135993864e-07
8.377777777777778434e-01 -4.554790656116630278e-07
8.422222222222222054e-01 8.930637231752567118e-07
8.466666666666666785e-01 -5.061223064485037692e-07
8.511111111111111516e-01 -5.136455333635228695e-07
8.555555555555556246e-01 1.244073771080259247e-06
8.599999999999999867e-01 -7.858401709254028533e-07
8.644444444444444597e-01 -6.056668261338696634e-07
8.688888888888889328e-01 1.662586932251747299e-06
8.733333333333332948e-01 -1.109419406977293280e-06
8.777777777777777679e-01 -7.841437831513019392e-07
8.822222222222222410e-01 2.219551948211981078e-06
8.866666666666667140e-01 -1.453532783874334464e-06
8.911111111111110761e-01 -1.085083257965041718e-06
8.955555555555555491e-01 2.902609413201507561e-06
9.000000000000000222e-01 -1.780627210014167865e-06
9.044444444444443842e-01 -1.525166189512422201e-06
9.088888888888888573e-01 3.845430570306487219e-06
9.133333333333333304e-01 -2.448607670964546300e-06
9.177777777777778034e-01 6.846757242093220993e-06
9.222222222222222765e-01 3.603649738971132578e-05
9.266666666666666385e-01 2.263147855128100458e-04
9.311111111111111116e-01 9.340760298806183174e-04
9.355555555555555847e-01 4.647140171103218524e-03
9.399999999999999467e-01 1.922970491844946603e-02
9.444444444444444198e-01 6.602712961296651473e-02
9.488888888888888928e-01 1.894195548414275287e-01
9.533333333333333659e-01 4.575840252784237894e-01
9.577777777777778390e-01 9.457117470451262831e-01
9.622222222222222010e-01 1.672589598593261284e+00
9.666666666666666741e-01 2.558538635647930715e+00
9.711111111111110361e-01 3.439926369554411334e+00
9.755555555555555092e-01 4.105443545192698274e+00
9.799999999999999822e-01 4.431452591963322973e+00
9.844444444444444553e-01 4.424095053091796181e+00
9.888888888888889284e-01 4.176501118179896110e+00
9.933333333333332904e-01 3.763999327487530966e+00
9.977777777777777635e-01 3.197676054738112672e+00
1.002222222222222126e+00 2.491016051320862790e+00
1.006666666666666599e+00 1.722644644438380723e+00
1.011111111111111072e+00 1.057293588189019529e+00
1.015555555555555545e+00 6.355754462539237037e-01
1.020000000000000018e+00 5.089220449122278112e-01
1.024444444444444491e+00 6.595668935795651056e-01
1.028888888888888964e+00 1.002838149406278134e+00
1.033333333333333215e+00 1.407661386487657040e+00
1.037777777777777688e+00 1.709014899360096873e+00
1.042222222222222161e+00 1.780439347476181933e+00
1.046666666666666634e+00 1.593335370747109847e+00
1.051111111111111107e+00 1.217789852536062867e+00
1.055555555555555580e+00 7.907450133550745219e-01
1.060000000000000053e+00 4.340184025669052703e-01
1.064444444444444304e+00 1.996254899317072007e-01
1.068888888888888777e+00 7.664774211493047273e-02
1.073333333333333250e+00 2.447656699712767725e-02
1.077777777777777724e+00 6.436391072561448677e-03
1.082222222222222197e+00 1.403407943837928348e-03
1.086666666666666670e+00 2.512833373763911872e-04
1.091111111111111143e+00 3.465031480596681221e-05
1.095555555555555394e+00 6.845844932183785503e-06
1.100000000000000089e+00 3.901048318164119987e-07
1.104444444444444340e+00 -1.764271610061113558e-06
1.108888888888888813e+00 1.602271798933374269e-06
1.113333333333333286e+00 5.146345289168900149e-08
1.117777777777777759e+00 -1.297290790188885911e-06
1.122222222222222232e+00 1.089191084329467801e-06
1.126666666666666705e+00 7.144025762882838175e-08
1.131111111111111178e+00 -9.391905726629801439e-07
1.135555555555555429e+00 7.655601782308629505e-07
1.139999999999999902e+00 2.659400443395223822e-08
1.144444444444444375e+00 -6.311736137919353434e-07
1.148888888888888848e+00 5.499730331555240748e-07
1.153333333333333321e+00 -1.240818041407793633e-08
1.157777777777777795e+00 -4.087660269677508759e-07
1.162222222222222268e+00 3.974077433128104072e-07
1.166666666666666519e+00 -6.455694311937042626e-08
1.171111111111110992e+00 -2.360156122253222876e-07
1.175555555555555465e+00 2.789312165816082257e-07
1.179999999999999938e+00 -9.614883358261554489e-08
1.184444444444444411e+00 -1.131315245616127985e-07
1.188888888888888884e+00 1.822398136181796592e-07
1.193333333333333357e+00 -1.021843685545722387e-07
1.197777777777777608e+00 -2.805148638243340063e-08
1.202222222222222303e+00 1.016496501230064170e-07
1.206666666666666554e+00 -8.478908287743180706e-08
1.211111111111111027e+00 1.634808028605801570e-08
1.215555555555555500e+00 3.895277035752596736e-08
1.219999999999999973e+00 -5.358625441441551070e-08
