7.700000000000000178e-01 -1.665736287586967551e-08
7.746464646464646941e-01 -1.376673554458168148e-07
7.792929292929292595e-01 2.504460753728808694e-07
7.839393939393939359e-01 -1.976474727315919001e-07
7.885858585858586123e-01 -5.095798923406545024e-08
7.932323232323232887e-01 3.612016527879869048e-07
7.978787878787878540e-01 -4.700638181091612069e-07
8.025252525252525304e-01 1.882557690873762636e-07
8.071717171717172068e-01 3.731337419786503510e-07
8.118181818181818832e-01 -7.898509034848585354e-07
8.164646464646464485e-01 5.953405853690973469e-07
8.211111111111111249e-01 2.417024054901794384e-07
8.257575757575758013e-01 -1.113891755963080793e-06
8.304040404040403667e-01 1.158145413043599183e-06
8.350505050505050431e-01 -4.801500122990520349e-08
8.396969696969697194e-01 -1.433918491349263868e-06
8.443434343434343958e-01 1.889389460722736109e-06
8.489898989898989612e-01 -5.087072405771827565e-07
8.536363636363636376e-01 -1.772322262207614582e-06
8.582828282828283140e-01 2.799716645887722066e-06
8.629292929292928793e-01 -1.110211055065547170e-06
8.675757575757575557e-01 -2.176852555803635444e-06
8.722222222222222321e-01 3.938283768844523653e-06
8.768686868686869085e-01 -1.838958856633039526e-06
8.815151515151515849e-01 -2.749226899527251470e-06
8.861616161616161502e-01 5.344215688771602713e-06
8.908080808080808266e-01 -2.667989105303653992e-06
8.954545454545455030e-01 -3.534927771188724735e-06
9.001010101010100684e-01 7.099905323264580404e-06
9.047474747474747447e-01 -3.151537026518706540e-06
9.093939393939394211e-01 -1.054402005810125200e-08
9.140404040404039865e-01 5.341863223235947196e-05
9.186868686868686629e-01 3.400398329080555021e-04
9.233333333333333393e-01 2.162270593454771860e-03
9.279797979797980156e-01 1.108784901487061894e-02
9.326262626262626920e-01 4.591104913748619148e-02
9.372727272727272574e-01 1.548523880789135776e-01
9.419191919191919338e-01 4.262601566175510115e-01
9.465656565656566102e-01 9.617150953051636364e-01
9.512121212121211755e-01 1.790589417799637317e+00
9.558585858585858519e-01 2.780818102169650974e+00
9.605050505050505283e-01 3.665974528088792539e+00
9.651515151515150936e-01 4.213233443212940799e+00
9.697979797979797700e-01 4.380687779858629227e+00
9.744444444444444464e-01 4.290715452965058851e+00
9.790909090909091228e-01 4.088843659723150559e+00
9.837373737373737992e-01 3.877468595910011473e+00
9.883838383838383645e-01 3.762784803595259131e+00
9.930303030303030409e-01 3.855719212204460788e+00
9.976767676767677173e-01 4.185015376943842291e+00
1.002323232323232283e+00 4.639246327686998406e+00
1.006969696969696848e+00 5.037020486305827660e+00
1.011616161616161635e+00 5.293443779923206804e+00
1.016262626262626201e+00 5.437950287512161474e+00
1.020909090909090988e+00 5.532567864685763226e+00
1.025555555555555554e+00 5.565309556384808509e+00
1.030202020202020119e+00 5.487995254759658437e+00
1.034848484848484906e+00 5.264019877822716964e+00
1.039494949494949472e+00 4.899668381668998762e+00
1.044141414141414259e+00 4.432285348812212256e+00
1.048787878787878824e+00 3.919141692115136522e+00
1.053434343434343390e+00 3.431238659216218512e+00
1.058080808080807955e+00 3.014992099456775154e+00
1.062727272727272743e+00 2.637476700883594649e+00
1.067373737373737308e+00 2.214104553544776088e+00
1.072020202020202095e+00 1.699128215476609194e+00
1.076666666666666661e+00 1.143400734701952581e+00
1.081313131313131226e+00 6.554516200964424222e-01
1.085959595959596014e+00 3.142738198651674475e-01
1.090606060606060579e+00 1.244976272114040328e-01
1.095252525252525366e+00 4.045506801139026748e-02
1.099898989898989932e+00 1.071933676705067763e-02
1.104545454545454497e+00 2.300228500041166108e-03
1.109191919191919062e+00 4.076760423916912226e-04
1.113838383838383850e+00 5.885477502317624035e-05
1.118484848484848415e+00 5.968720918786190559e-07
1.123131313131313203e+00 3.951206287375975909e-06
1.127777777777777768e+00 2.160050674019562523e-06
1.132424242424242333e+00 -4.704083892922648429e-06
1.137070707070707121e+00 2.347124988157180891e-06
1.141717171717171686e+00 1.895924997174823862e-06
1.146363636363636473e+00 -3.705743720271926941e-06
1.151010101010101039e+00 1.781537501075331925e-06
1.155656565656565604e+00 1.463157867100997217e-06
1.160303030303030170e+00 -2.854003872452122235e-06
1.164949494949494957e+00 1.464477569694874666e-06
1.169595959595959522e+00 9.776994169202832703e-07
1.174242424242424310e+00 -2.146229791532178153e-06
1.178888888888888875e+00 1.286441202186389431e-06
1.183535353535353440e+00 4.892593174787832945e-07
1.188181818181818228e+00 -1.513367430669614696e-06
1.192828282828282793e+00 1.122704832813292680e-06
1.197474747474747581e+00 7.799107786933663642e-08
1.202121212121212146e+00 -9.620127085430091049e-07
1.206767676767676711e+00 9.246437117974192249e-07
1.211414141414141277e+00 -2.127821727213049561e-07
1.216060606060606064e+00 -4.910883747542471748e-07
1.220707070707070629e+00 6.728707385310066418e-07
1.225353535353535417e+00 -3.525195914672559131e-07
1.229999999999999982e+00 -1.241795304195580570e-07
