7.600000000000000089e-01 3.927598378517848134e-06
7.648484848484848886e-01 -5.787124261969986192e-07
7.696969696969696573e-01 -4.477357551605753464e-06
7.745454545454545370e-01 7.362149558826663270e-06
7.793939393939394167e-01 -4.729533791280151555e-06
7.842424242424242964e-01 -3.113427576557803590e-06
7.890909090909090651e-01 1.058458978304497507e-05
7.939393939393939448e-01 -1.035179958862420857e-05
7.987878787878788245e-01 4.104708837993712197e-07
8.036363636363637042e-01 1.275541339829603419e-05
8.084848484848484729e-01 -1.709150032857711837e-05
8.133333333333333526e-01 5.708876017963357909e-06
8.181818181818182323e-01 1.427434386375263816e-05
8.230303030303030010e-01 -2.459654354783499279e-05
8.278787878787878807e-01 1.239545532352592528e-05
8.327272727272727604e-01 1.554148728707268763e-05
8.375757575757576401e-01 -3.342051267053041292e-05
8.424242424242424088e-01 2.008700480964243986e-05
8.472727272727272885e-01 1.788721834436738707e-05
8.521212121212121682e-01 -4.418719258268962520e-05
8.569696969696969369e-01 2.806784492882363402e-05
8.618181818181818166e-01 2.155045372625879633e-05
8.666666666666666963e-01 -5.776368389853141618e-05
8.715151515151515760e-01 3.764502519221464354e-05
8.763636363636363447e-01 3.457114505983877284e-05
8.812121212121212244e-01 -1.217800311462627603e-05
8.860606060606061041e-01 5.206467873518749300e-04
8.909090909090908728e-01 2.848572370393575356e-03
8.957575757575757525e-01 1.429772720865059125e-02
9.006060606060606322e-01 5.546478969633521910e-02
9.054545454545455119e-01 1.747275117601803651e-01
9.103030303030302806e-01 4.287138135255109672e-01
9.151515151515151603e-01 8.719997401133381398e-01
9.200000000000000400e-01 1.411389260571502158e+00
9.248484848484848087e-01 1.856344911167142175e+00
9.296969696969696884e-01 2.026425391656001551e+00
9.345454545454545681e-01 1.904662139571380086e+00
9.393939393939394478e-01 1.651657456706016047e+00
9.442424242424242165e-01 1.442134213248173813e+00
9.490909090909090962e-01 1.246671230363364469e+00
9.539393939393939759e-01 1.030228026614917525e+00
9.587878787878787445e-01 8.019419693478906375e-01
9.636363636363636243e-01 6.430674726543245123e-01
9.684848484848485040e-01 7.420675146002393419e-01
9.733333333333333837e-01 1.236529985867345527e+00
9.781818181818181523e-01 2.186094073286399819e+00
9.830303030303030321e-01 3.998382688728974621e+00
9.878787878787879118e-01 6.650706942981354786e+00
9.927272727272726804e-01 9.514286323354809838e+00
9.975757575757575601e-01 1.147658632203487450e+01
1.002424242424242440e+00 1.159720399727612339e+01
1.007272727272727320e+00 9.934892432469348833e+00
1.012121212121212199e+00 7.557460885115590443e+00
1.016969696969697079e+00 5.469008076758367309e+00
1.021818181818181959e+00 3.910368982600912702e+00
1.026666666666666616e+00 2.981961653613350194e+00
1.031515151515151496e+00 2.410885944030525252e+00
1.036363636363636376e+00 2.093238576459627520e+00
1.041212121212121255e+00 1.937204504742970013e+00
1.046060606060606135e+00 1.910678179966918133e+00
1.050909090909090793e+00 1.886000978896255509e+00
1.055757575757575673e+00 1.742944913484325786e+00
1.060606060606060552e+00 1.491420912520678987e+00
1.065454545454545432e+00 1.079007384953814874e+00
1.070303030303030312e+00 6.767042639071614296e-01
1.075151515151515191e+00 3.329505528441647488e-01
1.080000000000000071e+00 1.366354001236294857e-01
1.084848484848484951e+00 4.475566248476366138e-02
1.089696969696969830e+00 1.189211263860990263e-02
1.094545454545454488e+00 2.571232004800133933e-03
1.099393939393939368e+00 3.615618015478300521e-04
1.104242424242424248e+00 6.427731307190338099e-06
1.109090909090909127e+00 8.667767693163820934e-05
1.113939393939394007e+00 -3.337068212011342537e-05
1.118787878787878665e+00 -3.871837366141511413e-05
1.123636363636363544e+00 6.438498695814643389e-05
1.128484848484848424e+00 -2.583064198480820105e-05
1.133333333333333304e+00 -3.050168309025870248e-05
1.138181818181818183e+00 5.063486356941965125e-05
1.143030303030303063e+00 -2.106523404272357192e-05
1.147878787878787943e+00 -2.237009185452234130e-05
1.152727272727272823e+00 3.867869330616693029e-05
1.157575757575757702e+00 -1.818863269808962163e-05
1.162424242424242360e+00 -1.434876815639281222e-05
1.167272727272727240e+00 2.892672065365385164e-05
1.172121212121212119e+00 -1.635197662786954826e-05
1.176969696969696999e+00 -7.200239258435951772e-06
1.181818181818181879e+00 2.051407209291124462e-05
1.186666666666666536e+00 -1.471606696080593831e-05
1.191515151515151416e+00 -1.480672079628702060e-06
1.196363636363636296e+00 1.309717416179944528e-05
1.201212121212121176e+00 -1.234041580648887903e-05
1.206060606060606055e+00 2.633074860345133851e-06
1.210909090909090935e+00 6.724011984719686387e-06
1.215757575757575815e+00 -9.170177905667401498e-06
1.220606060606060694e+00 4.655506122185455869e-06
1.225454545454545574e+00 1.840210027677064594e-06
1.230303030303030232e+00 -5.498791773743333555e-06
1.235151515151515111e+00 4.692789537491220496e-06
1.239999999999999991e+00 -1.193567990682822297e-06
