8.000000000000000444e-01 2.924133281942892622e-09
8.040404040404041108e-01 -2.245596331285736218e-09
8.080808080808081773e-01 -8.423932578127191543e-10
8.121212121212121327e-01 4.674116174702190584e-09
8.161616161616161991e-01 -5.626180227564437922e-09
8.202020202020202655e-01 1.909410919295834265e-09
8.242424242424243319e-01 5.993602694095846689e-09
8.282828282828282873e-01 -1.070417320068568315e-08
8.323232323232323537e-01 7.542453495110632618e-09
8.363636363636364202e-01 5.834541662487575239e-09
8.404040404040404866e-01 -1.838280482547232937e-08
8.444444444444444420e-01 1.623687522122678958e-08
8.484848484848485084e-01 3.174853356842324170e-09
8.525252525252525748e-01 -2.567819589177269747e-08
8.565656565656566412e-01 2.817026896501465061e-08
8.606060606060605966e-01 -1.457687063597003674e-09
8.646464646464646631e-01 -3.687289429990943341e-08
8.686868686868687295e-01 4.895031834490838865e-08
8.727272727272727959e-01 -1.152061046723148916e-08
8.767676767676767513e-01 -4.800421761480723520e-08
8.808080808080808177e-01 7.640100662154466928e-08
8.848484848484848841e-01 -2.555623126708087510e-08
8.888888888888889506e-01 -5.606570348707784769e-08
8.929292929292929060e-01 1.983970429723796553e-07
8.969696969696969724e-01 7.400627701839742463e-07
9.010101010101010388e-01 6.130574964959632886e-06
9.050505050505051052e-01 4.168223607238526451e-05
9.090909090909091717e-01 2.357869239487985554e-04
9.131313131313131271e-01 1.140883426887329393e-03
9.171717171717171935e-01 4.695909729939324109e-03
9.212121212121212599e-01 1.648195264249271291e-02
9.252525252525252153e-01 4.940941002412093525e-02
9.292929292929292817e-01 1.267615775896521191e-01
9.333333333333333481e-01 2.799134405923797142e-01
9.373737373737374146e-01 5.340403460734244323e-01
9.414141414141414810e-01 8.887580791612844644e-01
9.454545454545454364e-01 1.303174680307833899e+00
9.494949494949495028e-01 1.709709640230929528e+00
9.535353535353535692e-01 2.044335356696401540e+00
9.575757575757575246e-01 2.276705426227846996e+00
9.616161616161615910e-01 2.414162774765366670e+00
9.656565656565656575e-01 2.484900247700458920e+00
9.696969696969697239e-01 2.519718008637727991e+00
9.737373737373737903e-01 2.542164553936474114e+00
9.777777777777777457e-01 2.558094169020332931e+00
9.818181818181818121e-01 2.549829991244521477e+00
9.858585858585858785e-01 2.523470141232408981e+00
9.898989898989898339e-01 2.480715663910284086e+00
9.939393939393939004e-01 2.431002632316547896e+00
9.979797979797979668e-01 2.398680695764201509e+00
1.002020202020202033e+00 2.398910075828033506e+00
1.006060606060606100e+00 2.427871362574091751e+00
1.010101010101010166e+00 2.481574818023331908e+00
1.014141414141414232e+00 2.517302085366317055e+00
1.018181818181818077e+00 2.550144660360506244e+00
1.022222222222222143e+00 2.548972768623051000e+00
1.026262626262626210e+00 2.542011197658692545e+00
1.030303030303030276e+00 2.522350503412068790e+00
1.034343434343434343e+00 2.486441913207308119e+00
1.038383838383838409e+00 2.414761783506646609e+00
1.042424242424242475e+00 2.276821436025084466e+00
1.046464646464646542e+00 2.045054392387358089e+00
1.050505050505050608e+00 1.710505752414940295e+00
1.054545454545454453e+00 1.302876248926910785e+00
1.058585858585858519e+00 8.892603119125657152e-01
1.062626262626262585e+00 5.342583761553931776e-01
1.066666666666666652e+00 2.799535109783676257e-01
1.070707070707070718e+00 1.268190761541538591e-01
1.074747474747474785e+00 4.942600502283359815e-02
1.078787878787878851e+00 1.649221475775404164e-02
1.082828282828282696e+00 4.697678773524391511e-03
1.086868686868686762e+00 1.141489979882368694e-03
1.090909090909090828e+00 2.363547906655868568e-04
1.094949494949494895e+00 4.175538795251612298e-05
1.098989898989898961e+00 6.139210547859333407e-06
1.103030303030303028e+00 7.377613095518236419e-07
1.107070707070707094e+00 2.043271248239809459e-07
1.111111111111111160e+00 -5.947280799414028323e-08
1.115151515151515227e+00 -2.904281259762584660e-08
1.119191919191919293e+00 7.831186458394168460e-08
1.123232323232323138e+00 -5.160132900060126993e-08
1.127272727272727204e+00 -1.286724259098639642e-08
1.131313131313131271e+00 5.073387462596318038e-08
1.135353535353535337e+00 -3.714780254597348853e-08
1.139393939393939403e+00 -3.207041357433041818e-09
1.143434343434343470e+00 3.056669936172752283e-08
1.147474747474747314e+00 -2.721464517057166855e-08
1.151515151515151381e+00 2.933408184329134382e-09
1.155555555555555447e+00 1.577854258702045588e-08
1.159595959595959513e+00 -1.861266276395756128e-08
1.163636363636363580e+00 5.677781217423422418e-09
1.167676767676767646e+00 7.588226296101713693e-09
1.171717171717171713e+00 -1.150951160171382226e-08
1.175757575757575779e+00 5.869685286038721104e-09
1.179797979797979846e+00 2.117540023936590375e-09
1.183838383838383912e+00 -6.274915832268822328e-09
1.187878787878787978e+00 4.799337044269453586e-09
1.191919191919191823e+00 -6.784778612087206668e-10
1.195959595959595889e+00 -2.366953061488383261e-09
1.199999999999999956e+00 3.073868947895354666e-09
