7.500000000000000000e-01 2.092963609130882351e-07
7.550505050505050830e-01 -4.969386544438589969e-06
7.601010101010100550e-01 7.906414549181784666e-06
7.651515151515151381e-01 -5.820527468373215119e-06
7.702020202020202211e-01 -1.717508077959294926e-06
7.752525252525253041e-01 1.059475425686537360e-05
7.803030303030302761e-01 -1.374800865225202191e-05
7.853535353535353591e-01 6.225880881173674333e-06
7.904040404040404422e-01 9.082556357382194027e-06
7.954545454545454142e-01 -2.111260300296044788e-05
8.005050505050504972e-01 1.779565376531107076e-05
8.055555555555555802e-01 2.741452227281339829e-06
8.106060606060605522e-01 -2.632023254828457927e-05
8.156565656565656353e-01 3.144626839198522145e-05
8.207070707070707183e-01 -7.932578337742226762e-06
8.257575757575758013e-01 -2.919885991931974907e-05
8.308080808080807733e-01 4.660944001207737260e-05
8.358585858585858563e-01 -2.177162482601538901e-05
8.409090909090909394e-01 -3.055076339410186311e-05
8.459595959595960224e-01 6.333335992882277421e-05
8.510101010101009944e-01 -3.797650838277630297e-05
8.560606060606060774e-01 -3.208633054662811157e-05
8.611111111111111605e-01 8.286974055972029973e-05
8.661616161616161325e-01 -5.595207770182837907e-05
8.712121212121212155e-01 -3.607205862854960245e-05
8.762626262626262985e-01 1.069003230766154107e-04
8.813131313131312705e-01 -7.333133611432099321e-05
8.863636363636363535e-01 -3.447414418143166838e-05
8.914141414141414366e-01 2.073406670833150770e-04
8.964646464646464086e-01 2.954500990461029152e-04
9.015151515151514916e-01 1.480905290808970680e-03
9.065656565656565746e-01 5.934685737582851874e-03
9.116161616161616577e-01 1.436312566732888228e-02
9.166666666666667407e-01 2.961321893774606154e-02
9.217171717171717127e-01 3.928679891316623485e-02
9.267676767676767957e-01 5.124437580041277945e-02
9.318181818181818787e-01 4.559226830634591221e-02
9.368686868686868507e-01 2.987526196241215362e-02
9.419191919191919338e-01 1.913119674633656161e-02
9.469696969696970168e-01 1.724085899533189456e-02
9.520202020202019888e-01 3.984034190270463460e-02
9.570707070707070718e-01 9.573236210536628654e-02
9.621212121212121549e-01 1.821717003526024115e-01
9.671717171717171269e-01 2.739431183826032679e-01
9.722222222222222099e-01 3.327630182138779924e-01
9.772727272727272929e-01 3.160093140525940258e-01
9.823232323232323759e-01 2.517547192196210037e-01
9.873737373737374590e-01 2.074985789979083006e-01
9.924242424242424310e-01 3.028011520972630488e-01
9.974747474747475140e-01 7.320284578399532949e-01
1.002525252525252597e+00 1.905188150512383993e+00
1.007575757575757569e+00 4.152804775624757916e+00
1.012626262626262541e+00 7.134939812698458006e+00
1.017676767676767735e+00 9.558186470250335631e+00
1.022727272727272707e+00 9.948671522420996283e+00
1.027777777777777679e+00 8.064742250553379677e+00
1.032828282828282873e+00 5.092469665627048059e+00
1.037878787878787845e+00 2.537731069775355230e+00
1.042929292929292817e+00 1.021105080261258680e+00
1.047979797979798011e+00 3.658068231514523538e-01
1.053030303030302983e+00 1.519283786056911389e-01
1.058080808080808177e+00 1.185559985475395373e-01
1.063131313131313149e+00 1.211030171728867816e-01
1.068181818181818343e+00 1.530781162989882371e-01
1.073232323232323315e+00 1.807192545798062822e-01
1.078282828282828287e+00 2.210162074145542999e-01
1.083333333333333481e+00 2.486460956036574965e-01
1.088383838383838453e+00 2.413081397738433553e-01
1.093434343434343425e+00 1.990447696096658836e-01
1.098484848484848619e+00 1.168250232557812296e-01
1.103535353535353591e+00 6.018918977936876802e-02
1.108585858585858563e+00 2.328958439975496036e-02
1.113636363636363757e+00 6.143117985887432478e-03
1.118686868686868729e+00 1.746704824257494688e-03
1.123737373737373701e+00 3.048875920290163022e-04
1.128787878787878896e+00 -1.388612431492000990e-04
1.133838383838383868e+00 1.308163463473221489e-04
1.138888888888888840e+00 4.141130508405290361e-05
1.143939393939394034e+00 -1.452616655494979908e-04
1.148989898989899006e+00 9.552435618943549262e-05
1.154040404040403978e+00 3.766101067826491030e-05
1.159090909090909172e+00 -1.154899463569641254e-04
1.164141414141414144e+00 7.405241159877352583e-05
1.169191919191919116e+00 2.892540451764131939e-05
1.174242424242424310e+00 -8.947085039609235292e-05
1.179292929292929282e+00 5.962687769089670817e-05
1.184343434343434254e+00 1.826822558065587868e-05
1.189393939393939448e+00 -6.722003705457529302e-05
1.194444444444444420e+00 4.984422292486789552e-05
1.199494949494949614e+00 7.000765776539550992e-06
1.204545454545454586e+00 -4.784475886726694297e-05
1.209595959595959558e+00 4.183918167877203985e-05
1.214646464646464752e+00 -3.024875163899514521e-06
1.219696969696969724e+00 -3.074813002040362099e-05
1.224747474747474918e+00 3.388264539411938499e-05
1.229797979797979890e+00 -1.051449100120974711e-05
1.234848484848484862e+00 -1.586686870142695155e-05
1.239898989898990056e+00 2.500332935963096951e-05
1.244949494949495028e+00 -1.427007863469299256e-05
1.250000000000000000e+00 -3.984917743597749718e-06
