8.000000000000000444e-01 7.557121739261066619e-05
8.040404040404041108e-01 7.019520478911622178e-05
8.080808080808081773e-01 4.239186669311767914e-05
8.121212121212121327e-01 3.888224779201401068e-05
8.161616161616161991e-01 1.799614752630049021e-05
8.202020202020202655e-01 3.512446807351170388e-05
8.242424242424243319e-01 -5.170307831689016833e-06
8.282828282828282873e-01 -6.755090114258603662e-05
8.323232323232323537e-01 1.819342478256931234e-04
8.363636363636364202e-01 1.583195466970477121e-04
8.404040404040404866e-01 1.307457462255229253e-04
8.444444444444444420e-01 3.431512090908305819e-05
8.484848484848485084e-01 8.000921260580860848e-05
8.525252525252525748e-01 8.290461194971488471e-06
8.565656565656566412e-01 1.628593170301804150e-05
8.606060606060605966e-01 5.587212892617200786e-05
8.646464646464646631e-01 -3.243428950548325008e-06
8.686868686868687295e-01 2.514998988211737517e-05
8.727272727272727959e-01 1.905920311241680832e-04
8.767676767676767513e-01 3.381340826777067205e-04
8.808080808080808177e-01 6.356002464602616498e-04
8.848484848484848841e-01 3.839187190622075831e-04
8.888888888888889506e-01 3.216109953663416014e-04
8.929292929292929060e-01 1.035001572193289948e-04
8.969696969696969724e-01 1.495184819738279143e-04
9.010101010101010388e-01 1.488185686774048597e-04
9.050505050505051052e-01 5.041667942431575814e-04
9.090909090909091717e-01 7.086692181241607564e-04
9.131313131313131271e-01 9.529689978875807276e-04
9.171717171717171935e-01 1.157418307224784143e-03
9.212121212121212599e-01 8.940196751898824316e-04
9.252525252525252153e-01 1.061168438840454130e-03
9.292929292929292817e-01 1.135017234560366673e-03
9.333333333333333481e-01 7.262075062604457639e-04
9.373737373737374146e-01 1.026915279318510801e-03
9.414141414141414810e-01 2.217033737735631029e-03
9.454545454545454364e-01 3.898352066741871038e-03
9.494949494949495028e-01 7.674222214065766490e-03
9.535353535353535692e-01 5.914494030630840921e-03
9.575757575757575246e-01 1.032244661646373497e-02
9.616161616161615910e-01 1.631702377538541901e-02
9.656565656565656575e-01 4.070478979962860455e-02
9.696969696969697239e-01 1.120006194766457464e-01
9.737373737373737903e-01 3.256540648682569317e-01
9.777777777777777457e-01 8.191250071690853174e-01
9.818181818181818121e-01 1.788971158153901619e+00
9.858585858585858785e-01 3.359350100586589338e+00
9.898989898989898339e-01 5.387182274550500694e+00
9.939393939393939004e-01 7.385701597567453369e+00
9.979797979797979668e-01 8.644068582141269275e+00
1.002020202020202033e+00 8.651214179486876432e+00
1.006060606060606100e+00 7.384794540075060532e+00
1.010101010101010166e+00 5.382210066529901304e+00
1.014141414141414232e+00 3.347196085578361124e+00
1.018181818181818077e+00 1.790156125630286033e+00
1.022222222222222143e+00 8.130139182429139133e-01
1.026262626262626210e+00 3.226562418061216242e-01
1.030303030303030276e+00 1.134810259466928206e-01
1.034343434343434343e+00 3.818898332281515234e-02
1.038383838383838409e+00 2.105015038853895806e-02
1.042424242424242475e+00 1.502098041012037144e-02
1.046464646464646542e+00 9.044153816490084832e-03
1.050505050505050608e+00 7.638155039658623378e-03
1.054545454545454453e+00 4.595328148108143024e-03
1.058585858585858519e+00 2.583475885382381133e-03
1.062626262626262585e+00 1.464857194279384645e-03
1.066666666666666652e+00 1.078125781165782757e-03
1.070707070707070718e+00 8.213900694932394723e-04
1.074747474747474785e+00 1.022034894417090094e-03
1.078787878787878851e+00 1.735863878676354582e-03
1.082828282828282696e+00 9.123506740058474765e-04
1.086868686868686762e+00 9.819956928724660455e-04
1.090909090909090828e+00 9.219029937143322258e-04
1.094949494949494895e+00 3.587871953120416106e-04
1.098989898989898961e+00 2.491865354823555420e-04
1.103030303030303028e+00 1.937886084854537234e-04
1.107070707070707094e+00 3.045011391683996680e-04
1.111111111111111160e+00 3.214951049306842426e-04
1.115151515151515227e+00 4.835000302333158939e-04
1.119191919191919293e+00 3.531120549953769487e-04
1.123232323232323138e+00 3.820794306797042060e-04
1.127272727272727204e+00 2.931732426753965218e-04
1.131313131313131271e+00 -7.027516291261502583e-05
1.135353535353535337e+00 6.658586109209720344e-05
1.139393939393939403e+00 2.534269418533941206e-05
1.143434343434343470e+00 1.036696600213263839e-04
1.147474747474747314e+00 -3.484726667758703640e-05
1.151515151515151381e+00 9.521887836472765440e-05
1.155555555555555447e+00 1.534465386155528012e-04
1.159595959595959513e+00 -1.188189604183395023e-04
1.163636363636363580e+00 1.011365890256071544e-04
1.167676767676767646e+00 4.821938604599170999e-05
1.171717171717171713e+00 3.451029802465622966e-05
1.175757575757575779e+00 -1.024683479131094027e-05
1.179797979797979846e+00 7.633418000174381759e-06
1.183838383838383912e+00 7.105645818920764973e-05
1.187878787878787978e+00 1.853857508768861893e-05
1.191919191919191823e+00 8.844104705830187847e-05
1.195959595959595889e+00 -5.309065215146779209e-05
1.199999999999999956e+00 6.286559479461810147e-05
