7.900000000000000355e-01 -4.312026025876924879e-08
7.942424242424243053e-01 1.218154096889359886e-08
7.984848484848485750e-01 4.532077846947693267e-08
8.027272727272727337e-01 -8.590891503833820795e-08
8.069696969696970035e-01 6.097725763826933906e-08
8.112121212121212732e-01 3.461065503909991160e-08
8.154545454545454319e-01 -1.350517205512382166e-07
8.196969696969697017e-01 1.394359656228843232e-07
8.239393939393939714e-01 -3.885698355574767013e-09
8.281818181818182412e-01 -1.853179553689866508e-07
8.324242424242425109e-01 2.494412197970086277e-07
8.366666666666666696e-01 -7.469195841609278364e-08
8.409090909090909394e-01 -2.363155525159734809e-07
8.451515151515152091e-01 3.947996251891831985e-07
8.493939393939393678e-01 -1.785591121302056535e-07
8.536363636363636376e-01 -2.949904145363941383e-07
8.578787878787879073e-01 5.835585141051015175e-07
8.621212121212121771e-01 -3.124480046441927838e-07
8.663636363636364468e-01 -3.770662894719860935e-07
8.706060606060606055e-01 8.283414572115103828e-07
8.748484848484848753e-01 -4.681918264692582830e-07
8.790909090909091450e-01 -5.076990841833216326e-07
8.833333333333333037e-01 1.144398577879109268e-06
8.875757575757575735e-01 -6.298425286487500441e-07
8.918181818181818432e-01 -7.209286208309358349e-07
8.960606060606061130e-01 1.545490118224584442e-06
9.003030303030303827e-01 -7.708657458446790860e-07
9.045454545454545414e-01 -1.056880388400302056e-06
9.087878787878788112e-01 2.038339719735572954e-06
9.130303030303030809e-01 -8.533955657784258835e-07
9.172727272727272396e-01 -1.555579570794693285e-06
9.215151515151515094e-01 2.617514553953928177e-06
9.257575757575757791e-01 -8.301974448506552325e-07
9.300000000000000488e-01 -2.215724272824067955e-06
9.342424242424243186e-01 3.625035853600900372e-06
9.384848484848484773e-01 2.881066851641466483e-06
9.427272727272727471e-01 2.604711538147865644e-05
9.469696969696970168e-01 2.058302961543123633e-04
9.512121212121211755e-01 1.175935799656970546e-03
9.554545454545454453e-01 5.775448955345949785e-03
9.596969696969697150e-01 2.399056982254253040e-02
9.639393939393939847e-01 8.423371493674942923e-02
9.681818181818182545e-01 2.508803768169439175e-01
9.724242424242424132e-01 6.356057905287568754e-01
9.766666666666666829e-01 1.374807396687537153e+00
9.809090909090909527e-01 2.551395266598952105e+00
9.851515151515151114e-01 4.088059681985420468e+00
9.893939393939393812e-01 5.698014647791038279e+00
9.936363636363636509e-01 6.964742967183621403e+00
9.978787878787879206e-01 7.518904794278005177e+00
1.002121212121212190e+00 7.199341056606860079e+00
1.006363636363636349e+00 6.112602430811138632e+00
1.010606060606060730e+00 4.580510360145648718e+00
1.014848484848484889e+00 3.005916669644149053e+00
1.019090909090909047e+00 1.712318589347114006e+00
1.023333333333333428e+00 8.397884720315886842e-01
1.027575757575757587e+00 3.521805487584428462e-01
1.031818181818181746e+00 1.256280196178159447e-01
1.036060606060606126e+00 3.798253660334645343e-02
1.040303030303030285e+00 9.703472791675285536e-03
1.044545454545454444e+00 2.084843030678241484e-03
1.048787878787878824e+00 3.824107965345326337e-04
1.053030303030302983e+00 5.972183545917576493e-05
1.057272727272727142e+00 2.997597908460228929e-06
1.061515151515151523e+00 3.086308595401620611e-06
1.065757575757575903e+00 1.904083717873017825e-06
1.070000000000000062e+00 -3.572957890304516241e-06
1.074242424242424221e+00 1.556244406804551875e-06
1.078484848484848602e+00 1.703708632584735287e-06
1.082727272727272760e+00 -2.819369009230853091e-06
1.086969696969696919e+00 1.024595176945326013e-06
1.091212121212121300e+00 1.486378970933631500e-06
1.095454545454545459e+00 -2.174325799129589446e-06
1.099696969696969617e+00 6.751518234781534366e-07
1.103939393939393998e+00 1.218607398306360186e-06
1.108181818181818157e+00 -1.649248153930730918e-06
1.112424242424242316e+00 4.688058223727452249e-07
1.116666666666666696e+00 9.374787268209067837e-07
1.120909090909090855e+00 -1.234400891106071969e-06
1.125151515151515014e+00 3.606423047159317539e-07
1.129393939393939394e+00 6.707198778609670533e-07
1.133636363636363775e+00 -9.104911445976174947e-07
1.137878787878787934e+00 3.090813299811874704e-07
1.142121212121212093e+00 4.357201742681569024e-07
1.146363636363636473e+00 -6.555541598344335069e-07
1.150606060606060632e+00 2.807807400070079151e-07
1.154848484848484791e+00 2.421789833835940428e-07
1.159090909090909172e+00 -4.508150929880113574e-07
1.163333333333333330e+00 2.525547939758906311e-07
1.167575757575757489e+00 9.533203217641904936e-08
1.171818181818181870e+00 -2.844320380556920930e-07
1.176060606060606029e+00 2.119178409815385838e-07
1.180303030303030187e+00 -2.392777228212936204e-09
1.184545454545454568e+00 -1.525110268156604053e-07
1.188787878787878727e+00 1.570531170204711430e-07
1.193030303030302886e+00 -5.216030432312615800e-08
1.197272727272727266e+00 -5.696004066081675870e-08
1.201515151515151647e+00 9.566192340734785727e-08
1.205757575757575806e+00 -6.113214216979635035e-08
1.209999999999999964e+00 -3.263933275848928564e-10
