7.700000000000000178e-01 2.873428275051992387e-05
7.746464646464646941e-01 2.353592572035267949e-05
7.792929292929292595e-01 4.169931344222277403e-05
7.839393939393939359e-01 5.458031228045001626e-05
7.885858585858586123e-01 4.480568168219178915e-05
7.932323232323232887e-01 5.276749652693979442e-05
7.978787878787878540e-01 8.438603981630876660e-05
8.025252525252525304e-01 8.233112021116539836e-05
8.071717171717172068e-01 7.100787479430437088e-05
8.118181818181818832e-01 1.164692730526439846e-04
8.164646464646464485e-01 1.332566462224349380e-04
8.211111111111111249e-01 1.070467187673784792e-04
8.257575757575758013e-01 1.536644122097641230e-04
8.304040404040403667e-01 1.977463107323274016e-04
8.350505050505050431e-01 1.630659244256094098e-04
8.396969696969697194e-01 2.034805947914719582e-04
8.443434343434343958e-01 2.730601700022816658e-04
8.489898989898989612e-01 2.355528122279793024e-04
8.536363636363636376e-01 2.673472627066075802e-04
8.582828282828283140e-01 3.622381482273340225e-04
8.629292929292928793e-01 3.130233671981841326e-04
8.675757575757575557e-01 3.590248234104365110e-04
8.722222222222222321e-01 4.746481135953217745e-04
8.768686868686869085e-01 4.253398219589143991e-04
8.815151515151515849e-01 4.889048868790268898e-04
8.861616161616161502e-01 5.990366917103528976e-04
8.908080808080808266e-01 5.879773525521159172e-04
8.954545454545455030e-01 6.945640197955071926e-04
9.001010101010100684e-01 6.878151325508952141e-04
9.047474747474747447e-01 8.717949385754764080e-04
9.093939393939394211e-01 1.299864961765706539e-03
9.140404040404039865e-01 1.914421445690095425e-04
9.186868686868686629e-01 1.517493394203484058e-03
9.233333333333333393e-01 1.678627566434442997e-03
9.279797979797980156e-01 1.201129285618662834e-03
9.326262626262626920e-01 4.889440722763538361e-03
9.372727272727272574e-01 7.329794112592935562e-03
9.419191919191919338e-01 8.039492182433605194e-03
9.465656565656566102e-01 1.623781770467758179e-02
9.512121212121211755e-01 2.364743314683437347e-02
9.558585858585858519e-01 3.032212331891059875e-02
9.605050505050505283e-01 4.919631034135818481e-02
9.651515151515150936e-01 6.160276010632514954e-02
9.697979797979797700e-01 8.111771941184997559e-02
9.744444444444444464e-01 2.022656947374343872e-01
9.790909090909091228e-01 4.826375544071197510e-01
9.837373737373737992e-01 1.005249857902526855e+00
9.883838383838383645e-01 1.659896135330200195e+00
9.930303030303030409e-01 2.328636169433593750e+00
9.976767676767677173e-01 2.737704515457153320e+00
1.002323232323232283e+00 2.722355365753173828e+00
1.006969696969696848e+00 2.314781904220581055e+00
1.011616161616161635e+00 1.651242017745971680e+00
1.016262626262626201e+00 9.791670441627502441e-01
1.020909090909090988e+00 4.867003858089447021e-01
1.025555555555555554e+00 2.079965770244598389e-01
1.030202020202020119e+00 8.223688602447509766e-02
1.034848484848484906e+00 5.910086631774902344e-02
1.039494949494949472e+00 4.496034234762191772e-02
1.044141414141414259e+00 3.222543001174926758e-02
1.048787878787878824e+00 2.160762809216976166e-02
1.053434343434343390e+00 1.551366038620471954e-02
1.058080808080807955e+00 8.738541975617408752e-03
1.062727272727272743e+00 8.118923753499984741e-03
1.067373737373737308e+00 4.996507428586483002e-03
1.072020202020202095e+00 6.555222789756953716e-04
1.076666666666666661e+00 2.763055497780442238e-03
1.081313131313131226e+00 1.586731872521340847e-03
1.085959595959596014e+00 5.173651734367012978e-04
1.090606060606060579e+00 1.053594518452882767e-03
1.095252525252525366e+00 9.483265457674860954e-04
1.099898989898989932e+00 7.019506883807480335e-04
1.104545454545454497e+00 7.111096056178212166e-04
1.109191919191919062e+00 5.591554217971861362e-04
1.113838383838383850e+00 5.619575968012213707e-04
1.118484848484848415e+00 5.047160666435956955e-04
1.123131313131313203e+00 4.293490783311426640e-04
1.127777777777777768e+00 4.759043804369866848e-04
1.132424242424242333e+00 3.608272818382829428e-04
1.137070707070707121e+00 3.280568635091185570e-04
1.141717171717171686e+00 3.693841863423585892e-04
1.146363636363636473e+00 2.675854484550654888e-04
1.151010101010101039e+00 2.297250466654077172e-04
1.155656565656565604e+00 2.709706022869795561e-04
1.160303030303030170e+00 1.986279967240989208e-04
1.164949494949494957e+00 1.612339401617646217e-04
1.169595959595959522e+00 1.985891140066087246e-04
1.174242424242424310e+00 1.527784770587459207e-04
1.178888888888888875e+00 1.091037411242723465e-04
1.183535353535353440e+00 1.328917132923379540e-04
1.188181818181818228e+00 1.127972500398755074e-04
1.192828282828282793e+00 7.095246837707236409e-05
1.197474747474747581e+00 8.471047476632520556e-05
1.202121212121212146e+00 8.540054113836959004e-05
1.206767676767676711e+00 5.146608600625768304e-05
1.211414141414141277e+00 4.653348878491669893e-05
1.216060606060606064e+00 5.433684418676421046e-05
1.220707070707070629e+00 4.156544309807941318e-05
1.225353535353535417e+00 2.382877028139773756e-05
1.229999999999999982e+00 2.893802593462169170e-05
