7.800000000000000266e-01 1.029322960199863246e-09
7.844444444444444997e-01 2.569906509819475104e-10
7.888888888888888618e-01 2.079702632329372136e-09
7.933333333333333348e-01 6.511066130698850429e-10
7.977777777777778079e-01 2.411296939897056291e-09
8.022222222222222809e-01 3.589761543576486247e-10
8.066666666666666430e-01 9.870765316222218644e-10
8.111111111111111160e-01 2.523538711329820217e-09
8.155555555555555891e-01 2.052469527669131821e-09
8.200000000000000622e-01 1.991303122395038372e-09
8.244444444444444242e-01 4.072138626298738018e-09
8.288888888888888973e-01 5.232018818190908860e-09
8.333333333333333703e-01 1.617144862464670041e-09
8.377777777777778434e-01 5.635444111362630792e-09
8.422222222222222054e-01 2.097677587187263271e-09
8.466666666666666785e-01 4.126512909152779685e-09
8.511111111111111516e-01 5.684420933960154798e-09
8.555555555555556246e-01 6.177883093982927676e-09
8.599999999999999867e-01 3.407856663528718855e-09
8.644444444444444597e-01 1.410076833074924707e-09
8.688888888888889328e-01 9.288134705798256618e-09
8.733333333333332948e-01 7.349533426292964577e-09
8.777777777777777679e-01 7.255931677718763240e-08
8.822222222222222410e-01 4.961929676028375980e-07
8.866666666666667140e-01 8.543863145860086661e-07
8.911111111111110761e-01 2.769311777228722349e-06
8.955555555555555491e-01 2.361036308684560936e-07
9.000000000000000222e-01 8.727038220968097448e-06
9.044444444444443842e-01 8.686491810294683091e-07
9.088888888888888573e-01 4.448522759048501030e-06
9.133333333333333304e-01 3.141413617413491011e-05
9.177777777777778034e-01 3.822776852757669985e-05
9.222222222222222765e-01 2.338545600650832057e-04
9.266666666666666385e-01 5.305653321556746960e-04
9.311111111111111116e-01 9.878056589514017105e-04
9.355555555555555847e-01 1.802243641577661037e-03
9.399999999999999467e-01 4.802845418453216553e-03
9.444444444444444198e-01 1.054114568978548050e-02
9.488888888888888928e-01 2.194471471011638641e-02
9.533333333333333659e-01 4.101954400539398193e-02
9.577777777777778390e-01 7.929251343011856079e-02
9.622222222222222010e-01 1.206395477056503296e-01
9.666666666666666741e-01 1.918252706527709961e-01
9.711111111111110361e-01 2.602682411670684814e-01
9.755555555555555092e-01 3.042736947536468506e-01
9.799999999999999822e-01 3.545598089694976807e-01
9.844444444444444553e-01 3.650626540184020996e-01
9.888888888888889284e-01 3.664411902427673340e-01
9.933333333333332904e-01 3.579958379268646240e-01
9.977777777777777635e-01 3.538954555988311768e-01
1.002222222222222126e+00 3.499071896076202393e-01
1.006666666666666599e+00 3.449343740940093994e-01
1.011111111111111072e+00 3.718672692775726318e-01
1.015555555555555545e+00 3.706157207489013672e-01
1.020000000000000018e+00 3.488328158855438232e-01
1.024444444444444491e+00 3.057121932506561279e-01
1.028888888888888964e+00 2.500145733356475830e-01
1.033333333333333215e+00 1.775841563940048218e-01
1.037777777777777688e+00 1.227981746196746826e-01
1.042222222222222161e+00 7.327597588300704956e-02
1.046666666666666634e+00 4.182529076933860779e-02
1.051111111111111107e+00 2.066380530595779419e-02
1.055555555555555580e+00 1.092861965298652649e-02
1.060000000000000053e+00 4.608718212693929672e-03
1.064444444444444304e+00 2.052627736702561378e-03
1.068888888888888777e+00 5.527090397663414478e-04
1.073333333333333250e+00 3.701766836456954479e-04
1.077777777777777724e+00 2.005728747462853789e-04
1.082222222222222197e+00 3.701698369695805013e-05
1.086666666666666670e+00 2.029278221016284078e-05
1.091111111111111143e+00 5.068869540991727263e-06
1.095555555555555394e+00 5.146340299688745290e-06
1.100000000000000089e+00 3.539738372637657449e-06
1.104444444444444340e+00 2.839422279521386372e-07
1.108888888888888813e+00 5.210787321630050428e-07
1.113333333333333286e+00 2.864628640963928774e-07
1.117777777777777759e+00 1.833220686364711582e-08
1.122222222222222232e+00 1.817167927242735459e-08
1.126666666666666705e+00 5.596309193833803874e-09
1.131111111111111178e+00 7.752960051732316060e-09
1.135555555555555429e+00 1.770205138029723457e-08
1.139999999999999902e+00 1.438105301510006484e-09
1.144444444444444375e+00 7.356329323471300086e-09
1.148888888888888848e+00 1.254032788722270197e-08
1.153333333333333321e+00 6.095005389283869590e-09
1.157777777777777795e+00 4.794064256685715009e-09
1.162222222222222268e+00 2.650287100891546288e-09
1.166666666666666519e+00 2.809599219943947901e-09
1.171111111111110992e+00 4.412946952303542503e-10
1.175555555555555465e+00 6.270719055123663566e-09
1.179999999999999938e+00 1.960771545128636717e-09
1.184444444444444411e+00 1.709934527305279062e-09
1.188888888888888884e+00 1.898426083002391351e-09
1.193333333333333357e+00 3.642642854018163234e-09
1.197777777777777608e+00 1.732418541955382807e-09
1.202222222222222303e+00 1.743744149074188954e-09
1.206666666666666554e+00 1.261501736404824214e-10
1.211111111111111027e+00 3.828707573205747394e-09
1.215555555555555500e+00 3.789706604084841501e-10
1.219999999999999973e+00 1.051542741770106204e-09
