5.000000000000000000e-01 4.558974978863261640e-05
5.101010101010100550e-01 1.007614446280058473e-05
5.202020202020202211e-01 3.285925777163356543e-05
5.303030303030302761e-01 5.736765524488873780e-05
5.404040404040404422e-01 4.858226020587608218e-05
5.505050505050504972e-01 1.205081844091182575e-05
5.606060606060605522e-01 2.160894837288651615e-05
5.707070707070707183e-01 1.882287324406206608e-05
5.808080808080807733e-01 5.063923526904545724e-05
5.909090909090909394e-01 2.169920771848410368e-04
6.010101010101009944e-01 5.352659500204026699e-04
6.111111111111111605e-01 1.124790171161293983e-03
6.212121212121212155e-01 2.275789389386773109e-03
6.313131313131312705e-01 4.425734747201204300e-03
6.414141414141414366e-01 8.353391662240028381e-03
6.515151515151514916e-01 1.543278712779283524e-02
6.616161616161616577e-01 2.692621015012264252e-02
6.717171717171717127e-01 4.556986317038536072e-02
6.818181818181818787e-01 7.510329037904739380e-02
6.919191919191919338e-01 1.132589206099510193e-01
7.020202020202019888e-01 1.706790775060653687e-01
7.121212121212121549e-01 2.435800582170486450e-01
7.222222222222222099e-01 3.346401453018188477e-01
7.323232323232323759e-01 4.450006783008575439e-01
7.424242424242424310e-01 5.666826963424682617e-01
7.525252525252525970e-01 6.938737630844116211e-01
7.626262626262626521e-01 8.110748529434204102e-01
7.727272727272727071e-01 9.058336019515991211e-01
7.828282828282828731e-01 9.747928380966186523e-01
7.929292929292929282e-01 1.000000000000000000e+00
8.030303030303029832e-01 9.922231435775756836e-01
8.131313131313131493e-01 9.451870322227478027e-01
8.232323232323233153e-01 8.776060342788696289e-01
8.333333333333333703e-01 7.725454568862915039e-01
8.434343434343434254e-01 6.469590067863464355e-01
8.535353535353535914e-01 5.239909887313842773e-01
8.636363636363636465e-01 4.038341045379638672e-01
8.737373737373737015e-01 3.034103512763977051e-01
8.838383838383838675e-01 2.172114253044128418e-01
8.939393939393940336e-01 1.504445821046829224e-01
9.040404040404040886e-01 1.002685725688934326e-01
9.141414141414141437e-01 6.172304600477218628e-02
9.242424242424243097e-01 3.816889598965644836e-02
9.343434343434343647e-01 2.185980603098869324e-02
9.444444444444444198e-01 1.240641251206398010e-02
9.545454545454545858e-01 6.761384196579456329e-03
9.646464646464647519e-01 3.461577929556369781e-03
9.747474747474748069e-01 1.763174543157219887e-03
9.848484848484848619e-01 8.640637388452887535e-04
9.949494949494950280e-01 4.460694908630102873e-04
1.005050505050505194e+00 3.116600564680993557e-04
1.015151515151515138e+00 3.875668044202029705e-04
1.025252525252525304e+00 7.033178699202835560e-04
1.035353535353535470e+00 1.345138298347592354e-03
1.045454545454545414e+00 2.688512206077575684e-03
1.055555555555555580e+00 4.997575655579566956e-03
1.065656565656565746e+00 7.865217514336109161e-03
1.075757575757575690e+00 1.376966480165719986e-02
1.085858585858585856e+00 2.189931087195873260e-02
1.095959595959596022e+00 3.568102046847343445e-02
1.106060606060605966e+00 5.052865669131278992e-02
1.116161616161616355e+00 7.858119904994964600e-02
1.126262626262626299e+00 1.026649177074432373e-01
1.136363636363636465e+00 1.327177882194519043e-01
1.146464646464646631e+00 1.784453541040420532e-01
1.156565656565656575e+00 2.105930149555206299e-01
1.166666666666666741e+00 2.504099607467651367e-01
1.176767676767676907e+00 2.759073078632354736e-01
1.186868686868686851e+00 3.164542019367218018e-01
1.196969696969697017e+00 3.121361136436462402e-01
1.207070707070707183e+00 3.066588640213012695e-01
1.217171717171717127e+00 2.866268157958984375e-01
1.227272727272727293e+00 2.673888206481933594e-01
1.237373737373737459e+00 2.305683344602584839e-01
1.247474747474747403e+00 1.929809451103210449e-01
1.257575757575757791e+00 1.649661362171173096e-01
1.267676767676767735e+00 1.230237782001495361e-01
1.277777777777777679e+00 9.421592950820922852e-02
1.287878787878788067e+00 6.489039957523345947e-02
1.297979797979798011e+00 4.580983147025108337e-02
1.308080808080808177e+00 2.967546135187149048e-02
1.318181818181818343e+00 1.860628649592399597e-02
1.328282828282828287e+00 1.168341562151908875e-02
1.338383838383838453e+00 6.816283799707889557e-03
1.348484848484848619e+00 3.560563083738088608e-03
1.358585858585858563e+00 2.017130376771092415e-03
1.368686868686868729e+00 1.027877558954060078e-03
1.378787878787878896e+00 5.085322773084044456e-04
1.388888888888888840e+00 2.511179773136973381e-04
1.398989898989899228e+00 1.079953653970733285e-04
1.409090909090909172e+00 4.988064756616950035e-05
1.419191919191919116e+00 2.057729943771846592e-05
1.429292929292929504e+00 8.262599294539541006e-06
1.439393939393939448e+00 3.446084065217291936e-06
1.449494949494949614e+00 1.337861363026604522e-06
1.459595959595959780e+00 4.788410024048062041e-07
1.469696969696969724e+00 1.278206980259710690e-07
1.479797979797979890e+00 7.932693613099672802e-09
1.489898989898990056e+00 1.432237706211481054e-08
1.500000000000000000e+00 2.492650352792225021e-08
