5.000000000000000000e-01 2.613544464111328125e-01
5.101010101010100550e-01 2.849732637405395508e-01
5.202020202020202211e-01 2.823288142681121826e-01
5.303030303030302761e-01 2.689962983131408691e-01
5.404040404040404422e-01 2.915853857994079590e-01
5.505050505050504972e-01 3.219562768936157227e-01
5.606060606060605522e-01 3.221332728862762451e-01
5.707070707070707183e-01 3.191050887107849121e-01
5.808080808080807733e-01 3.498964011669158936e-01
5.909090909090909394e-01 3.872695863246917725e-01
6.010101010101009944e-01 4.042383432388305664e-01
6.111111111111111605e-01 4.160987734794616699e-01
6.212121212121212155e-01 4.675586521625518799e-01
6.313131313131312705e-01 5.262973308563232422e-01
6.414141414141414366e-01 5.704329609870910645e-01
6.515151515151514916e-01 6.095109581947326660e-01
6.616161616161616577e-01 6.836134195327758789e-01
6.717171717171717127e-01 7.547551989555358887e-01
6.818181818181818787e-01 8.145853281021118164e-01
6.919191919191919338e-01 8.508495092391967773e-01
7.020202020202019888e-01 9.080113768577575684e-01
7.121212121212121549e-01 9.541473984718322754e-01
7.222222222222222099e-01 9.938449263572692871e-01
7.323232323232323759e-01 1.000000000000000000e+00
7.424242424242424310e-01 9.889303445816040039e-01
7.525252525252525970e-01 9.735524058341979980e-01
7.626262626262626521e-01 9.401952624320983887e-01
7.727272727272727071e-01 8.897522687911987305e-01
7.828282828282828731e-01 8.174974322319030762e-01
7.929292929292929282e-01 7.547453641891479492e-01
8.030303030303029832e-01 6.862832903861999512e-01
8.131313131313131493e-01 6.099424958229064941e-01
8.232323232323233153e-01 5.272755622863769531e-01
8.333333333333333703e-01 4.540778696537017822e-01
8.434343434343434254e-01 3.987833857536315918e-01
8.535353535353535914e-01 3.403454124927520752e-01
8.636363636363636465e-01 2.797275483608245850e-01
8.737373737373737015e-01 2.347784936428070068e-01
8.838383838383838675e-01 2.073317915201187134e-01
8.939393939393940336e-01 1.750911176204681396e-01
9.040404040404040886e-01 1.432837098836898804e-01
9.141414141414141437e-01 1.267325580120086670e-01
9.242424242424243097e-01 1.171078607439994812e-01
9.343434343434343647e-01 9.986865520477294922e-02
9.444444444444444198e-01 8.323317766189575195e-02
9.545454545454545858e-01 7.821852713823318481e-02
9.646464646464647519e-01 7.416530698537826538e-02
9.747474747474748069e-01 6.190344691276550293e-02
9.848484848484848619e-01 5.313221737742424011e-02
9.949494949494950280e-01 5.272119492292404175e-02
1.005050505050505194e+00 4.876413568854331970e-02
1.015151515151515138e+00 3.962367027997970581e-02
1.025252525252525304e+00 3.627273067831993103e-02
1.035353535353535470e+00 3.676135465502738953e-02
1.045454545454545414e+00 3.144597634673118591e-02
1.055555555555555580e+00 2.560199052095413208e-02
1.065656565656565746e+00 2.575008757412433624e-02
1.075757575757575690e+00 2.517963945865631104e-02
1.085858585858585856e+00 1.996994949877262115e-02
1.095959595959596022e+00 1.728228665888309479e-02
1.106060606060605966e+00 1.840703003108501434e-02
1.116161616161616355e+00 1.631464064121246338e-02
1.126262626262626299e+00 1.242365129292011261e-02
1.136363636363636465e+00 1.244538184255361557e-02
1.146464646464646631e+00 1.260767318308353424e-02
1.156565656565656575e+00 9.724236093461513519e-03
1.166666666666666741e+00 8.214582689106464386e-03
1.176767676767676907e+00 9.031756781041622162e-03
1.186868686868686851e+00 7.920992560684680939e-03
1.196969696969697017e+00 5.746550858020782471e-03
1.207070707070707183e+00 5.990676581859588623e-03
1.217171717171717127e+00 6.033701822161674500e-03
1.227272727272727293e+00 4.396408796310424805e-03
1.237373737373737459e+00 3.795458702370524406e-03
1.247474747474747403e+00 4.243564326316118240e-03
1.257575757575757791e+00 3.424910828471183777e-03
1.267676767676767735e+00 2.448947168886661530e-03
1.277777777777777679e+00 2.778782509267330170e-03
1.287878787878788067e+00 2.570597222074866295e-03
1.297979797979798011e+00 1.696564140729606152e-03
1.308080808080808177e+00 1.729517010971903801e-03
1.318181818181818343e+00 1.816023373976349831e-03
1.328282828282828287e+00 1.229528570547699928e-03
1.338383838383838453e+00 1.038229092955589294e-03
1.348484848484848619e+00 1.200958737172186375e-03
1.358585858585858563e+00 8.769322885200381279e-04
1.368686868686868729e+00 6.225187680684030056e-04
1.378787878787878896e+00 7.476074388250708580e-04
1.388888888888888840e+00 6.099522579461336136e-04
1.398989898989899228e+00 3.750149626284837723e-04
1.409090909090909172e+00 4.483654629439115524e-04
1.419191919191919116e+00 3.962327027693390846e-04
1.429292929292929504e+00 2.288499963469803333e-04
1.439393939393939448e+00 2.580238506197929382e-04
1.449494949494949614e+00 2.460421237628906965e-04
1.459595959595959780e+00 1.384530041832476854e-04
1.469696969696969724e+00 1.449335686629638076e-04
1.479797979797979890e+00 1.457737671444192529e-04
1.489898989898990056e+00 8.051469922065734863e-05
1.500000000000000000e+00 7.821733015589416027e-05
