5.000000000000000000e-01 2.849509241059422493e-03
5.101010101010100550e-01 3.047193400561809540e-03
5.202020202020202211e-01 2.848232397809624672e-03
5.303030303030302761e-01 2.564831171184778214e-03
5.404040404040404422e-01 2.907354617491364479e-03
5.505050505050504972e-01 3.169004106894135475e-03
5.606060606060605522e-01 2.849967451766133308e-03
5.707070707070707183e-01 2.648280467838048935e-03
5.808080808080807733e-01 2.986188977956771851e-03
5.909090909090909394e-01 3.139844629913568497e-03
6.010101010101009944e-01 2.945543034002184868e-03
6.111111111111111605e-01 2.697540679946541786e-03
6.212121212121212155e-01 3.134227590635418892e-03
6.313131313131312705e-01 3.230319125577807426e-03
6.414141414141414366e-01 2.913126489147543907e-03
6.515151515151514916e-01 2.758898772299289703e-03
6.616161616161616577e-01 2.869905205443501472e-03
6.717171717171717127e-01 2.930047223344445229e-03
6.818181818181818787e-01 3.241953440010547638e-03
6.919191919191919338e-01 5.362722557038068771e-03
7.020202020202019888e-01 9.202641434967517853e-03
7.121212121212121549e-01 1.459847856312990189e-02
7.222222222222222099e-01 2.249702624976634979e-02
7.323232323232323759e-01 3.616634383797645569e-02
7.424242424242424310e-01 5.621487647294998169e-02
7.525252525252525970e-01 8.921560645103454590e-02
7.626262626262626521e-01 1.380497068166732788e-01
7.727272727272727071e-01 1.993675976991653442e-01
7.828282828282828731e-01 2.880026698112487793e-01
7.929292929292929282e-01 3.916495442390441895e-01
8.030303030303029832e-01 5.075566172599792480e-01
8.131313131313131493e-01 6.299085617065429688e-01
8.232323232323233153e-01 7.378502488136291504e-01
8.333333333333333703e-01 8.441570401191711426e-01
8.434343434343434254e-01 9.414258003234863281e-01
8.535353535353535914e-01 9.917135238647460938e-01
8.636363636363636465e-01 1.000000000000000000e+00
8.737373737373737015e-01 9.645501971244812012e-01
8.838383838383838675e-01 8.908851742744445801e-01
8.939393939393940336e-01 8.202752470970153809e-01
9.040404040404040886e-01 6.998121142387390137e-01
9.141414141414141437e-01 5.792703032493591309e-01
9.242424242424243097e-01 4.662019014358520508e-01
9.343434343434343647e-01 3.497659862041473389e-01
9.444444444444444198e-01 2.503834664821624756e-01
9.545454545454545858e-01 1.773075312376022339e-01
9.646464646464647519e-01 1.182497069239616394e-01
9.747474747474748069e-01 7.552222907543182373e-02
9.848484848484848619e-01 4.610974341630935669e-02
9.949494949494950280e-01 2.839481271803379059e-02
1.005050505050505194e+00 1.674763113260269165e-02
1.015151515151515138e+00 9.833418764173984528e-03
1.025252525252525304e+00 5.510802380740642548e-03
1.035353535353535470e+00 2.838323591277003288e-03
1.045454545454545414e+00 1.332399435341358185e-03
1.055555555555555580e+00 4.405564977787435055e-04
1.065656565656565746e+00 2.321807114640250802e-04
1.075757575757575690e+00 7.681857678107917309e-04
1.085858585858585856e+00 1.486751250922679901e-03
1.095959595959596022e+00 2.516204491257667542e-03
1.106060606060605966e+00 4.250659141689538956e-03
1.116161616161616355e+00 7.105698343366384506e-03
1.126262626262626299e+00 1.136029697954654694e-02
1.136363636363636465e+00 1.839668862521648407e-02
1.146464646464646631e+00 2.986512705683708191e-02
1.156565656565656575e+00 4.451415687799453735e-02
1.166666666666666741e+00 6.345943361520767212e-02
1.176767676767676907e+00 9.185147285461425781e-02
1.186868686868686851e+00 1.206205412745475769e-01
1.196969696969697017e+00 1.515201926231384277e-01
1.207070707070707183e+00 1.787048578262329102e-01
1.217171717171717127e+00 2.179334908723831177e-01
1.227272727272727293e+00 2.431379109621047974e-01
1.237373737373737459e+00 2.684506177902221680e-01
1.247474747474747403e+00 2.796768248081207275e-01
1.257575757575757791e+00 2.736866474151611328e-01
1.267676767676767735e+00 2.696526050567626953e-01
1.277777777777777679e+00 2.495757192373275757e-01
1.287878787878788067e+00 2.175252586603164673e-01
1.297979797979798011e+00 1.768938899040222168e-01
1.308080808080808177e+00 1.445242613554000854e-01
1.318181818181818343e+00 1.176813989877700806e-01
1.328282828282828287e+00 8.829049766063690186e-02
1.338383838383838453e+00 6.088220328092575073e-02
1.348484848484848619e+00 4.186743497848510742e-02
1.358585858585858563e+00 2.826952002942562103e-02
1.368686868686868729e+00 1.792342402040958405e-02
1.378787878787878896e+00 1.092019956558942795e-02
1.388888888888888840e+00 6.398589350283145905e-03
1.398989898989899228e+00 3.611217485740780830e-03
1.409090909090909172e+00 1.982364337891340256e-03
1.419191919191919116e+00 1.007968327030539513e-03
1.429292929292929504e+00 4.985984996892511845e-04
1.439393939393939448e+00 2.376496850047260523e-04
1.449494949494949614e+00 1.108755313907749951e-04
1.459595959595959780e+00 4.601764521794393659e-05
1.469696969696969724e+00 2.219274392700754106e-05
1.479797979797979890e+00 1.030835574056254700e-05
1.489898989898990056e+00 4.612550128513248637e-06
1.500000000000000000e+00 1.782646222636685707e-06
