5.000000000000000000e-01 4.822642803192138672e-01
5.101010101010100550e-01 5.841374397277832031e-01
5.202020202020202211e-01 5.130385160446166992e-01
5.303030303030302761e-01 3.432494401931762695e-01
5.404040404040404422e-01 4.489749670028686523e-01
5.505050505050504972e-01 5.726088285446166992e-01
5.606060606060605522e-01 4.814686477184295654e-01
5.707070707070707183e-01 3.397129178047180176e-01
5.808080808080807733e-01 4.294834733009338379e-01
5.909090909090909394e-01 5.463392734527587891e-01
6.010101010101009944e-01 4.675969779491424561e-01
6.111111111111111605e-01 3.229977786540985107e-01
6.212121212121212155e-01 4.037489295005798340e-01
6.313131313131312705e-01 5.165596008300781250e-01
6.414141414141414366e-01 4.374103546142578125e-01
6.515151515151514916e-01 3.098355829715728760e-01
6.616161616161616577e-01 3.922854065895080566e-01
6.717171717171717127e-01 4.736408889293670654e-01
6.818181818181818787e-01 4.111969769001007080e-01
6.919191919191919338e-01 2.903541326522827148e-01
7.020202020202019888e-01 3.800090849399566650e-01
7.121212121212121549e-01 4.496592283248901367e-01
7.222222222222222099e-01 3.735500276088714600e-01
7.323232323232323759e-01 2.775590717792510986e-01
7.424242424242424310e-01 3.597244620323181152e-01
7.525252525252525970e-01 4.152410030364990234e-01
7.626262626262626521e-01 3.390610516071319580e-01
7.727272727272727071e-01 2.690324187278747559e-01
7.828282828282828731e-01 3.535247743129730225e-01
7.929292929292929282e-01 3.783600330352783203e-01
8.030303030303029832e-01 2.934195995330810547e-01
8.131313131313131493e-01 2.425793558359146118e-01
8.232323232323233153e-01 3.294398784637451172e-01
8.333333333333333703e-01 3.314557671546936035e-01
8.434343434343434254e-01 2.533403337001800537e-01
8.535353535353535914e-01 2.527983784675598145e-01
8.636363636363636465e-01 3.280269801616668701e-01
8.737373737373737015e-01 3.107144236564636230e-01
8.838383838383838675e-01 2.368998080492019653e-01
8.939393939393940336e-01 2.571076452732086182e-01
9.040404040404040886e-01 3.165510892868041992e-01
9.141414141414141437e-01 2.802592515945434570e-01
9.242424242424243097e-01 2.035275846719741821e-01
9.343434343434343647e-01 2.040865868330001831e-01
9.444444444444444198e-01 1.931298226118087769e-01
9.545454545454545858e-01 1.309155821800231934e-01
9.646464646464647519e-01 7.729243487119674683e-02
9.747474747474748069e-01 1.572099626064300537e-01
9.848484848484848619e-01 1.811480075120925903e-01
9.949494949494950280e-01 1.798122227191925049e-01
1.005050505050505194e+00 2.237357497215270996e-01
1.015151515151515138e+00 2.643901109695434570e-01
1.025252525252525304e+00 2.388582229614257812e-01
1.035353535353535470e+00 2.001397460699081421e-01
1.045454545454545414e+00 1.976476311683654785e-01
1.055555555555555580e+00 1.918890923261642456e-01
1.065656565656565746e+00 1.487145274877548218e-01
1.075757575757575690e+00 1.236949265003204346e-01
1.085858585858585856e+00 1.431402564048767090e-01
1.095959595959596022e+00 1.388628333806991577e-01
1.106060606060605966e+00 1.112831234931945801e-01
1.116161616161616355e+00 1.210831999778747559e-01
1.126262626262626299e+00 1.306681185960769653e-01
1.136363636363636465e+00 1.111039519309997559e-01
1.146464646464646631e+00 9.751308709383010864e-02
1.156565656565656575e+00 1.127470582723617554e-01
1.166666666666666741e+00 1.071559190750122070e-01
1.176767676767676907e+00 8.929490298032760620e-02
1.186868686868686851e+00 9.219115972518920898e-02
1.196969696969697017e+00 9.661012887954711914e-02
1.207070707070707183e+00 8.206169307231903076e-02
1.217171717171717127e+00 7.418695092201232910e-02
1.227272727272727293e+00 7.359162718057632446e-02
1.237373737373737459e+00 5.654795840382575989e-02
1.247474747474747403e+00 2.592805586755275726e-02
1.257575757575757791e+00 8.751463145017623901e-03
1.267676767676767735e+00 5.905097723007202148e-02
1.277777777777777679e+00 1.368844509124755859e-01
1.287878787878788067e+00 2.319474220275878906e-01
1.297979797979798011e+00 3.407757878303527832e-01
1.308080808080808177e+00 4.630668163299560547e-01
1.318181818181818343e+00 5.960420370101928711e-01
1.328282828282828287e+00 7.056618332862854004e-01
1.338383838383838453e+00 8.277493715286254883e-01
1.348484848484848619e+00 9.459077715873718262e-01
1.358585858585858563e+00 9.637337327003479004e-01
1.368686868686868729e+00 1.000000000000000000e+00
1.378787878787878896e+00 9.800862669944763184e-01
1.388888888888888840e+00 9.307876825332641602e-01
1.398989898989899228e+00 8.645525574684143066e-01
1.409090909090909172e+00 7.486740946769714355e-01
1.419191919191919116e+00 6.290482282638549805e-01
1.429292929292929504e+00 5.240703821182250977e-01
1.439393939393939448e+00 4.055662453174591064e-01
1.449494949494949614e+00 3.089784681797027588e-01
1.459595959595959780e+00 2.283997982740402222e-01
1.469696969696969724e+00 1.510036438703536987e-01
1.479797979797979890e+00 1.022548973560333252e-01
1.489898989898990056e+00 6.412387639284133911e-02
1.500000000000000000e+00 3.797950968146324158e-02
