5.000000000000000000e-01 7.499727010726928711e-01
5.101010101010100550e-01 1.000000000000000000e+00
5.202020202020202211e-01 8.259975314140319824e-01
5.303030303030302761e-01 4.848458468914031982e-01
5.404040404040404422e-01 7.062482237815856934e-01
5.505050505050504972e-01 9.328033924102783203e-01
5.606060606060605522e-01 7.882381081581115723e-01
5.707070707070707183e-01 4.758813679218292236e-01
5.808080808080807733e-01 6.685379147529602051e-01
5.909090909090909394e-01 8.835704922676086426e-01
6.010101010101009944e-01 7.492319941520690918e-01
6.111111111111111605e-01 4.538083970546722412e-01
6.212121212121212155e-01 6.285496354103088379e-01
6.313131313131312705e-01 8.311431407928466797e-01
6.414141414141414366e-01 6.948126554489135742e-01
6.515151515151514916e-01 4.338249266147613525e-01
6.616161616161616577e-01 6.038569211959838867e-01
6.717171717171717127e-01 7.760115861892700195e-01
6.818181818181818787e-01 6.323966383934020996e-01
6.919191919191919338e-01 4.038656651973724365e-01
7.020202020202019888e-01 5.806296467781066895e-01
7.121212121212121549e-01 7.156773805618286133e-01
7.222222222222222099e-01 5.695655941963195801e-01
7.323232323232323759e-01 3.835364580154418945e-01
7.424242424242424310e-01 5.548386573791503906e-01
7.525252525252525970e-01 6.617415547370910645e-01
7.626262626262626521e-01 4.995280802249908447e-01
7.727272727272727071e-01 3.577978312969207764e-01
7.828282828282828731e-01 5.298585891723632812e-01
7.929292929292929282e-01 5.913188457489013672e-01
8.030303030303029832e-01 4.281930029392242432e-01
8.131313131313131493e-01 3.439027369022369385e-01
8.232323232323233153e-01 5.044505000114440918e-01
8.333333333333333703e-01 5.174788832664489746e-01
8.434343434343434254e-01 3.579935729503631592e-01
8.535353535353535914e-01 3.346813917160034180e-01
8.636363636363636465e-01 4.667681455612182617e-01
8.737373737373737015e-01 4.437834620475769043e-01
8.838383838383838675e-01 2.984769642353057861e-01
8.939393939393940336e-01 3.279349505901336670e-01
9.040404040404040886e-01 4.279205203056335449e-01
9.141414141414141437e-01 3.655309975147247314e-01
9.242424242424243097e-01 2.492873221635818481e-01
9.343434343434343647e-01 3.230388164520263672e-01
9.444444444444444198e-01 3.758024871349334717e-01
9.545454545454545858e-01 2.885296046733856201e-01
9.646464646464647519e-01 2.257212400436401367e-01
9.747474747474748069e-01 3.076891601085662842e-01
9.848484848484848619e-01 3.179762065410614014e-01
9.949494949494950280e-01 2.189926654100418091e-01
1.005050505050505194e+00 2.160657346248626709e-01
1.015151515151515138e+00 2.803846299648284912e-01
1.025252525252525304e+00 2.472230195999145508e-01
1.035353535353535470e+00 1.748073548078536987e-01
1.045454545454545414e+00 2.126215249300003052e-01
1.055555555555555580e+00 2.359293997287750244e-01
1.065656565656565746e+00 1.812016516923904419e-01
1.075757575757575690e+00 1.513297706842422485e-01
1.085858585858585856e+00 1.952666342258453369e-01
1.095959595959596022e+00 1.868338286876678467e-01
1.106060606060605966e+00 1.325140297412872314e-01
1.116161616161616355e+00 1.434829682111740112e-01
1.126262626262626299e+00 1.661882698535919189e-01
1.136363636363636465e+00 1.321622133255004883e-01
1.146464646464646631e+00 1.078376993536949158e-01
1.156565656565656575e+00 1.321863234043121338e-01
1.166666666666666741e+00 1.263718307018280029e-01
1.176767676767676907e+00 9.263277053833007812e-02
1.186868686868686851e+00 9.902942180633544922e-02
1.196969696969697017e+00 1.089696735143661499e-01
1.207070707070707183e+00 8.556910604238510132e-02
1.217171717171717127e+00 7.320934534072875977e-02
1.227272727272727293e+00 8.756811916828155518e-02
1.237373737373737459e+00 7.781884074211120605e-02
1.247474747474747403e+00 5.858325213193893433e-02
1.257575757575757791e+00 6.594683974981307983e-02
1.267676767676767735e+00 6.587724387645721436e-02
1.277777777777777679e+00 4.986937344074249268e-02
1.287878787878788067e+00 4.876136034727096558e-02
1.297979797979798011e+00 5.263083055615425110e-02
1.308080808080808177e+00 4.165815562009811401e-02
1.318181818181818343e+00 3.625581413507461548e-02
1.328282828282828287e+00 3.988823294639587402e-02
1.338383838383838453e+00 3.464178368449211121e-02
1.348484848484848619e+00 2.995413541793823242e-02
1.358585858585858563e+00 3.520840406417846680e-02
1.368686868686868729e+00 3.748867288231849670e-02
1.378787878787878896e+00 3.800577670335769653e-02
1.388888888888888840e+00 4.428629204630851746e-02
1.398989898989899228e+00 5.589839443564414978e-02
1.409090909090909172e+00 7.297671586275100708e-02
1.419191919191919116e+00 1.017967760562896729e-01
1.429292929292929504e+00 1.465773284435272217e-01
1.439393939393939448e+00 2.052744179964065552e-01
1.449494949494949614e+00 2.753242850303649902e-01
1.459595959595959780e+00 3.483807742595672607e-01
1.469696969696969724e+00 4.188070297241210938e-01
1.479797979797979890e+00 4.931392371654510498e-01
1.489898989898990056e+00 5.405085682868957520e-01
1.500000000000000000e+00 5.720489621162414551e-01
