5.000000000000000000e-01 3.386810123920440674e-01
5.101010101010100550e-01 4.174103140830993652e-01
5.202020202020202211e-01 4.973323941230773926e-01
5.303030303030302761e-01 5.816221237182617188e-01
5.404040404040404422e-01 6.792579889297485352e-01
5.505050505050504972e-01 7.763532996177673340e-01
5.606060606060605522e-01 8.537473678588867188e-01
5.707070707070707183e-01 9.187954068183898926e-01
5.808080808080807733e-01 9.648640751838684082e-01
5.909090909090909394e-01 9.979989528656005859e-01
6.010101010101009944e-01 1.000000000000000000e+00
6.111111111111111605e-01 9.754521846771240234e-01
6.212121212121212155e-01 9.244713783264160156e-01
6.313131313131312705e-01 8.608254790306091309e-01
6.414141414141414366e-01 7.810019850730895996e-01
6.515151515151514916e-01 6.905344128608703613e-01
6.616161616161616577e-01 5.925915837287902832e-01
6.717171717171717127e-01 4.904604554176330566e-01
6.818181818181818787e-01 4.033908545970916748e-01
6.919191919191919338e-01 3.273425698280334473e-01
7.020202020202019888e-01 2.555398643016815186e-01
7.121212121212121549e-01 1.933116763830184937e-01
7.222222222222222099e-01 1.488337218761444092e-01
7.323232323232323759e-01 1.186639890074729919e-01
7.424242424242424310e-01 9.358882904052734375e-02
7.525252525252525970e-01 7.351938635110855103e-02
7.626262626262626521e-01 6.431331485509872437e-02
7.727272727272727071e-01 5.998318269848823547e-02
7.828282828282828731e-01 5.227479338645935059e-02
7.929292929292929282e-01 4.493700340390205383e-02
8.030303030303029832e-01 4.333067312836647034e-02
8.131313131313131493e-01 4.190381616353988647e-02
8.232323232323233153e-01 3.623636811971664429e-02
8.333333333333333703e-01 3.152183070778846741e-02
8.434343434343434254e-01 3.159642592072486877e-02
8.535353535353535914e-01 3.001833520829677582e-02
8.636363636363636465e-01 2.518303319811820984e-02
8.737373737373737015e-01 2.247050218284130096e-02
8.838383838383838675e-01 2.334426529705524445e-02
8.939393939393940336e-01 2.159877121448516846e-02
9.040404040404040886e-01 1.761022768914699554e-02
9.141414141414141437e-01 1.667558029294013977e-02
9.242424242424243097e-01 1.732756756246089935e-02
9.343434343434343647e-01 1.531251519918441772e-02
9.444444444444444198e-01 1.245114766061306000e-02
9.545454545454545858e-01 1.262159738689661026e-02
9.646464646464647519e-01 1.281622704118490219e-02
9.747474747474748069e-01 1.046768389642238617e-02
9.848484848484848619e-01 8.694071322679519653e-03
9.949494949494950280e-01 9.607188403606414795e-03
1.005050505050505194e+00 9.338872507214546204e-03
1.015151515151515138e+00 7.424230687320232391e-03
1.025252525252525304e+00 6.837845314294099808e-03
1.035353535353535470e+00 7.315220776945352554e-03
1.045454545454545414e+00 6.127826403826475143e-03
1.055555555555555580e+00 4.569073673337697983e-03
1.065656565656565746e+00 5.013660062104463577e-03
1.075757575757575690e+00 5.289922468364238739e-03
1.085858585858585856e+00 4.174023866653442383e-03
1.095959595959596022e+00 3.535672323778271675e-03
1.106060606060605966e+00 3.973828628659248352e-03
1.116161616161616355e+00 3.479508217424154282e-03
1.126262626262626299e+00 2.483824500814080238e-03
1.136363636363636465e+00 2.647035755217075348e-03
1.146464646464646631e+00 2.830607118085026741e-03
1.156565656565656575e+00 2.132008085027337074e-03
1.166666666666666741e+00 1.725789043121039867e-03
1.176767676767676907e+00 2.042592037469148636e-03
1.186868686868686851e+00 1.787211745977401733e-03
1.196969696969697017e+00 1.221813494339585304e-03
1.207070707070707183e+00 1.341235940344631672e-03
1.217171717171717127e+00 1.409673132002353668e-03
1.227272727272727293e+00 9.842634899541735649e-04
1.237373737373737459e+00 8.402431849390268326e-04
1.247474747474747403e+00 1.006288803182542324e-03
1.257575757575757791e+00 8.036737563088536263e-04
1.267676767676767735e+00 5.411425954662263393e-04
1.277777777777777679e+00 6.610953714698553085e-04
1.287878787878788067e+00 6.196311442181468010e-04
1.297979797979798011e+00 3.846783947665244341e-04
1.308080808080808177e+00 4.072095907758921385e-04
1.318181818181818343e+00 4.421397170517593622e-04
1.328282828282828287e+00 2.894759236369282007e-04
1.338383838383838453e+00 2.413932816125452518e-04
1.348484848484848619e+00 2.952491922769695520e-04
1.358585858585858563e+00 2.147331688320264220e-04
1.368686868686868729e+00 1.430370903108268976e-04
1.378787878787878896e+00 1.859696349129080772e-04
1.388888888888888840e+00 1.508776767877861857e-04
1.398989898989899228e+00 8.645562047604471445e-05
1.409090909090909172e+00 1.115105333155952394e-04
1.419191919191919116e+00 1.004395235213451087e-04
1.429292929292929504e+00 5.362209776649251580e-05
1.439393939393939448e+00 6.431954534491524100e-05
1.449494949494949614e+00 6.256056076381355524e-05
1.459595959595959780e+00 3.294394991826266050e-05
1.469696969696969724e+00 3.608308907132595778e-05
1.479797979797979890e+00 3.727242801687680185e-05
1.489898989898990056e+00 1.947951204783748835e-05
1.500000000000000000e+00 1.966696436284109950e-05
