5.000000000000000000e-01 1.332884676230605692e-05
5.101010101010100550e-01 5.506134039023891091e-05
5.202020202020202211e-01 6.484009645646438003e-05
5.303030303030302761e-01 3.666620614239946008e-05
5.404040404040404422e-01 8.230231287598144263e-06
5.505050505050504972e-01 3.735431164386682212e-05
5.606060606060605522e-01 1.385426003253087401e-05
5.707070707070707183e-01 9.055368718691170216e-05
5.808080808080807733e-01 3.064278862439095974e-04
5.909090909090909394e-01 6.825190503150224686e-04
6.010101010101009944e-01 1.382064307108521461e-03
6.111111111111111605e-01 2.771516563370823860e-03
6.212121212121212155e-01 5.306339357048273087e-03
6.313131313131312705e-01 1.000053714960813522e-02
6.414141414141414366e-01 1.808556728065013885e-02
6.515151515151514916e-01 3.182923048734664917e-02
6.616161616161616577e-01 5.253065377473831177e-02
6.717171717171717127e-01 8.504004776477813721e-02
6.818181818181818787e-01 1.301063448190689087e-01
6.919191919191919338e-01 1.920083910226821899e-01
7.020202020202019888e-01 2.698472440242767334e-01
7.121212121212121549e-01 3.675409555435180664e-01
7.222222222222222099e-01 4.792294800281524658e-01
7.323232323232323759e-01 6.018030047416687012e-01
7.424242424242424310e-01 7.213774323463439941e-01
7.525252525252525970e-01 8.254817128181457520e-01
7.626262626262626521e-01 9.313197135925292969e-01
7.727272727272727071e-01 9.911119341850280762e-01
7.828282828282828731e-01 1.000000000000000000e+00
7.929292929292929282e-01 9.818269014358520508e-01
8.030303030303029832e-01 9.283136129379272461e-01
8.131313131313131493e-01 8.421772718429565430e-01
8.232323232323233153e-01 7.319047451019287109e-01
8.333333333333333703e-01 6.113359928131103516e-01
8.434343434343434254e-01 4.865458607673645020e-01
8.535353535353535914e-01 3.717472255229949951e-01
8.636363636363636465e-01 2.715455591678619385e-01
8.737373737373737015e-01 1.929413378238677979e-01
8.838383838383838675e-01 1.329439580440521240e-01
8.939393939393940336e-01 8.702600747346878052e-02
9.040404040404040886e-01 5.525851249694824219e-02
9.141414141414141437e-01 3.494388610124588013e-02
9.242424242424243097e-01 2.287043817341327667e-02
9.343434343434343647e-01 1.784653961658477783e-02
9.444444444444444198e-01 1.641971804201602936e-02
9.545454545454545858e-01 1.967853121459484100e-02
9.646464646464647519e-01 2.616160735487937927e-02
9.747474747474748069e-01 3.570366278290748596e-02
9.848484848484848619e-01 4.049387201666831970e-02
9.949494949494950280e-01 5.840453505516052246e-02
1.005050505050505194e+00 7.670760899782180786e-02
1.015151515151515138e+00 8.126321434974670410e-02
1.025252525252525304e+00 9.637852758169174194e-02
1.035353535353535470e+00 1.098741367459297180e-01
1.045454545454545414e+00 1.029273122549057007e-01
1.055555555555555580e+00 1.089428290724754333e-01
1.065656565656565746e+00 1.012349054217338562e-01
1.075757575757575690e+00 1.044392213225364685e-01
1.085858585858585856e+00 8.803725242614746094e-02
1.095959595959596022e+00 7.615303993225097656e-02
1.106060606060605966e+00 6.509137898683547974e-02
1.116161616161616355e+00 4.808841645717620850e-02
1.126262626262626299e+00 3.697287291288375854e-02
1.136363636363636465e+00 2.568188123404979706e-02
1.146464646464646631e+00 1.697305776178836823e-02
1.156565656565656575e+00 1.189113873988389969e-02
1.166666666666666741e+00 7.935916073620319366e-03
1.176767676767676907e+00 4.777276422828435898e-03
1.186868686868686851e+00 2.802477683871984482e-03
1.196969696969697017e+00 1.714467420242726803e-03
1.207070707070707183e+00 7.897156756371259689e-04
1.217171717171717127e+00 4.324136243667453527e-04
1.227272727272727293e+00 2.086291788145899773e-04
1.237373737373737459e+00 1.167861846624873579e-04
1.247474747474747403e+00 5.158864951226860285e-05
1.257575757575757791e+00 2.242395567009225488e-05
1.267676767676767735e+00 9.108483936870470643e-06
1.277777777777777679e+00 2.730776259340927936e-06
1.287878787878788067e+00 8.298342777379730251e-07
1.297979797979798011e+00 4.307073595555266365e-07
1.308080808080808177e+00 6.511228889394260477e-07
1.318181818181818343e+00 6.537238732562400401e-07
1.328282828282828287e+00 2.712942830385145498e-07
1.338383838383838453e+00 1.891666272513248259e-07
1.348484848484848619e+00 3.944929574117850279e-07
1.358585858585858563e+00 2.308154591901256936e-07
1.368686868686868729e+00 6.797184681772705517e-08
1.378787878787878896e+00 2.326882935221874504e-07
1.388888888888888840e+00 1.795130799564503832e-07
1.398989898989899228e+00 8.155602415627072332e-09
1.409090909090909172e+00 1.353704703888070071e-07
1.419191919191919116e+00 1.213150824241893133e-07
1.429292929292929504e+00 1.443716968196895323e-08
1.439393939393939448e+00 7.952486669182690093e-08
1.449494949494949614e+00 9.074632600913901115e-08
1.459595959595959780e+00 2.204940763306240115e-08
1.469696969696969724e+00 4.587194268879102310e-08
1.479797979797979890e+00 5.112016765451699030e-08
1.489898989898990056e+00 1.955402773035075370e-08
1.500000000000000000e+00 3.213054000639203878e-08
