5.000000000000000000e-01 7.834397365513723344e-06
5.101010101010100550e-01 6.167290393932489678e-06
5.202020202020202211e-01 8.522100642949226312e-07
5.303030303030302761e-01 4.628070200851652771e-06
5.404040404040404422e-01 8.320095730596221983e-06
5.505050505050504972e-01 6.407729415514040738e-06
5.606060606060605522e-01 3.359939171332371188e-07
5.707070707070707183e-01 6.116374152043135837e-06
5.808080808080807733e-01 6.655000106547959149e-06
5.909090909090909394e-01 5.730234079237561673e-06
6.010101010101009944e-01 5.210396807342476677e-07
6.111111111111111605e-01 7.053868102957494557e-06
6.212121212121212155e-01 1.007767514238366857e-05
6.313131313131312705e-01 6.832138751633465290e-06
6.414141414141414366e-01 8.368599537789123133e-07
6.515151515151514916e-01 8.323119800479616970e-06
6.616161616161616577e-01 9.581244739820249379e-06
6.717171717171717127e-01 6.026743449183413759e-06
6.818181818181818787e-01 2.948605924757430330e-06
6.919191919191919338e-01 1.052492279995931312e-05
7.020202020202019888e-01 1.255868937732884660e-05
7.121212121212121549e-01 8.010219062271062285e-06
7.222222222222222099e-01 7.641283445991575718e-06
7.323232323232323759e-01 1.776486897142603993e-05
7.424242424242424310e-01 5.975004023639485240e-05
7.525252525252525970e-01 1.608730672160163522e-04
7.626262626262626521e-01 3.739228122867643833e-04
7.727272727272727071e-01 8.028662414290010929e-04
7.828282828282828731e-01 1.639315043576061726e-03
7.929292929292929282e-01 3.227938432246446609e-03
8.030303030303029832e-01 6.057657301425933838e-03
8.131313131313131493e-01 1.131177600473165512e-02
8.232323232323233153e-01 1.919497549533843994e-02
8.333333333333333703e-01 3.159062564373016357e-02
8.434343434343434254e-01 4.990126192569732666e-02
8.535353535353535914e-01 8.062684535980224609e-02
8.636363636363636465e-01 1.169412136077880859e-01
8.737373737373737015e-01 1.622265577316284180e-01
8.838383838383838675e-01 2.321737259626388550e-01
8.939393939393940336e-01 2.952041625976562500e-01
9.040404040404040886e-01 3.722141087055206299e-01
9.141414141414141437e-01 4.522137641906738281e-01
9.242424242424243097e-01 5.229607820510864258e-01
9.343434343434343647e-01 5.848576426506042480e-01
9.444444444444444198e-01 6.117749810218811035e-01
9.545454545454545858e-01 6.472876667976379395e-01
9.646464646464647519e-01 6.467564105987548828e-01
9.747474747474748069e-01 5.980287790298461914e-01
9.848484848484848619e-01 5.526543855667114258e-01
9.949494949494950280e-01 4.650468528270721436e-01
1.005050505050505194e+00 3.765271008014678955e-01
1.015151515151515138e+00 3.242617547512054443e-01
1.025252525252525304e+00 2.411873638629913330e-01
1.035353535353535470e+00 1.826569288969039917e-01
1.045454545454545414e+00 1.283431947231292725e-01
1.055555555555555580e+00 8.592820167541503906e-02
1.065656565656565746e+00 5.689745768904685974e-02
1.075757575757575690e+00 3.672899305820465088e-02
1.085858585858585856e+00 2.187190391123294830e-02
1.095959595959596022e+00 1.250094734132289886e-02
1.106060606060605966e+00 6.859275978058576584e-03
1.116161616161616355e+00 3.728597192093729973e-03
1.126262626262626299e+00 1.888792379759252071e-03
1.136363636363636465e+00 9.278827928937971592e-04
1.146464646464646631e+00 4.461627686396241188e-04
1.156565656565656575e+00 1.900575443869456649e-04
1.166666666666666741e+00 8.546201570425182581e-05
1.176767676767676907e+00 3.511737668304704130e-05
1.186868686868686851e+00 1.833699570852331817e-05
1.196969696969697017e+00 1.109168260882142931e-05
1.207070707070707183e+00 1.020971831167116761e-05
1.217171717171717127e+00 1.786067150533199310e-05
1.227272727272727293e+00 4.446036473382264376e-05
1.237373737373737459e+00 1.101255038520321250e-04
1.247474747474747403e+00 2.619418373797088861e-04
1.257575757575757791e+00 5.656389403156936169e-04
1.267676767676767735e+00 1.229163724929094315e-03
1.277777777777777679e+00 2.526941709220409393e-03
1.287878787878788067e+00 4.903151653707027435e-03
1.297979797979798011e+00 9.425316937267780304e-03
1.308080808080808177e+00 1.707148924469947815e-02
1.318181818181818343e+00 2.963437139987945557e-02
1.328282828282828287e+00 4.872891679406166077e-02
1.338383838383838453e+00 7.736186683177947998e-02
1.348484848484848619e+00 1.210510805249214172e-01
1.358585858585858563e+00 1.811582595109939575e-01
1.368686868686868729e+00 2.640864551067352295e-01
1.378787878787878896e+00 3.458085656166076660e-01
1.388888888888888840e+00 4.651109278202056885e-01
1.398989898989899228e+00 5.861006379127502441e-01
1.409090909090909172e+00 7.086941599845886230e-01
1.419191919191919116e+00 8.340694308280944824e-01
1.429292929292929504e+00 9.083096385002136230e-01
1.439393939393939448e+00 9.626379609107971191e-01
1.449494949494949614e+00 1.000000000000000000e+00
1.459595959595959780e+00 9.773858785629272461e-01
1.469696969696969724e+00 9.487014412879943848e-01
1.479797979797979890e+00 8.449609875679016113e-01
1.489898989898990056e+00 7.199913859367370605e-01
1.500000000000000000e+00 6.224983930587768555e-01
