5.000000000000000000e-01 6.117821903899312019e-04
5.101010101010100550e-01 7.297967677004635334e-04
5.202020202020202211e-01 6.029198411852121353e-04
5.303030303030302761e-01 4.217549285385757685e-04
5.404040404040404422e-01 5.811753799207508564e-04
5.505050505050504972e-01 7.024302030913531780e-04
5.606060606060605522e-01 5.893273046240210533e-04
5.707070707070707183e-01 4.131521563977003098e-04
5.808080808080807733e-01 5.541052087210118771e-04
5.909090909090909394e-01 6.727696163579821587e-04
6.010101010101009944e-01 5.453966441564261913e-04
6.111111111111111605e-01 4.030887503176927567e-04
6.212121212121212155e-01 5.355857429094612598e-04
6.313131313131312705e-01 6.345469155348837376e-04
6.414141414141414366e-01 5.211530369706451893e-04
6.515151515151514916e-01 3.882682649418711662e-04
6.616161616161616577e-01 5.076148081570863724e-04
6.717171717171717127e-01 6.066331407055258751e-04
6.818181818181818787e-01 4.786529752891510725e-04
6.919191919191919338e-01 3.763343556784093380e-04
7.020202020202019888e-01 4.949684371240437031e-04
7.121212121212121549e-01 5.497940001077950001e-04
7.222222222222222099e-01 4.464033700060099363e-04
7.323232323232323759e-01 3.639509086497128010e-04
7.424242424242424310e-01 4.716002731584012508e-04
7.525252525252525970e-01 5.121622234582901001e-04
7.626262626262626521e-01 3.901240706909447908e-04
7.727272727272727071e-01 3.442716842982918024e-04
7.828282828282828731e-01 4.775736015290021896e-04
7.929292929292929282e-01 5.543853621929883957e-04
8.030303030303029832e-01 5.373322055675089359e-04
8.131313131313131493e-01 5.731053533963859081e-04
8.232323232323233153e-01 6.698949728161096573e-04
8.333333333333333703e-01 1.139673753641545773e-03
8.434343434343434254e-01 2.304917434230446815e-03
8.535353535353535914e-01 4.669166635721921921e-03
8.636363636363636465e-01 7.808690890669822693e-03
8.737373737373737015e-01 1.212677173316478729e-02
8.838383838383838675e-01 1.981786638498306274e-02
8.939393939393940336e-01 2.823534794151782990e-02
9.040404040404040886e-01 3.847091272473335266e-02
9.141414141414141437e-01 5.097094550728797913e-02
9.242424242424243097e-01 6.537263095378875732e-02
9.343434343434343647e-01 8.189404010772705078e-02
9.444444444444444198e-01 1.038088425993919373e-01
9.545454545454545858e-01 1.166817322373390198e-01
9.646464646464647519e-01 1.331945210695266724e-01
9.747474747474748069e-01 1.438287943601608276e-01
9.848484848484848619e-01 1.424982845783233643e-01
9.949494949494950280e-01 1.299975514411926270e-01
1.005050505050505194e+00 1.246396675705909729e-01
1.015151515151515138e+00 1.116988286375999451e-01
1.025252525252525304e+00 9.948421269655227661e-02
1.035353535353535470e+00 8.632095903158187866e-02
1.045454545454545414e+00 6.578393280506134033e-02
1.055555555555555580e+00 4.998487234115600586e-02
1.065656565656565746e+00 3.708002716302871704e-02
1.075757575757575690e+00 2.758087776601314545e-02
1.085858585858585856e+00 1.807864010334014893e-02
1.095959595959596022e+00 1.129511091858148575e-02
1.106060606060605966e+00 7.462250068783760071e-03
1.116161616161616355e+00 4.042949527502059937e-03
1.126262626262626299e+00 1.946286880411207676e-03
1.136363636363636465e+00 2.945301530417054892e-04
1.146464646464646631e+00 1.848179381340742111e-03
1.156565656565656575e+00 4.544613417237997055e-03
1.166666666666666741e+00 9.032816626131534576e-03
1.176767676767676907e+00 1.668301783502101898e-02
1.186868686868686851e+00 2.932174131274223328e-02
1.196969696969697017e+00 4.900533333420753479e-02
1.207070707070707183e+00 7.905596494674682617e-02
1.217171717171717127e+00 1.223205402493476868e-01
1.227272727272727293e+00 1.808553636074066162e-01
1.237373737373737459e+00 2.577981650829315186e-01
1.247474747474747403e+00 3.528405129909515381e-01
1.257575757575757791e+00 4.609296023845672607e-01
1.267676767676767735e+00 5.810840129852294922e-01
1.277777777777777679e+00 7.063211798667907715e-01
1.287878787878788067e+00 8.181821703910827637e-01
1.297979797979798011e+00 9.191921949386596680e-01
1.308080808080808177e+00 9.646506309509277344e-01
1.318181818181818343e+00 1.000000000000000000e+00
1.328282828282828287e+00 9.745061397552490234e-01
1.338383838383838453e+00 9.497621655464172363e-01
1.348484848484848619e+00 8.547003865242004395e-01
1.358585858585858563e+00 7.293037176132202148e-01
1.368686868686868729e+00 6.138036847114562988e-01
1.378787878787878896e+00 4.951460361480712891e-01
1.388888888888888840e+00 3.803247213363647461e-01
1.398989898989899228e+00 2.831293642520904541e-01
1.409090909090909172e+00 1.988681405782699585e-01
1.419191919191919116e+00 1.367921531200408936e-01
1.429292929292929504e+00 9.072656929492950439e-02
1.439393939393939448e+00 5.639233067631721497e-02
1.449494949494949614e+00 3.429965302348136902e-02
1.459595959595959780e+00 1.960851065814495087e-02
1.469696969696969724e+00 1.100478041917085648e-02
1.479797979797979890e+00 5.869544111192226410e-03
1.489898989898990056e+00 3.029076382517814636e-03
1.500000000000000000e+00 1.486310386098921299e-03
