5.000000000000000000e-01 7.175951600074768066e-01
5.101010101010100550e-01 1.000000000000000000e+00
5.202020202020202211e-01 8.204786181449890137e-01
5.303030303030302761e-01 4.379591643810272217e-01
5.404040404040404422e-01 6.659015417098999023e-01
5.505050505050504972e-01 9.395750164985656738e-01
5.606060606060605522e-01 7.943533062934875488e-01
5.707070707070707183e-01 4.307475090026855469e-01
5.808080808080807733e-01 6.182821989059448242e-01
5.909090909090909394e-01 8.702722787857055664e-01
6.010101010101009944e-01 7.543756961822509766e-01
6.111111111111111605e-01 4.225652813911437988e-01
6.212121212121212155e-01 5.845053195953369141e-01
6.313131313131312705e-01 8.210904598236083984e-01
6.414141414141414366e-01 6.971462368965148926e-01
6.515151515151514916e-01 3.845156431198120117e-01
6.616161616161616577e-01 5.600208044052124023e-01
6.717171717171717127e-01 7.696156501770019531e-01
6.818181818181818787e-01 6.310744285583496094e-01
6.919191919191919338e-01 3.628575503826141357e-01
7.020202020202019888e-01 5.427761077880859375e-01
7.121212121212121549e-01 7.034537196159362793e-01
7.222222222222222099e-01 5.614854693412780762e-01
7.323232323232323759e-01 3.267000317573547363e-01
7.424242424242424310e-01 5.101904273033142090e-01
7.525252525252525970e-01 6.554077863693237305e-01
7.626262626262626521e-01 4.896727502346038818e-01
7.727272727272727071e-01 3.071660995483398438e-01
7.828282828282828731e-01 4.926114976406097412e-01
7.929292929292929282e-01 5.735467672348022461e-01
8.030303030303029832e-01 4.107388257980346680e-01
8.131313131313131493e-01 2.856179773807525635e-01
8.232323232323233153e-01 4.690761864185333252e-01
8.333333333333333703e-01 5.074726343154907227e-01
8.434343434343434254e-01 3.326899707317352295e-01
8.535353535353535914e-01 2.848545014858245850e-01
8.636363636363636465e-01 4.402399361133575439e-01
8.737373737373737015e-01 4.375907480716705322e-01
8.838383838383838675e-01 2.660927474498748779e-01
8.939393939393940336e-01 2.850826680660247803e-01
9.040404040404040886e-01 4.054015874862670898e-01
9.141414141414141437e-01 3.452304303646087646e-01
9.242424242424243097e-01 2.121311575174331665e-01
9.343434343434343647e-01 2.811402976512908936e-01
9.444444444444444198e-01 3.588745594024658203e-01
9.545454545454545858e-01 2.690178453922271729e-01
9.646464646464647519e-01 1.842120438814163208e-01
9.747474747474748069e-01 2.748070359230041504e-01
9.848484848484848619e-01 3.021183311939239502e-01
9.949494949494950280e-01 1.975307613611221313e-01
1.005050505050505194e+00 1.797674298286437988e-01
1.015151515151515138e+00 2.542566955089569092e-01
1.025252525252525304e+00 2.276332378387451172e-01
1.035353535353535470e+00 1.442553251981735229e-01
1.045454545454545414e+00 1.784307956695556641e-01
1.055555555555555580e+00 2.181385606527328491e-01
1.065656565656565746e+00 1.637943834066390991e-01
1.075757575757575690e+00 1.194008216261863708e-01
1.085858585858585856e+00 1.709065288305282593e-01
1.095959595959596022e+00 1.694950759410858154e-01
1.106060606060605966e+00 1.109134703874588013e-01
1.116161616161616355e+00 1.166417822241783142e-01
1.126262626262626299e+00 1.474006921052932739e-01
1.136363636363636465e+00 1.166433319449424744e-01
1.146464646464646631e+00 8.309747278690338135e-02
1.156565656565656575e+00 1.115153953433036804e-01
1.166666666666666741e+00 1.122064068913459778e-01
1.176767676767676907e+00 7.396252453327178955e-02
1.186868686868686851e+00 7.692648470401763916e-02
1.196969696969697017e+00 9.426178783178329468e-02
1.207070707070707183e+00 7.280622422695159912e-02
1.217171717171717127e+00 5.498354882001876831e-02
1.227272727272727293e+00 7.149464637041091919e-02
1.237373737373737459e+00 6.575226038694381714e-02
1.247474747474747403e+00 4.503899812698364258e-02
1.257575757575757791e+00 5.120301246643066406e-02
1.267676767676767735e+00 5.532380938529968262e-02
1.277777777777777679e+00 3.981084749102592468e-02
1.287878787878788067e+00 3.604429215192794800e-02
1.297979797979798011e+00 4.224777221679687500e-02
1.308080808080808177e+00 3.377309441566467285e-02
1.318181818181818343e+00 2.572855912148952484e-02
1.328282828282828287e+00 3.135454654693603516e-02
1.338383838383838453e+00 2.771030552685260773e-02
1.348484848484848619e+00 1.934454217553138733e-02
1.358585858585858563e+00 2.165125496685504913e-02
1.368686868686868729e+00 2.109545655548572540e-02
1.378787878787878896e+00 1.483641657978296280e-02
1.388888888888888840e+00 1.505954656749963760e-02
1.398989898989899228e+00 1.557779219001531601e-02
1.409090909090909172e+00 1.151968818157911301e-02
1.419191919191919116e+00 1.047634053975343704e-02
1.429292929292929504e+00 1.101836469024419785e-02
1.439393939393939448e+00 8.210383355617523193e-03
1.449494949494949614e+00 7.079468574374914169e-03
1.459595959595959780e+00 7.331199478358030319e-03
1.469696969696969724e+00 5.825334694236516953e-03
1.479797979797979890e+00 4.731661174446344376e-03
1.489898989898990056e+00 4.684352781623601913e-03
1.500000000000000000e+00 3.469111630693078041e-03
