5.000000000000000000e-01 4.735652823001146317e-03
5.101010101010100550e-01 6.313007324934005737e-03
5.202020202020202211e-01 4.813692532479763031e-03
5.303030303030302761e-01 2.297648927196860313e-03
5.404040404040404422e-01 4.358105827122926712e-03
5.505050505050504972e-01 5.882365629076957703e-03
5.606060606060605522e-01 4.578553140163421631e-03
5.707070707070707183e-01 2.254083752632141113e-03
5.808080808080807733e-01 4.137834068387746811e-03
5.909090909090909394e-01 5.470754113048315048e-03
6.010101010101009944e-01 4.326419904828071594e-03
6.111111111111111605e-01 2.161664189770817757e-03
6.212121212121212155e-01 3.882243996486067772e-03
6.313131313131312705e-01 5.200021434575319290e-03
6.414141414141414366e-01 3.973531536757946014e-03
6.515151515151514916e-01 2.005642978474497795e-03
6.616161616161616577e-01 3.666922217234969139e-03
6.717171717171717127e-01 4.782793577760457993e-03
6.818181818181818787e-01 3.496011020615696907e-03
6.919191919191919338e-01 1.904653268866240978e-03
7.020202020202019888e-01 3.448032541200518608e-03
7.121212121212121549e-01 4.305340349674224854e-03
7.222222222222222099e-01 3.060761839151382446e-03
7.323232323232323759e-01 1.799441059119999409e-03
7.424242424242424310e-01 3.310548374429345131e-03
7.525252525252525970e-01 3.844675840809941292e-03
7.626262626262626521e-01 2.594720805063843727e-03
7.727272727272727071e-01 1.747840200550854206e-03
7.828282828282828731e-01 3.119562286883592606e-03
7.929292929292929282e-01 3.368856618180871010e-03
8.030303030303029832e-01 2.050393726676702499e-03
8.131313131313131493e-01 1.395146944560110569e-03
8.232323232323233153e-01 2.647849963977932930e-03
8.333333333333333703e-01 3.099505323916673660e-03
8.434343434343434254e-01 3.936343826353549957e-03
8.535353535353535914e-01 7.824865169823169708e-03
8.636363636363636465e-01 1.345344912260770798e-02
8.737373737373737015e-01 2.202577702701091766e-02
8.838383838383838675e-01 3.442879766225814819e-02
8.939393939393940336e-01 5.503951385617256165e-02
9.040404040404040886e-01 9.308008849620819092e-02
9.141414141414141437e-01 1.427559405565261841e-01
9.242424242424243097e-01 2.133664935827255249e-01
9.343434343434343647e-01 2.992156147956848145e-01
9.444444444444444198e-01 3.886246979236602783e-01
9.545454545454545858e-01 5.058327913284301758e-01
9.646464646464647519e-01 6.287307143211364746e-01
9.747474747474748069e-01 7.250233888626098633e-01
9.848484848484848619e-01 8.307818770408630371e-01
9.949494949494950280e-01 9.170466065406799316e-01
1.005050505050505194e+00 1.000000000000000000e+00
1.015151515151515138e+00 9.642183780670166016e-01
1.025252525252525304e+00 9.776421785354614258e-01
1.035353535353535470e+00 9.105659723281860352e-01
1.045454545454545414e+00 7.952051758766174316e-01
1.055555555555555580e+00 7.127885818481445312e-01
1.065656565656565746e+00 5.742641687393188477e-01
1.075757575757575690e+00 4.509592950344085693e-01
1.085858585858585856e+00 3.298041820526123047e-01
1.095959595959596022e+00 2.587164938449859619e-01
1.106060606060605966e+00 1.749031543731689453e-01
1.116161616161616355e+00 1.140162423253059387e-01
1.126262626262626299e+00 7.827614992856979370e-02
1.136363636363636465e+00 4.633834585547447205e-02
1.146464646464646631e+00 2.763618156313896179e-02
1.156565656565656575e+00 1.793604902923107147e-02
1.166666666666666741e+00 9.768454357981681824e-03
1.176767676767676907e+00 4.869752563536167145e-03
1.186868686868686851e+00 2.183881588280200958e-03
1.196969696969697017e+00 6.853545201011002064e-04
1.207070707070707183e+00 2.056551602436229587e-04
1.217171717171717127e+00 3.692230966407805681e-04
1.227272727272727293e+00 4.626586160156875849e-04
1.237373737373737459e+00 3.606955287978053093e-04
1.247474747474747403e+00 2.071962808258831501e-04
1.257575757575757791e+00 2.700664917938411236e-04
1.267676767676767735e+00 2.740139025263488293e-04
1.277777777777777679e+00 1.639587426325306296e-04
1.287878787878788067e+00 1.820531033445149660e-04
1.297979797979798011e+00 2.136720140697434545e-04
1.308080808080808177e+00 1.433527068002149463e-04
1.318181818181818343e+00 1.165513094747439027e-04
1.328282828282828287e+00 1.572206674609333277e-04
1.338383838383838453e+00 1.195239674416370690e-04
1.348484848484848619e+00 7.900240598246455193e-05
1.358585858585858563e+00 1.070420912583358586e-04
1.368686868686868729e+00 9.362478886032477021e-05
1.378787878787878896e+00 5.591428998741321266e-05
1.388888888888888840e+00 6.971404945943504572e-05
1.398989898989899228e+00 6.711834430461749434e-05
1.409090909090909172e+00 3.951268081436865032e-05
1.419191919191919116e+00 4.308638744987547398e-05
1.429292929292929504e+00 4.439308395376428962e-05
1.439393939393939448e+00 4.015206286567263305e-05
1.449494949494949614e+00 7.994402403710409999e-05
1.459595959595959780e+00 1.525258703622967005e-04
1.469696969696969724e+00 3.160880878567695618e-04
1.479797979797979890e+00 7.097017951309680939e-04
1.489898989898990056e+00 1.632248284295201302e-03
1.500000000000000000e+00 3.627326805144548416e-03
