5.000000000000000000e-01 1.325378310866653919e-03
5.101010101010100550e-01 1.688060816377401352e-03
5.202020202020202211e-01 1.318167429417371750e-03
5.303030303030302761e-01 8.010948076844215393e-04
5.404040404040404422e-01 1.233604620210826397e-03
5.505050505050504972e-01 1.587167382240295410e-03
5.606060606060605522e-01 1.270243199542164803e-03
5.707070707070707183e-01 7.704141316935420036e-04
5.808080808080807733e-01 1.173089491203427315e-03
5.909090909090909394e-01 1.509178429841995239e-03
6.010101010101009944e-01 1.211661845445632935e-03
6.111111111111111605e-01 7.406359072774648666e-04
6.212121212121212155e-01 1.109335222281515598e-03
6.313131313131312705e-01 1.406138995662331581e-03
6.414141414141414366e-01 1.111360033974051476e-03
6.515151515151514916e-01 6.980271427892148495e-04
6.616161616161616577e-01 1.058305264450609684e-03
6.717171717171717127e-01 1.307337312027812004e-03
6.818181818181818787e-01 1.024714088998734951e-03
6.919191919191919338e-01 6.669682916253805161e-04
7.020202020202019888e-01 1.001724274829030037e-03
7.121212121212121549e-01 1.193958683870732784e-03
7.222222222222222099e-01 9.019567514769732952e-04
7.323232323232323759e-01 6.266864947974681854e-04
7.424242424242424310e-01 9.625314851291477680e-04
7.525252525252525970e-01 1.089919125661253929e-03
7.626262626262626521e-01 7.952712476253509521e-04
7.727272727272727071e-01 6.068613729439675808e-04
7.828282828282828731e-01 9.079745505005121231e-04
7.929292929292929282e-01 9.737284854054450989e-04
8.030303030303029832e-01 6.680227816104888916e-04
8.131313131313131493e-01 6.370429764501750469e-04
8.232323232323233153e-01 9.793345816433429718e-04
8.333333333333333703e-01 1.041482551954686642e-03
8.434343434343434254e-01 8.050161995925009251e-04
8.535353535353535914e-01 3.414516395423561335e-04
8.636363636363636465e-01 8.501369156874716282e-04
8.737373737373737015e-01 2.002540975809097290e-03
8.838383838383838675e-01 4.620216786861419678e-03
8.939393939393940336e-01 7.391773164272308350e-03
9.040404040404040886e-01 1.080246828496456146e-02
9.141414141414141437e-01 1.484997384250164032e-02
9.242424242424243097e-01 2.048797532916069031e-02
9.343434343434343647e-01 2.627453766763210297e-02
9.444444444444444198e-01 3.388531878590583801e-02
9.545454545454545858e-01 3.835486993193626404e-02
9.646464646464647519e-01 5.418984219431877136e-02
9.747474747474748069e-01 5.492054298520088196e-02
9.848484848484848619e-01 6.000255793333053589e-02
9.949494949494950280e-01 6.071951612830162048e-02
1.005050505050505194e+00 7.016382366418838501e-02
1.015151515151515138e+00 6.287980824708938599e-02
1.025252525252525304e+00 5.806270241737365723e-02
1.035353535353535470e+00 5.043939873576164246e-02
1.045454545454545414e+00 4.359101876616477966e-02
1.055555555555555580e+00 3.798397257924079895e-02
1.065656565656565746e+00 2.535646967589855194e-02
1.075757575757575690e+00 2.106817252933979034e-02
1.085858585858585856e+00 1.395478751510381699e-02
1.095959595959596022e+00 9.571090340614318848e-03
1.106060606060605966e+00 7.382462266832590103e-03
1.116161616161616355e+00 4.713195841759443283e-03
1.126262626262626299e+00 2.852191682904958725e-03
1.136363636363636465e+00 1.729770796373486519e-03
1.146464646464646631e+00 8.201250457204878330e-04
1.156565656565656575e+00 3.174240700900554657e-04
1.166666666666666741e+00 1.189007452921941876e-04
1.176767676767676907e+00 1.841051998781040311e-04
1.186868686868686851e+00 2.112617949023842812e-04
1.196969696969697017e+00 1.945176045410335064e-04
1.207070707070707183e+00 1.291665685130283237e-04
1.217171717171717127e+00 1.108064461732283235e-04
1.227272727272727293e+00 1.321417512372136116e-04
1.237373737373737459e+00 1.093536920961923897e-04
1.247474747474747403e+00 8.373515447601675987e-05
1.257575757575757791e+00 9.949605737347155809e-05
1.267676767676767735e+00 9.575948934070765972e-05
1.277777777777777679e+00 8.239103772211819887e-05
1.287878787878788067e+00 1.119670560001395643e-04
1.297979797979798011e+00 1.537405623821541667e-04
1.308080808080808177e+00 2.417151990812271833e-04
1.318181818181818343e+00 5.059987888671457767e-04
1.328282828282828287e+00 1.141926622949540615e-03
1.338383838383838453e+00 2.439432311803102493e-03
1.348484848484848619e+00 4.880877211689949036e-03
1.358585858585858563e+00 9.181762114167213440e-03
1.368686868686868729e+00 1.678584329783916473e-02
1.378787878787878896e+00 2.978695183992385864e-02
1.388888888888888840e+00 4.924353957176208496e-02
1.398989898989899228e+00 7.927353680133819580e-02
1.409090909090909172e+00 1.231268197298049927e-01
1.419191919191919116e+00 1.832201033830642700e-01
1.429292929292929504e+00 2.580797672271728516e-01
1.439393939393939448e+00 3.564908802509307861e-01
1.449494949494949614e+00 4.679720699787139893e-01
1.459595959595959780e+00 5.864165425300598145e-01
1.469696969696969724e+00 7.074927091598510742e-01
1.479797979797979890e+00 8.279542922973632812e-01
1.489898989898990056e+00 9.307007193565368652e-01
1.500000000000000000e+00 1.000000000000000000e+00
