5.000000000000000000e-01 5.474405884742736816e-01
5.101010101010100550e-01 6.053359508514404297e-01
5.202020202020202211e-01 6.157451868057250977e-01
5.303030303030302761e-01 5.973291993141174316e-01
5.404040404040404422e-01 6.319897174835205078e-01
5.505050505050504972e-01 6.949244737625122070e-01
5.606060606060605522e-01 7.150871157646179199e-01
5.707070707070707183e-01 7.124679088592529297e-01
5.808080808080807733e-01 7.449311017990112305e-01
5.909090909090909394e-01 8.154221773147583008e-01
6.010101010101009944e-01 8.490809202194213867e-01
6.111111111111111605e-01 8.491578698158264160e-01
6.212121212121212155e-01 8.753014206886291504e-01
6.313131313131312705e-01 9.339543581008911133e-01
6.414141414141414366e-01 9.700552821159362793e-01
6.515151515151514916e-01 9.590212702751159668e-01
6.616161616161616577e-01 9.574078917503356934e-01
6.717171717171717127e-01 9.884748458862304688e-01
6.818181818181818787e-01 1.000000000000000000e+00
6.919191919191919338e-01 9.726639389991760254e-01
7.020202020202019888e-01 9.319925904273986816e-01
7.121212121212121549e-01 9.237405657768249512e-01
7.222222222222222099e-01 9.134904742240905762e-01
7.323232323232323759e-01 8.572410941123962402e-01
7.424242424242424310e-01 7.911790013313293457e-01
7.525252525252525970e-01 7.477458715438842773e-01
7.626262626262626521e-01 7.194654941558837891e-01
7.727272727272727071e-01 6.610605120658874512e-01
7.828282828282828731e-01 5.828183889389038086e-01
7.929292929292929282e-01 5.395430922508239746e-01
8.030303030303029832e-01 5.036221146583557129e-01
8.131313131313131493e-01 4.550885260105133057e-01
8.232323232323233153e-01 3.935007452964782715e-01
8.333333333333333703e-01 3.558056950569152832e-01
8.434343434343434254e-01 3.364835977554321289e-01
8.535353535353535914e-01 2.998750507831573486e-01
8.636363636363636465e-01 2.540136277675628662e-01
8.737373737373737015e-01 2.321001738309860229e-01
8.838383838383838675e-01 2.241450250148773193e-01
8.939393939393940336e-01 1.972048729658126831e-01
9.040404040404040886e-01 1.658953726291656494e-01
9.141414141414141437e-01 1.571882367134094238e-01
9.242424242424243097e-01 1.524955183267593384e-01
9.343434343434343647e-01 1.296257674694061279e-01
9.444444444444444198e-01 1.108087450265884399e-01
9.545454545454545858e-01 1.100258231163024902e-01
9.646464646464647519e-01 1.047760248184204102e-01
9.747474747474748069e-01 8.658553659915924072e-02
9.848484848484848619e-01 7.637682557106018066e-02
9.949494949494950280e-01 7.875781506299972534e-02
1.005050505050505194e+00 7.149984687566757202e-02
1.015151515151515138e+00 5.717369541525840759e-02
1.025252525252525304e+00 5.442690104246139526e-02
1.035353535353535470e+00 5.601222068071365356e-02
1.045454545454545414e+00 4.743270948529243469e-02
1.055555555555555580e+00 3.844151273369789124e-02
1.065656565656565746e+00 4.021227359771728516e-02
1.075757575757575690e+00 3.911183029413223267e-02
1.085858585858585856e+00 3.035003133118152618e-02
1.095959595959596022e+00 2.715291641652584076e-02
1.106060606060605966e+00 2.938076481223106384e-02
1.116161616161616355e+00 2.545699290931224823e-02
1.126262626262626299e+00 1.914611645042896271e-02
1.136363636363636465e+00 2.009945362806320190e-02
1.146464646464646631e+00 2.026348002254962921e-02
1.156565656565656575e+00 1.527422014623880386e-02
1.166666666666666741e+00 1.312472671270370483e-02
1.176767676767676907e+00 1.470040064305067062e-02
1.186868686868686851e+00 1.269226521253585815e-02
1.196969696969697017e+00 9.072436019778251648e-03
1.207070707070707183e+00 9.802004322409629822e-03
1.217171717171717127e+00 9.788456372916698456e-03
1.227272727272727293e+00 6.983385421335697174e-03
1.237373737373737459e+00 6.223754025995731354e-03
1.247474747474747403e+00 7.019245531409978867e-03
1.257575757575757791e+00 5.530492402613162994e-03
1.267676767676767735e+00 3.950928337872028351e-03
1.277777777777777679e+00 4.655397962778806686e-03
1.287878787878788067e+00 4.206716548651456833e-03
1.297979797979798011e+00 2.738996176049113274e-03
1.308080808080808177e+00 2.890045987442135811e-03
1.318181818181818343e+00 3.000583965331315994e-03
1.328282828282828287e+00 1.997400773689150810e-03
1.338383838383838453e+00 1.724869012832641602e-03
1.348484848484848619e+00 2.007015282288193703e-03
1.358585858585858563e+00 1.438018400222063065e-03
1.368686868686868729e+00 1.026311889290809631e-03
1.378787878787878896e+00 1.263258047401905060e-03
1.388888888888888840e+00 1.005840837024152279e-03
1.398989898989899228e+00 6.132879643701016903e-04
1.409090909090909172e+00 7.599800010211765766e-04
1.419191919191919116e+00 6.584196817129850388e-04
1.429292929292929504e+00 3.760114195756614208e-04
1.439393939393939448e+00 4.407329543028026819e-04
1.449494949494949614e+00 4.105972766410559416e-04
1.459595959595959780e+00 2.253648708574473858e-04
1.469696969696969724e+00 2.465786819811910391e-04
1.479797979797979890e+00 2.446098951622843742e-04
1.489898989898990056e+00 1.315673580393195152e-04
1.500000000000000000e+00 1.341418828815221786e-04
