5.000000000000000000e-01 7.278522253036499023e-01
5.101010101010100550e-01 1.000000000000000000e+00
5.202020202020202211e-01 8.370820283889770508e-01
5.303030303030302761e-01 4.716286361217498779e-01
5.404040404040404422e-01 6.812378168106079102e-01
5.505050505050504972e-01 9.469019770622253418e-01
5.606060606060605522e-01 8.117465376853942871e-01
5.707070707070707183e-01 4.547652900218963623e-01
5.808080808080807733e-01 6.389200091361999512e-01
5.909090909090909394e-01 8.966258168220520020e-01
6.010101010101009944e-01 7.716719508171081543e-01
6.111111111111111605e-01 4.452248215675354004e-01
6.212121212121212155e-01 6.100152134895324707e-01
6.313131313131312705e-01 8.348858356475830078e-01
6.414141414141414366e-01 6.956833004951477051e-01
6.515151515151514916e-01 4.091165661811828613e-01
6.616161616161616577e-01 5.767521858215332031e-01
6.717171717171717127e-01 7.853443026542663574e-01
6.818181818181818787e-01 6.419746279716491699e-01
6.919191919191919338e-01 3.896179795265197754e-01
7.020202020202019888e-01 5.656450390815734863e-01
7.121212121212121549e-01 7.197690606117248535e-01
7.222222222222222099e-01 5.881151556968688965e-01
7.323232323232323759e-01 3.568370938301086426e-01
7.424242424242424310e-01 5.330691933631896973e-01
7.525252525252525970e-01 6.524115204811096191e-01
7.626262626262626521e-01 5.040716528892517090e-01
7.727272727272727071e-01 3.339287340641021729e-01
7.828282828282828731e-01 5.124232769012451172e-01
7.929292929292929282e-01 5.886569023132324219e-01
8.030303030303029832e-01 4.189793169498443604e-01
8.131313131313131493e-01 3.083404302597045898e-01
8.232323232323233153e-01 4.881956279277801514e-01
8.333333333333333703e-01 5.251089334487915039e-01
8.434343434343434254e-01 3.571906089782714844e-01
8.535353535353535914e-01 3.051107823848724365e-01
8.636363636363636465e-01 4.509292840957641602e-01
8.737373737373737015e-01 4.351483583450317383e-01
8.838383838383838675e-01 2.844337821006774902e-01
8.939393939393940336e-01 3.072374165058135986e-01
9.040404040404040886e-01 4.166907668113708496e-01
9.141414141414141437e-01 3.605630099773406982e-01
9.242424242424243097e-01 2.350335419178009033e-01
9.343434343434343647e-01 3.019524514675140381e-01
9.444444444444444198e-01 3.692340552806854248e-01
9.545454545454545858e-01 2.855783104896545410e-01
9.646464646464647519e-01 2.024118155241012573e-01
9.747474747474748069e-01 2.916101813316345215e-01
9.848484848484848619e-01 3.057358264923095703e-01
9.949494949494950280e-01 2.131752669811248779e-01
1.005050505050505194e+00 1.951534748077392578e-01
1.015151515151515138e+00 2.716125547885894775e-01
1.025252525252525304e+00 2.413530498743057251e-01
1.035353535353535470e+00 1.608229577541351318e-01
1.045454545454545414e+00 1.944757550954818726e-01
1.055555555555555580e+00 2.297076582908630371e-01
1.065656565656565746e+00 1.778687387704849243e-01
1.075757575757575690e+00 1.372854411602020264e-01
1.085858585858585856e+00 1.802584975957870483e-01
1.095959595959596022e+00 1.774049252271652222e-01
1.106060606060605966e+00 1.242858245968818665e-01
1.116161616161616355e+00 1.300285309553146362e-01
1.126262626262626299e+00 1.598092168569564819e-01
1.136363636363636465e+00 1.270620524883270264e-01
1.146464646464646631e+00 9.469550102949142456e-02
1.156565656565656575e+00 1.220934018492698669e-01
1.166666666666666741e+00 1.199136450886726379e-01
1.176767676767676907e+00 8.520167320966720581e-02
1.186868686868686851e+00 8.818721026182174683e-02
1.196969696969697017e+00 1.027345284819602966e-01
1.207070707070707183e+00 7.919928431510925293e-02
1.217171717171717127e+00 6.510461866855621338e-02
1.227272727272727293e+00 8.031944930553436279e-02
1.237373737373737459e+00 7.262992858886718750e-02
1.247474747474747403e+00 5.228310078382492065e-02
1.257575757575757791e+00 5.741264671087265015e-02
1.267676767676767735e+00 6.137357652187347412e-02
1.277777777777777679e+00 4.570823907852172852e-02
1.287878787878788067e+00 4.169665649533271790e-02
1.297979797979798011e+00 4.825600609183311462e-02
1.308080808080808177e+00 3.937428817152976990e-02
1.318181818181818343e+00 3.101641312241554260e-02
1.328282828282828287e+00 3.529834747314453125e-02
1.338383838383838453e+00 3.184306621551513672e-02
1.348484848484848619e+00 2.412821725010871887e-02
1.358585858585858563e+00 2.568742074072360992e-02
1.368686868686868729e+00 2.506304718554019928e-02
1.378787878787878896e+00 1.825258135795593262e-02
1.388888888888888840e+00 1.843728870153427124e-02
1.398989898989899228e+00 1.853149570524692535e-02
1.409090909090909172e+00 1.393795851618051529e-02
1.419191919191919116e+00 1.288892235606908798e-02
1.429292929292929504e+00 1.278496161103248596e-02
1.439393939393939448e+00 9.286542423069477081e-03
1.449494949494949614e+00 7.386542391031980515e-03
1.459595959595959780e+00 6.318992935121059418e-03
1.469696969696969724e+00 3.203833242878317833e-03
1.479797979797979890e+00 4.532780498266220093e-03
1.489898989898990056e+00 7.626319304108619690e-03
1.500000000000000000e+00 1.135155465453863144e-02
