5.000000000000000000e-01 7.605783939361572266e-01
5.101010101010100550e-01 1.000000000000000000e+00
5.202020202020202211e-01 8.363937735557556152e-01
5.303030303030302761e-01 4.947660565376281738e-01
5.404040404040404422e-01 7.313231229782104492e-01
5.505050505050504972e-01 9.824848175048828125e-01
5.606060606060605522e-01 8.087148070335388184e-01
5.707070707070707183e-01 4.818314909934997559e-01
5.808080808080807733e-01 6.596497297286987305e-01
5.909090909090909394e-01 9.041843414306640625e-01
6.010101010101009944e-01 7.779796123504638672e-01
6.111111111111111605e-01 4.586541354656219482e-01
6.212121212121212155e-01 6.537030339241027832e-01
6.313131313131312705e-01 8.552268743515014648e-01
6.414141414141414366e-01 7.123944759368896484e-01
6.515151515151514916e-01 4.383941888809204102e-01
6.616161616161616577e-01 6.116979122161865234e-01
6.717171717171717127e-01 8.176507949829101562e-01
6.818181818181818787e-01 6.501353979110717773e-01
6.919191919191919338e-01 4.024848639965057373e-01
7.020202020202019888e-01 5.754427909851074219e-01
7.121212121212121549e-01 7.360129356384277344e-01
7.222222222222222099e-01 5.813139677047729492e-01
7.323232323232323759e-01 3.709700107574462891e-01
7.424242424242424310e-01 5.627467632293701172e-01
7.525252525252525970e-01 6.693795919418334961e-01
7.626262626262626521e-01 5.045802593231201172e-01
7.727272727272727071e-01 3.601029813289642334e-01
7.828282828282828731e-01 5.377489924430847168e-01
7.929292929292929282e-01 6.039097905158996582e-01
8.030303030303029832e-01 4.310445189476013184e-01
8.131313131313131493e-01 3.406617343425750732e-01
8.232323232323233153e-01 5.171444416046142578e-01
8.333333333333333703e-01 5.333907008171081543e-01
8.434343434343434254e-01 3.587435781955718994e-01
8.535353535353535914e-01 3.348864316940307617e-01
8.636363636363636465e-01 4.796912670135498047e-01
8.737373737373737015e-01 4.540525674819946289e-01
8.838383838383838675e-01 2.977133393287658691e-01
8.939393939393940336e-01 3.360046446323394775e-01
9.040404040404040886e-01 4.436591863632202148e-01
9.141414141414141437e-01 3.660607635974884033e-01
9.242424242424243097e-01 2.439135611057281494e-01
9.343434343434343647e-01 3.213014900684356689e-01
9.444444444444444198e-01 3.845818042755126953e-01
9.545454545454545858e-01 2.952082157135009766e-01
9.646464646464647519e-01 2.282602190971374512e-01
9.747474747474748069e-01 3.195558190345764160e-01
9.848484848484848619e-01 3.319188654422760010e-01
9.949494949494950280e-01 2.292108386754989624e-01
1.005050505050505194e+00 2.121349573135375977e-01
1.015151515151515138e+00 2.737858891487121582e-01
1.025252525252525304e+00 2.382279783487319946e-01
1.035353535353535470e+00 1.657313555479049683e-01
1.045454545454545414e+00 2.082819491624832153e-01
1.055555555555555580e+00 2.371451854705810547e-01
1.065656565656565746e+00 1.880545020103454590e-01
1.075757575757575690e+00 1.530471295118331909e-01
1.085858585858585856e+00 1.976153850555419922e-01
1.095959595959596022e+00 1.876168102025985718e-01
1.106060606060605966e+00 1.300951689481735229e-01
1.116161616161616355e+00 1.440688669681549072e-01
1.126262626262626299e+00 1.666352897882461548e-01
1.136363636363636465e+00 1.312423646450042725e-01
1.146464646464646631e+00 1.063355207443237305e-01
1.156565656565656575e+00 1.340799927711486816e-01
1.166666666666666741e+00 1.247444078326225281e-01
1.176767676767676907e+00 8.998173475265502930e-02
1.186868686868686851e+00 9.796050190925598145e-02
1.196969696969697017e+00 1.108848080039024353e-01
1.207070707070707183e+00 8.537866175174713135e-02
1.217171717171717127e+00 7.195089757442474365e-02
1.227272727272727293e+00 8.355270326137542725e-02
1.237373737373737459e+00 7.798551023006439209e-02
1.247474747474747403e+00 5.628787353634834290e-02
1.257575757575757791e+00 6.397960335016250610e-02
1.267676767676767735e+00 6.479205936193466187e-02
1.277777777777777679e+00 4.901690781116485596e-02
1.287878787878788067e+00 4.699290916323661804e-02
1.297979797979798011e+00 5.178093537688255310e-02
1.308080808080808177e+00 4.015811160206794739e-02
1.318181818181818343e+00 3.508429229259490967e-02
1.328282828282828287e+00 3.904512524604797363e-02
1.338383838383838453e+00 3.314261138439178467e-02
1.348484848484848619e+00 2.628485858440399170e-02
1.358585858585858563e+00 2.929659746587276459e-02
1.368686868686868729e+00 2.752611786127090454e-02
1.378787878787878896e+00 2.564302831888198853e-02
1.388888888888888840e+00 3.074624016880989075e-02
1.398989898989899228e+00 3.725361824035644531e-02
1.409090909090909172e+00 4.218665137887001038e-02
1.419191919191919116e+00 5.083471164107322693e-02
1.429292929292929504e+00 6.993947178125381470e-02
1.439393939393939448e+00 1.000525280833244324e-01
1.449494949494949614e+00 1.385550647974014282e-01
1.459595959595959780e+00 1.863811612129211426e-01
1.469696969696969724e+00 2.526313066482543945e-01
1.479797979797979890e+00 3.138346076011657715e-01
1.489898989898990056e+00 3.712747991085052490e-01
1.500000000000000000e+00 4.260044097900390625e-01
