5.000000000000000000e-01 1.000000000000000000e+00
5.101010101010100550e-01 9.936743378639221191e-01
5.202020202020202211e-01 9.687663912773132324e-01
5.303030303030302761e-01 9.011749625205993652e-01
5.404040404040404422e-01 8.148128390312194824e-01
5.505050505050504972e-01 7.018888592720031738e-01
5.606060606060605522e-01 5.863007307052612305e-01
5.707070707070707183e-01 4.742951989173889160e-01
5.808080808080807733e-01 3.611676990985870361e-01
5.909090909090909394e-01 2.625655829906463623e-01
6.010101010101009944e-01 1.800873577594757080e-01
6.111111111111111605e-01 1.170925348997116089e-01
6.212121212121212155e-01 6.941404193639755249e-02
6.313131313131312705e-01 3.607207909226417542e-02
6.414141414141414366e-01 1.361711043864488602e-02
6.515151515151514916e-01 2.418505726382136345e-03
6.616161616161616577e-01 7.623565848916769028e-03
6.717171717171717127e-01 9.872590191662311554e-03
6.818181818181818787e-01 1.085013803094625473e-02
6.919191919191919338e-01 1.131054665893316269e-02
7.020202020202019888e-01 1.045269705355167389e-02
7.121212121212121549e-01 8.861840702593326569e-03
7.222222222222222099e-01 8.320354856550693512e-03
7.323232323232323759e-01 8.403541520237922668e-03
7.424242424242424310e-01 7.552305236458778381e-03
7.525252525252525970e-01 6.384105887264013290e-03
7.626262626262626521e-01 6.270057521760463715e-03
7.727272727272727071e-01 6.405281834304332733e-03
7.828282828282828731e-01 5.693379789590835571e-03
7.929292929292929282e-01 4.771819338202476501e-03
8.030303030303029832e-01 4.879414103925228119e-03
8.131313131313131493e-01 4.902543965727090836e-03
8.232323232323233153e-01 4.189917817711830139e-03
8.333333333333333703e-01 3.600730327889323235e-03
8.434343434343434254e-01 3.797918790951371193e-03
8.535353535353535914e-01 3.759318962693214417e-03
8.636363636363636465e-01 3.071817336603999138e-03
8.737373737373737015e-01 2.742749173194169998e-03
8.838383838383838675e-01 2.992401830852031708e-03
8.939393939393940336e-01 2.826353767886757851e-03
9.040404040404040886e-01 2.217881381511688232e-03
9.141414141414141437e-01 2.139474265277385712e-03
9.242424242424243097e-01 2.381282392889261246e-03
9.343434343434343647e-01 2.125712111592292786e-03
9.444444444444444198e-01 1.636914908885955811e-03
9.545454545454545858e-01 1.497286604717373848e-03
9.646464646464647519e-01 1.417316845618188381e-03
9.747474747474748069e-01 1.058778841979801655e-03
9.848484848484848619e-01 1.480461913160979748e-03
9.949494949494950280e-01 2.340557286515831947e-03
1.005050505050505194e+00 3.080343129113316536e-03
1.015151515151515138e+00 3.045893507078289986e-03
1.025252525252525304e+00 2.527731936424970627e-03
1.035353535353535470e+00 2.423596568405628204e-03
1.045454545454545414e+00 2.946805208921432495e-03
1.055555555555555580e+00 4.263423848897218704e-03
1.065656565656565746e+00 5.041233729571104050e-03
1.075757575757575690e+00 6.322030443698167801e-03
1.085858585858585856e+00 5.212964024394750595e-03
1.095959595959596022e+00 4.511311650276184082e-03
1.106060606060605966e+00 4.774849861860275269e-03
1.116161616161616355e+00 3.130115335807204247e-03
1.126262626262626299e+00 2.947289263829588890e-03
1.136363636363636465e+00 3.107466734945774078e-03
1.146464646464646631e+00 1.916260574944317341e-03
1.156565656565656575e+00 1.757544698193669319e-03
1.166666666666666741e+00 1.213648472912609577e-03
1.176767676767676907e+00 6.010992801748216152e-04
1.186868686868686851e+00 2.435804635751992464e-04
1.196969696969697017e+00 3.322581469547003508e-04
1.207070707070707183e+00 3.322690317872911692e-04
1.217171717171717127e+00 3.266801068093627691e-04
1.227272727272727293e+00 2.083576546283438802e-04
1.237373737373737459e+00 1.255551032954826951e-04
1.247474747474747403e+00 1.396456791553646326e-04
1.257575757575757791e+00 1.175716242869384587e-04
1.267676767676767735e+00 7.886953244451433420e-05
1.277777777777777679e+00 1.033354346873238683e-04
1.287878787878788067e+00 9.796034282771870494e-05
1.297979797979798011e+00 5.835141928400844336e-05
1.308080808080808177e+00 6.205600220710039139e-05
1.318181818181818343e+00 6.951131217647343874e-05
1.328282828282828287e+00 4.494830136536620557e-05
1.338383838383838453e+00 3.648731944849714637e-05
1.348484848484848619e+00 4.655021621147170663e-05
1.358585858585858563e+00 3.394373197806999087e-05
1.368686868686868729e+00 2.134722308255732059e-05
1.378787878787878896e+00 2.927446803369093686e-05
1.388888888888888840e+00 2.397475509496871382e-05
1.398989898989899228e+00 1.303646604355890304e-05
1.409090909090909172e+00 1.766358764143660665e-05
1.419191919191919116e+00 1.603894270374439657e-05
1.429292929292929504e+00 8.159071512636728585e-06
1.439393939393939448e+00 1.015737689158413559e-05
1.449494949494949614e+00 1.005797730613267049e-05
1.459595959595959780e+00 5.132305886945687234e-06
1.469696969696969724e+00 5.668368885380914435e-06
1.479797979797979890e+00 5.995788797008572146e-06
1.489898989898990056e+00 3.055310116906184703e-06
1.500000000000000000e+00 3.090569180130842142e-06
