5.000000000000000000e-01 7.512835785746574402e-03
5.101010101010100550e-01 8.382833562791347504e-03
5.202020202020202211e-01 7.695453241467475891e-03
5.303030303030302761e-01 6.554206367582082748e-03
5.404040404040404422e-01 7.471697404980659485e-03
5.505050505050504972e-01 8.396587334573268890e-03
5.606060606060605522e-01 7.727183867245912552e-03
5.707070707070707183e-01 6.762811448425054550e-03
5.808080808080807733e-01 7.641809992492198944e-03
5.909090909090909394e-01 8.463002741336822510e-03
6.010101010101009944e-01 7.859835401177406311e-03
6.111111111111111605e-01 6.893314421176910400e-03
6.212121212121212155e-01 8.099330589175224304e-03
6.313131313131312705e-01 8.196205832064151764e-03
6.414141414141414366e-01 7.651795633137226105e-03
6.515151515151514916e-01 6.865703035145998001e-03
6.616161616161616577e-01 7.893160916864871979e-03
6.717171717171717127e-01 8.522815071046352386e-03
6.818181818181818787e-01 7.800336927175521851e-03
6.919191919191919338e-01 7.065256126224994659e-03
7.020202020202019888e-01 8.185145445168018341e-03
7.121212121212121549e-01 8.654255419969558716e-03
7.222222222222222099e-01 7.863110862672328949e-03
7.323232323232323759e-01 7.305131759494543076e-03
7.424242424242424310e-01 8.238382637500762939e-03
7.525252525252525970e-01 8.419886231422424316e-03
7.626262626262626521e-01 8.099109865725040436e-03
7.727272727272727071e-01 8.876798674464225769e-03
7.828282828282828731e-01 1.151430606842041016e-02
7.929292929292929282e-01 1.383192371577024460e-02
8.030303030303029832e-01 1.678337901830673218e-02
8.131313131313131493e-01 2.145850285887718201e-02
8.232323232323233153e-01 3.084564954042434692e-02
8.333333333333333703e-01 4.911499097943305969e-02
8.434343434343434254e-01 8.278118073940277100e-02
8.535353535353535914e-01 1.306479871273040771e-01
8.636363636363636465e-01 1.968472898006439209e-01
8.737373737373737015e-01 2.796877622604370117e-01
8.838383838383838675e-01 3.891963064670562744e-01
8.939393939393940336e-01 5.249579548835754395e-01
9.040404040404040886e-01 6.368229389190673828e-01
9.141414141414141437e-01 7.324523329734802246e-01
9.242424242424243097e-01 8.655967116355895996e-01
9.343434343434343647e-01 9.400327205657958984e-01
9.444444444444444198e-01 9.847318530082702637e-01
9.545454545454545858e-01 9.974567890167236328e-01
9.646464646464647519e-01 1.000000000000000000e+00
9.747474747474748069e-01 9.027999043464660645e-01
9.848484848484848619e-01 8.074957728385925293e-01
9.949494949494950280e-01 6.850367784500122070e-01
1.005050505050505194e+00 5.462133288383483887e-01
1.015151515151515138e+00 3.963007628917694092e-01
1.025252525252525304e+00 2.569683790206909180e-01
1.035353535353535470e+00 1.568016558885574341e-01
1.045454545454545414e+00 1.574250608682632446e-01
1.055555555555555580e+00 2.120002955198287964e-01
1.065656565656565746e+00 2.929169237613677979e-01
1.075757575757575690e+00 3.514173626899719238e-01
1.085858585858585856e+00 3.910225927829742432e-01
1.095959595959596022e+00 3.954331576824188232e-01
1.106060606060605966e+00 3.791709840297698975e-01
1.116161616161616355e+00 3.485790491104125977e-01
1.126262626262626299e+00 3.112333416938781738e-01
1.136363636363636465e+00 2.623923122882843018e-01
1.146464646464646631e+00 2.112719118595123291e-01
1.156565656565656575e+00 1.653950065374374390e-01
1.166666666666666741e+00 1.262780874967575073e-01
1.176767676767676907e+00 8.932679146528244019e-02
1.186868686868686851e+00 6.241760030388832092e-02
1.196969696969697017e+00 4.033619165420532227e-02
1.207070707070707183e+00 2.466656267642974854e-02
1.217171717171717127e+00 1.510088983923196793e-02
1.227272727272727293e+00 8.516964502632617950e-03
1.237373737373737459e+00 4.895483143627643585e-03
1.247474747474747403e+00 2.940795384347438812e-03
1.257575757575757791e+00 1.735152909532189369e-03
1.267676767676767735e+00 9.437662665732204914e-04
1.277777777777777679e+00 5.078615504316985607e-04
1.287878787878788067e+00 2.697700401768088341e-04
1.297979797979798011e+00 1.223403087351471186e-04
1.308080808080808177e+00 1.095375409931875765e-04
1.318181818181818343e+00 1.320292212767526507e-04
1.328282828282828287e+00 1.045126482495106757e-04
1.338383838383838453e+00 8.274526044260710478e-05
1.348484848484848619e+00 9.216141188517212868e-05
1.358585858585858563e+00 7.186638686107471585e-05
1.368686868686868729e+00 5.127840267959982157e-05
1.378787878787878896e+00 5.525249434867873788e-05
1.388888888888888840e+00 4.788317528436891735e-05
1.398989898989899228e+00 3.050460145459510386e-05
1.409090909090909172e+00 3.194292003172449768e-05
1.419191919191919116e+00 2.888077324314508587e-05
1.429292929292929504e+00 1.847403655119705945e-05
1.439393939393939448e+00 1.814171810110565275e-05
1.449494949494949614e+00 1.760355553415138274e-05
1.459595959595959780e+00 1.115281702368520200e-05
1.469696969696969724e+00 1.022740616463124752e-05
1.479797979797979890e+00 1.031003102980321273e-05
1.489898989898990056e+00 6.145080078567843884e-06
1.500000000000000000e+00 5.518095804291078821e-06
