5.000000000000000000e-01 7.597026824951171875e-01
5.101010101010100550e-01 1.000000000000000000e+00
5.202020202020202211e-01 8.656163215637207031e-01
5.303030303030302761e-01 5.619092583656311035e-01
5.404040404040404422e-01 7.189710736274719238e-01
5.505050505050504972e-01 9.520152211189270020e-01
5.606060606060605522e-01 8.402321934700012207e-01
5.707070707070707183e-01 5.432386398315429688e-01
5.808080808080807733e-01 6.822495460510253906e-01
5.909090909090909394e-01 9.012591242790222168e-01
6.010101010101009944e-01 8.015383481979370117e-01
6.111111111111111605e-01 5.321761369705200195e-01
6.212121212121212155e-01 6.502276659011840820e-01
6.313131313131312705e-01 8.505218625068664551e-01
6.414141414141414366e-01 7.525828480720520020e-01
6.515151515151514916e-01 5.085278749465942383e-01
6.616161616161616577e-01 6.236536502838134766e-01
6.717171717171717127e-01 8.106653690338134766e-01
6.818181818181818787e-01 6.971453428268432617e-01
6.919191919191919338e-01 4.810477495193481445e-01
7.020202020202019888e-01 6.106946468353271484e-01
7.121212121212121549e-01 7.478471994400024414e-01
7.222222222222222099e-01 6.341015100479125977e-01
7.323232323232323759e-01 4.489225745201110840e-01
7.424242424242424310e-01 5.791525244712829590e-01
7.525252525252525970e-01 6.842887401580810547e-01
7.626262626262626521e-01 5.671977996826171875e-01
7.727272727272727071e-01 4.226279556751251221e-01
7.828282828282828731e-01 5.578165054321289062e-01
7.929292929292929282e-01 6.290917396545410156e-01
8.030303030303029832e-01 5.018797516822814941e-01
8.131313131313131493e-01 3.996659815311431885e-01
8.232323232323233153e-01 5.312875509262084961e-01
8.333333333333333703e-01 5.673666596412658691e-01
8.434343434343434254e-01 4.287390708923339844e-01
8.535353535353535914e-01 3.809537291526794434e-01
8.636363636363636465e-01 4.994428455829620361e-01
8.737373737373737015e-01 4.980827569961547852e-01
8.838383838383838675e-01 3.628792464733123779e-01
8.939393939393940336e-01 3.677325844764709473e-01
9.040404040404040886e-01 4.676654636859893799e-01
9.141414141414141437e-01 4.296861588954925537e-01
9.242424242424243097e-01 3.139374256134033203e-01
9.343434343434343647e-01 3.575996458530426025e-01
9.444444444444444198e-01 4.205065965652465820e-01
9.545454545454545858e-01 3.515966236591339111e-01
9.646464646464647519e-01 2.782836854457855225e-01
9.747474747474748069e-01 3.437884151935577393e-01
9.848484848484848619e-01 3.657080233097076416e-01
9.949494949494950280e-01 2.854150235652923584e-01
1.005050505050505194e+00 2.610224485397338867e-01
1.015151515151515138e+00 3.193872869014739990e-01
1.025252525252525304e+00 3.027417063713073730e-01
1.035353535353535470e+00 2.319547683000564575e-01
1.045454545454545414e+00 2.521209120750427246e-01
1.055555555555555580e+00 2.841292023658752441e-01
1.065656565656565746e+00 2.404195368289947510e-01
1.075757575757575690e+00 2.030144482851028442e-01
1.085858585858585856e+00 2.359601259231567383e-01
1.095959595959596022e+00 2.360802292823791504e-01
1.106060606060605966e+00 1.890268772840499878e-01
1.116161616161616355e+00 1.872143894433975220e-01
1.126262626262626299e+00 2.120740115642547607e-01
1.136363636363636465e+00 1.867158114910125732e-01
1.146464646464646631e+00 1.561749130487442017e-01
1.156565656565656575e+00 1.750496029853820801e-01
1.166666666666666741e+00 1.771672666072845459e-01
1.176767676767676907e+00 1.455663442611694336e-01
1.186868686868686851e+00 1.427538990974426270e-01
1.196969696969697017e+00 1.553244590759277344e-01
1.207070707070707183e+00 1.363304555416107178e-01
1.217171717171717127e+00 1.210673078894615173e-01
1.227272727272727293e+00 1.320052146911621094e-01
1.237373737373737459e+00 1.275239735841751099e-01
1.247474747474747403e+00 1.100229471921920776e-01
1.257575757575757791e+00 1.146766543388366699e-01
1.267676767676767735e+00 1.181936860084533691e-01
1.277777777777777679e+00 1.079799979925155640e-01
1.287878787878788067e+00 1.052130237221717834e-01
1.297979797979798011e+00 1.139619946479797363e-01
1.308080808080808177e+00 1.106358617544174194e-01
1.318181818181818343e+00 1.075909957289695740e-01
1.328282828282828287e+00 1.150519698858261108e-01
1.338383838383838453e+00 1.178815141320228577e-01
1.348484848484848619e+00 1.143515259027481079e-01
1.358585858585858563e+00 1.170997247099876404e-01
1.368686868686868729e+00 1.174582615494728088e-01
1.378787878787878896e+00 1.127026751637458801e-01
1.388888888888888840e+00 1.068795248866081238e-01
1.398989898989899228e+00 1.030874773859977722e-01
1.409090909090909172e+00 9.651467949151992798e-02
1.419191919191919116e+00 8.603224158287048340e-02
1.429292929292929504e+00 7.759210467338562012e-02
1.439393939393939448e+00 6.859837472438812256e-02
1.449494949494949614e+00 5.755209177732467651e-02
1.459595959595959780e+00 4.831471666693687439e-02
1.469696969696969724e+00 4.020644351840019226e-02
1.479797979797979890e+00 3.202999755740165710e-02
1.489898989898990056e+00 2.452536113560199738e-02
1.500000000000000000e+00 1.919046044349670410e-02
