5.000000000000000000e-01 7.645130157470703125e-01
5.101010101010100550e-01 8.261765837669372559e-01
5.202020202020202211e-01 8.742021322250366211e-01
5.303030303030302761e-01 8.758638501167297363e-01
5.404040404040404422e-01 9.025462269783020020e-01
5.505050505050504972e-01 9.562208652496337891e-01
5.606060606060605522e-01 9.854485988616943359e-01
5.707070707070707183e-01 9.803923368453979492e-01
5.808080808080807733e-01 9.739742875099182129e-01
5.909090909090909394e-01 9.850420951843261719e-01
6.010101010101009944e-01 1.000000000000000000e+00
6.111111111111111605e-01 9.677869677543640137e-01
6.212121212121212155e-01 9.133166670799255371e-01
6.313131313131312705e-01 8.956447839736938477e-01
6.414141414141414366e-01 8.753147125244140625e-01
6.515151515151514916e-01 8.224787712097167969e-01
6.616161616161616577e-01 7.588135600090026855e-01
6.717171717171717127e-01 7.002810835838317871e-01
6.818181818181818787e-01 6.659960150718688965e-01
6.919191919191919338e-01 6.185297369956970215e-01
7.020202020202019888e-01 5.407207608222961426e-01
7.121212121212121549e-01 4.876396059989929199e-01
7.222222222222222099e-01 4.625990092754364014e-01
7.323232323232323759e-01 4.252949655055999756e-01
7.424242424242424310e-01 3.714739084243774414e-01
7.525252525252525970e-01 3.271358907222747803e-01
7.626262626262626521e-01 3.100769817829132080e-01
7.727272727272727071e-01 2.893451452255249023e-01
7.828282828282828731e-01 2.472524344921112061e-01
7.929292929292929282e-01 2.191161066293716431e-01
8.030303030303029832e-01 2.118118256330490112e-01
8.131313131313131493e-01 1.984677910804748535e-01
8.232323232323233153e-01 1.680112630128860474e-01
8.333333333333333703e-01 1.526373028755187988e-01
8.434343434343434254e-01 1.518366336822509766e-01
8.535353535353535914e-01 1.392229944467544556e-01
8.636363636363636465e-01 1.169974952936172485e-01
8.737373737373737015e-01 1.083917766809463501e-01
8.838383838383838675e-01 1.108595803380012512e-01
8.939393939393940336e-01 9.905622154474258423e-02
9.040404040404040886e-01 8.141061663627624512e-02
9.141414141414141437e-01 8.005148917436599731e-02
9.242424242424243097e-01 8.207666128873825073e-02
9.343434343434343647e-01 6.957267224788665771e-02
9.444444444444444198e-01 5.821056663990020752e-02
9.545454545454545858e-01 6.052570417523384094e-02
9.646464646464647519e-01 5.952427536249160767e-02
9.747474747474748069e-01 4.817803204059600830e-02
9.848484848484848619e-01 4.184319823980331421e-02
9.949494949494950280e-01 4.555894434452056885e-02
1.005050505050505194e+00 4.256351292133331299e-02
1.015151515151515138e+00 3.261647373437881470e-02
1.025252525252525304e+00 3.161488100886344910e-02
1.035353535353535470e+00 3.372886404395103455e-02
1.045454545454545414e+00 2.850754745304584503e-02
1.055555555555555580e+00 2.217493765056133270e-02
1.065656565656565746e+00 2.428340725600719452e-02
1.075757575757575690e+00 2.425791509449481964e-02
1.085858585858585856e+00 1.839105971157550812e-02
1.095959595959596022e+00 1.633063517510890961e-02
1.106060606060605966e+00 1.841989718377590179e-02
1.116161616161616355e+00 1.605343632400035858e-02
1.126262626262626299e+00 1.155636645853519440e-02
1.136363636363636465e+00 1.267799455672502518e-02
1.146464646464646631e+00 1.301932241767644882e-02
1.156565656565656575e+00 9.614534676074981689e-03
1.166666666666666741e+00 8.104322478175163269e-03
1.176767676767676907e+00 9.534488432109355927e-03
1.186868686868686851e+00 8.139888755977153778e-03
1.196969696969697017e+00 5.600849166512489319e-03
1.207070707070707183e+00 6.334419362246990204e-03
1.217171717171717127e+00 6.427012383937835693e-03
1.227272727272727293e+00 4.452012944966554642e-03
1.237373737373737459e+00 3.959017340093851089e-03
1.247474747474747403e+00 4.640409257262945175e-03
1.257575757575757791e+00 3.641133662313222885e-03
1.267676767676767735e+00 2.519238507375121117e-03
1.277777777777777679e+00 3.108780132606625557e-03
1.287878787878788067e+00 2.815035404637455940e-03
1.297979797979798011e+00 1.747487229295074940e-03
1.308080808080808177e+00 1.924989279359579086e-03
1.318181818181818343e+00 2.030290430411696434e-03
1.328282828282828287e+00 1.312331063672900200e-03
1.338383838383838453e+00 1.146265887655317783e-03
1.348484848484848619e+00 1.368514029309153557e-03
1.358585858585858563e+00 9.671081206761300564e-04
1.368686868686868729e+00 6.717726937495172024e-04
1.378787878787878896e+00 8.647085051052272320e-04
1.388888888888888840e+00 6.843073642812669277e-04
1.398989898989899228e+00 4.017142928205430508e-04
1.409090909090909172e+00 5.223627085797488689e-04
1.419191919191919116e+00 4.550605663098394871e-04
1.429292929292929504e+00 2.470894542057067156e-04
1.439393939393939448e+00 3.014882677234709263e-04
1.449494949494949614e+00 2.841385139618068933e-04
1.459595959595959780e+00 1.499991049058735371e-04
1.469696969696969724e+00 1.694524980848655105e-04
1.479797979797979890e+00 1.688663178356364369e-04
1.489898989898990056e+00 8.846197306411340833e-05
1.500000000000000000e+00 9.231499279849231243e-05
