5.000000000000000000e-01 7.993428707122802734e-01
5.101010101010100550e-01 8.655126690864562988e-01
5.202020202020202211e-01 9.018440842628479004e-01
5.303030303030302761e-01 9.030095934867858887e-01
5.404040404040404422e-01 9.141259789466857910e-01
5.505050505050504972e-01 9.653691649436950684e-01
5.606060606060605522e-01 1.000000000000000000e+00
5.707070707070707183e-01 9.863061308860778809e-01
5.808080808080807733e-01 9.698939919471740723e-01
5.909090909090909394e-01 9.821376800537109375e-01
6.010101010101009944e-01 9.921295642852783203e-01
6.111111111111111605e-01 9.580373764038085938e-01
6.212121212121212155e-01 9.051754474639892578e-01
6.313131313131312705e-01 8.786247372627258301e-01
6.414141414141414366e-01 8.656272888183593750e-01
6.515151515151514916e-01 8.154383897781372070e-01
6.616161616161616577e-01 7.418148517608642578e-01
6.717171717171717127e-01 6.928927302360534668e-01
6.818181818181818787e-01 6.630865931510925293e-01
6.919191919191919338e-01 6.171529889106750488e-01
7.020202020202019888e-01 5.456460118293762207e-01
7.121212121212121549e-01 4.952729642391204834e-01
7.222222222222222099e-01 4.715183079242706299e-01
7.323232323232323759e-01 4.342162013053894043e-01
7.424242424242424310e-01 3.779881596565246582e-01
7.525252525252525970e-01 3.360180556774139404e-01
7.626262626262626521e-01 3.247264325618743896e-01
7.727272727272727071e-01 3.004266619682312012e-01
7.828282828282828731e-01 2.589038014411926270e-01
7.929292929292929282e-01 2.300356775522232056e-01
8.030303030303029832e-01 2.262501418590545654e-01
8.131313131313131493e-01 2.097779512405395508e-01
8.232323232323233153e-01 1.777521520853042603e-01
8.333333333333333703e-01 1.620659828186035156e-01
8.434343434343434254e-01 1.633060127496719360e-01
8.535353535353535914e-01 1.492372155189514160e-01
8.636363636363636465e-01 1.241996809840202332e-01
8.737373737373737015e-01 1.167405173182487488e-01
8.838383838383838675e-01 1.188485771417617798e-01
8.939393939393940336e-01 1.062753945589065552e-01
9.040404040404040886e-01 8.723472058773040771e-02
9.141414141414141437e-01 8.648861944675445557e-02
9.242424242424243097e-01 8.819499611854553223e-02
9.343434343434343647e-01 7.494519650936126709e-02
9.444444444444444198e-01 6.252505630254745483e-02
9.545454545454545858e-01 6.522495299577713013e-02
9.646464646464647519e-01 6.411001086235046387e-02
9.747474747474748069e-01 5.155840143561363220e-02
9.848484848484848619e-01 4.539160057902336121e-02
9.949494949494950280e-01 4.914766550064086914e-02
1.005050505050505194e+00 4.531567171216011047e-02
1.015151515151515138e+00 3.507059440016746521e-02
1.025252525252525304e+00 3.422597050666809082e-02
1.035353535353535470e+00 3.671108931303024292e-02
1.045454545454545414e+00 3.085969015955924988e-02
1.055555555555555580e+00 2.411893196403980255e-02
1.065656565656565746e+00 2.648047730326652527e-02
1.075757575757575690e+00 2.613294124603271484e-02
1.085858585858585856e+00 1.979311369359493256e-02
1.095959595959596022e+00 1.763929240405559540e-02
1.106060606060605966e+00 1.998988538980484009e-02
1.116161616161616355e+00 1.727649383246898651e-02
1.126262626262626299e+00 1.253514364361763000e-02
1.136363636363636465e+00 1.365234516561031342e-02
1.146464646464646631e+00 1.413030084222555161e-02
1.156565656565656575e+00 1.037424430251121521e-02
1.166666666666666741e+00 8.827438578009605408e-03
1.176767676767676907e+00 1.035386603325605392e-02
1.186868686868686851e+00 8.843200281262397766e-03
1.196969696969697017e+00 6.119729951024055481e-03
1.207070707070707183e+00 6.906421855092048645e-03
1.217171717171717127e+00 6.979203317314386368e-03
1.227272727272727293e+00 4.807454068213701248e-03
1.237373737373737459e+00 4.318167455494403839e-03
1.247474747474747403e+00 5.070918705314397812e-03
1.257575757575757791e+00 3.937763161957263947e-03
1.267676767676767735e+00 2.731753047555685043e-03
1.277777777777777679e+00 3.348481375724077225e-03
1.287878787878788067e+00 3.058408387005329132e-03
1.297979797979798011e+00 1.906591467559337616e-03
1.308080808080808177e+00 2.081874292343854904e-03
1.318181818181818343e+00 2.211268758401274681e-03
1.328282828282828287e+00 1.418911386281251907e-03
1.338383838383838453e+00 1.237394055351614952e-03
1.348484848484848619e+00 1.485308515839278698e-03
1.358585858585858563e+00 1.051354687660932541e-03
1.368686868686868729e+00 7.289161439985036850e-04
1.378787878787878896e+00 9.370436309836804867e-04
1.388888888888888840e+00 7.407119264826178551e-04
1.398989898989899228e+00 4.360180173534899950e-04
1.409090909090909172e+00 5.697048036381602287e-04
1.419191919191919116e+00 4.938860074616968632e-04
1.429292929292929504e+00 2.677812881302088499e-04
1.439393939393939448e+00 3.297801013104617596e-04
1.449494949494949614e+00 3.097382723353803158e-04
1.459595959595959780e+00 1.627842138987034559e-04
1.469696969696969724e+00 1.844655344029888511e-04
1.479797979797979890e+00 1.850833214120939374e-04
1.489898989898990056e+00 9.594378207111731172e-05
1.500000000000000000e+00 1.007032333291135728e-04
