5.000000000000000000e-01 1.233925670385360718e-02
5.101010101010100550e-01 1.315499003976583481e-02
5.202020202020202211e-01 1.226439047604799271e-02
5.303030303030302761e-01 1.161607168614864349e-02
5.404040404040404422e-01 1.285483408719301224e-02
5.505050505050504972e-01 1.377172116190195084e-02
5.606060606060605522e-01 1.285436563193798065e-02
5.707070707070707183e-01 1.244182698428630829e-02
5.808080808080807733e-01 1.376393903046846390e-02
5.909090909090909394e-01 1.497098989784717560e-02
6.010101010101009944e-01 1.467990968376398087e-02
6.111111111111111605e-01 1.498048473149538040e-02
6.212121212121212155e-01 1.657397858798503876e-02
6.313131313131312705e-01 1.739066652953624725e-02
6.414141414141414366e-01 1.616002433001995087e-02
6.515151515151514916e-01 1.740673184394836426e-02
6.616161616161616577e-01 3.058092668652534485e-02
6.717171717171717127e-01 5.857748165726661682e-02
6.818181818181818787e-01 1.050259470939636230e-01
6.919191919191919338e-01 1.687180399894714355e-01
7.020202020202019888e-01 2.490084916353225708e-01
7.121212121212121549e-01 3.489302694797515869e-01
7.222222222222222099e-01 4.594603478908538818e-01
7.323232323232323759e-01 5.845306515693664551e-01
7.424242424242424310e-01 7.006200551986694336e-01
7.525252525252525970e-01 8.161062598228454590e-01
7.626262626262626521e-01 9.128529429435729980e-01
7.727272727272727071e-01 9.758872389793395996e-01
7.828282828282828731e-01 1.000000000000000000e+00
7.929292929292929282e-01 9.906442165374755859e-01
8.030303030303029832e-01 9.394065737724304199e-01
8.131313131313131493e-01 8.629349470138549805e-01
8.232323232323233153e-01 7.702221274375915527e-01
8.333333333333333703e-01 6.574262976646423340e-01
8.434343434343434254e-01 5.332871079444885254e-01
8.535353535353535914e-01 4.182636439800262451e-01
8.636363636363636465e-01 3.129965960979461670e-01
8.737373737373737015e-01 2.232114076614379883e-01
8.838383838383838675e-01 1.502346992492675781e-01
8.939393939393940336e-01 9.611059725284576416e-02
9.040404040404040886e-01 5.750157684087753296e-02
9.141414141414141437e-01 3.202268853783607483e-02
9.242424242424243097e-01 1.744047552347183228e-02
9.343434343434343647e-01 1.030201558023691177e-02
9.444444444444444198e-01 8.003583177924156189e-03
9.545454545454545858e-01 8.492682129144668579e-03
9.646464646464647519e-01 1.011696644127368927e-02
9.747474747474748069e-01 1.127567142248153687e-02
9.848484848484848619e-01 1.157826092094182968e-02
9.949494949494950280e-01 1.049157045781612396e-02
1.005050505050505194e+00 1.098954305052757263e-02
1.015151515151515138e+00 1.428165566176176071e-02
1.025252525252525304e+00 1.718187704682350159e-02
1.035353535353535470e+00 1.890836469829082489e-02
1.045454545454545414e+00 2.023676037788391113e-02
1.055555555555555580e+00 1.961059495806694031e-02
1.065656565656565746e+00 1.861640438437461853e-02
1.075757575757575690e+00 1.492629945278167725e-02
1.085858585858585856e+00 1.336178649216890335e-02
1.095959595959596022e+00 1.138139888644218445e-02
1.106060606060605966e+00 1.059050112962722778e-02
1.116161616161616355e+00 8.857152424752712250e-03
1.126262626262626299e+00 6.395422853529453278e-03
1.136363636363636465e+00 4.512469284236431122e-03
1.146464646464646631e+00 2.653763163834810257e-03
1.156565656565656575e+00 1.501364051364362240e-03
1.166666666666666741e+00 7.987258140929043293e-04
1.176767676767676907e+00 9.277424542233347893e-04
1.186868686868686851e+00 8.391386363655328751e-04
1.196969696969697017e+00 5.743233487010002136e-04
1.207070707070707183e+00 4.221741983201354742e-04
1.217171717171717127e+00 3.601988137234002352e-04
1.227272727272727293e+00 2.422532998025417328e-04
1.237373737373737459e+00 2.111792127834632993e-04
1.247474747474747403e+00 2.528360346332192421e-04
1.257575757575757791e+00 2.156407135771587491e-04
1.267676767676767735e+00 1.518050703452900052e-04
1.277777777777777679e+00 1.663517177803441882e-04
1.287878787878788067e+00 1.578416704433038831e-04
1.297979797979798011e+00 1.051325962180271745e-04
1.308080808080808177e+00 1.021544594550505280e-04
1.318181818181818343e+00 1.087160344468429685e-04
1.328282828282828287e+00 7.702490984229370952e-05
1.338383838383838453e+00 6.102316547185182571e-05
1.348484848484848619e+00 7.088338315952569246e-05
1.358585858585858563e+00 5.465844878926873207e-05
1.368686868686868729e+00 3.692871177918277681e-05
1.378787878787878896e+00 4.411586633068509400e-05
1.388888888888888840e+00 3.724532871274277568e-05
1.398989898989899228e+00 2.290240081492811441e-05
1.409090909090909172e+00 2.638003024912904948e-05
1.419191919191919116e+00 2.411665991530753672e-05
1.429292929292929504e+00 1.415226779499789700e-05
1.439393939393939448e+00 1.505816180724650621e-05
1.449494949494949614e+00 1.489367241447325796e-05
1.459595959595959780e+00 8.518665708834305406e-06
1.469696969696969724e+00 8.450795576209202409e-06
1.479797979797979890e+00 8.798933777143247426e-06
1.489898989898990056e+00 5.006270839658100158e-06
1.500000000000000000e+00 4.620324034476652741e-06
