5.000000000000000000e-01 2.870566844940185547e-01
5.101010101010100550e-01 3.126760125160217285e-01
5.202020202020202211e-01 3.007394373416900635e-01
5.303030303030302761e-01 2.762630879878997803e-01
5.404040404040404422e-01 3.002563416957855225e-01
5.505050505050504972e-01 3.333444893360137939e-01
5.606060606060605522e-01 3.229506611824035645e-01
5.707070707070707183e-01 3.014172911643981934e-01
5.808080808080807733e-01 3.206892013549804688e-01
5.909090909090909394e-01 3.521659672260284424e-01
6.010101010101009944e-01 3.490818738937377930e-01
6.111111111111111605e-01 3.336042165756225586e-01
6.212121212121212155e-01 3.577785491943359375e-01
6.313131313131312705e-01 3.965067267417907715e-01
6.414141414141414366e-01 3.989802896976470947e-01
6.515151515151514916e-01 3.881219625473022461e-01
6.616161616161616577e-01 4.252030253410339355e-01
6.717171717171717127e-01 4.734575450420379639e-01
6.818181818181818787e-01 4.853572249412536621e-01
6.919191919191919338e-01 4.990893006324768066e-01
7.020202020202019888e-01 5.527336001396179199e-01
7.121212121212121549e-01 6.061548590660095215e-01
7.222222222222222099e-01 6.527957916259765625e-01
7.323232323232323759e-01 6.769955754280090332e-01
7.424242424242424310e-01 7.456536889076232910e-01
7.525252525252525970e-01 8.229923844337463379e-01
7.626262626262626521e-01 8.683695197105407715e-01
7.727272727272727071e-01 9.133928418159484863e-01
7.828282828282828731e-01 9.368097186088562012e-01
7.929292929292929282e-01 9.899701476097106934e-01
8.030303030303029832e-01 1.000000000000000000e+00
8.131313131313131493e-01 9.735770821571350098e-01
8.232323232323233153e-01 9.583548307418823242e-01
8.333333333333333703e-01 9.473748803138732910e-01
8.434343434343434254e-01 9.226867556571960449e-01
8.535353535353535914e-01 8.404158353805541992e-01
8.636363636363636465e-01 7.803751230239868164e-01
8.737373737373737015e-01 7.115518450736999512e-01
8.838383838383838675e-01 6.538683772087097168e-01
8.939393939393940336e-01 5.713421702384948730e-01
9.040404040404040886e-01 4.930480122566223145e-01
9.141414141414141437e-01 4.254826009273529053e-01
9.242424242424243097e-01 3.796820342540740967e-01
9.343434343434343647e-01 3.124313354492187500e-01
9.444444444444444198e-01 2.616546750068664551e-01
9.545454545454545858e-01 2.279942631721496582e-01
9.646464646464647519e-01 1.975361108779907227e-01
9.747474747474748069e-01 1.624094545841217041e-01
9.848484848484848619e-01 1.360708475112915039e-01
9.949494949494950280e-01 1.237764805555343628e-01
1.005050505050505194e+00 1.083083748817443848e-01
1.015151515151515138e+00 8.840687572956085205e-02
1.025252525252525304e+00 7.913913577795028687e-02
1.035353535353535470e+00 7.610599696636199951e-02
1.045454545454545414e+00 6.533259153366088867e-02
1.055555555555555580e+00 5.252977833151817322e-02
1.065656565656565746e+00 5.174984037876129150e-02
1.075757575757575690e+00 4.815369844436645508e-02
1.085858585858585856e+00 3.911927714943885803e-02
1.095959595959596022e+00 3.436478227376937866e-02
1.106060606060605966e+00 3.489574790000915527e-02
1.116161616161616355e+00 3.065672144293785095e-02
1.126262626262626299e+00 2.399113960564136505e-02
1.136363636363636465e+00 2.321114949882030487e-02
1.146464646464646631e+00 2.322931028902530670e-02
1.156565656565656575e+00 1.855164207518100739e-02
1.166666666666666741e+00 1.552238501608371735e-02
1.176767676767676907e+00 1.592172123491764069e-02
1.186868686868686851e+00 1.389412488788366318e-02
1.196969696969697017e+00 1.043341960757970810e-02
1.207070707070707183e+00 1.056222710758447647e-02
1.217171717171717127e+00 1.054188515990972519e-02
1.227272727272727293e+00 7.948234677314758301e-03
1.237373737373737459e+00 6.937242113053798676e-03
1.247474747474747403e+00 7.304763421416282654e-03
1.257575757575757791e+00 5.879568401724100113e-03
1.267676767676767735e+00 4.361270926892757416e-03
1.277777777777777679e+00 4.735311958938837051e-03
1.287878787878788067e+00 4.287335556000471115e-03
1.297979797979798011e+00 3.006847109645605087e-03
1.308080808080808177e+00 2.963759703561663628e-03
1.318181818181818343e+00 3.031815169379115105e-03
1.328282828282828287e+00 2.116470830515027046e-03
1.338383838383838453e+00 1.763737061992287636e-03
1.348484848484848619e+00 2.022892003878951073e-03
1.358585858585858563e+00 1.476540812291204929e-03
1.368686868686868729e+00 1.070580328814685345e-03
1.378787878787878896e+00 1.225539250299334526e-03
1.388888888888888840e+00 1.012025517411530018e-03
1.398989898989899228e+00 6.439214921556413174e-04
1.409090909090909172e+00 7.453031721524894238e-04
1.419191919191919116e+00 6.454185349866747856e-04
1.429292929292929504e+00 3.912316460628062487e-04
1.439393939393939448e+00 4.242032009642571211e-04
1.449494949494949614e+00 4.006345407105982304e-04
1.459595959595959780e+00 2.317421021871268749e-04
1.469696969696969724e+00 2.379414509050548077e-04
1.479797979797979890e+00 2.336841571377590299e-04
1.489898989898990056e+00 1.342347241006791592e-04
1.500000000000000000e+00 1.269274507649242878e-04
