5.000000000000000000e-01 9.961158633232116699e-01
5.101010101010100550e-01 1.000000000000000000e+00
5.202020202020202211e-01 9.966732859611511230e-01
5.303030303030302761e-01 9.572600722312927246e-01
5.404040404040404422e-01 8.949007391929626465e-01
5.505050505050504972e-01 8.564883470535278320e-01
5.606060606060605522e-01 8.377760648727416992e-01
5.707070707070707183e-01 7.901632785797119141e-01
5.808080808080807733e-01 7.165330648422241211e-01
5.909090909090909394e-01 6.590616703033447266e-01
6.010101010101009944e-01 6.329086422920227051e-01
6.111111111111111605e-01 5.945541262626647949e-01
6.212121212121212155e-01 5.279183983802795410e-01
6.313131313131312705e-01 4.736697077751159668e-01
6.414141414141414366e-01 4.538328945636749268e-01
6.515151515151514916e-01 4.274150729179382324e-01
6.616161616161616577e-01 3.755649626255035400e-01
6.717171717171717127e-01 3.327423334121704102e-01
6.818181818181818787e-01 3.224489688873291016e-01
6.919191919191919338e-01 3.077078759670257568e-01
7.020202020202019888e-01 2.686385512351989746e-01
7.121212121212121549e-01 2.365496754646301270e-01
7.222222222222222099e-01 2.339435517787933350e-01
7.323232323232323759e-01 2.260927408933639526e-01
7.424242424242424310e-01 1.950036138296127319e-01
7.525252525252525970e-01 1.721605062484741211e-01
7.626262626262626521e-01 1.743351966142654419e-01
7.727272727272727071e-01 1.690476536750793457e-01
7.828282828282828731e-01 1.429124325513839722e-01
7.929292929292929282e-01 1.271704882383346558e-01
8.030303030303029832e-01 1.326407045125961304e-01
8.131313131313131493e-01 1.271107792854309082e-01
8.232323232323233153e-01 1.054749414324760437e-01
8.333333333333333703e-01 9.571515768766403198e-02
8.434343434343434254e-01 1.019559800624847412e-01
8.535353535353535914e-01 9.475908428430557251e-02
8.636363636363636465e-01 7.689447700977325439e-02
8.737373737373737015e-01 7.327922433614730835e-02
8.838383838383838675e-01 7.864484190940856934e-02
8.939393939393940336e-01 7.044272869825363159e-02
9.040404040404040886e-01 5.606419220566749573e-02
9.141414141414141437e-01 5.704501271247863770e-02
9.242424242424243097e-01 6.040874123573303223e-02
9.343434343434343647e-01 5.084003880620002747e-02
9.444444444444444198e-01 4.131371155381202698e-02
9.545454545454545858e-01 4.488436132669448853e-02
9.646464646464647519e-01 4.541435837745666504e-02
9.747474747474748069e-01 3.572653234004974365e-02
9.848484848484848619e-01 3.097551874816417694e-02
9.949494949494950280e-01 3.542596101760864258e-02
1.005050505050505194e+00 3.274970129132270813e-02
1.015151515151515138e+00 2.447818592190742493e-02
1.025252525252525304e+00 2.429674565792083740e-02
1.035353535353535470e+00 2.703462913632392883e-02
1.045454545454545414e+00 2.236968651413917542e-02
1.055555555555555580e+00 1.692013256251811981e-02
1.065656565656565746e+00 1.937990263104438782e-02
1.075757575757575690e+00 1.958931237459182739e-02
1.085858585858585856e+00 1.433211285620927811e-02
1.095959595959596022e+00 1.277300622314214706e-02
1.106060606060605966e+00 1.510172802954912186e-02
1.116161616161616355e+00 1.298105809837579727e-02
1.126262626262626299e+00 9.064405225217342377e-03
1.136363636363636465e+00 1.024462468922138214e-02
1.146464646464646631e+00 1.083594560623168945e-02
1.156565656565656575e+00 7.760964334011077881e-03
1.166666666666666741e+00 6.522848270833492279e-03
1.176767676767676907e+00 7.984439842402935028e-03
1.186868686868686851e+00 6.780388765037059784e-03
1.196969696969697017e+00 4.503122530877590179e-03
1.207070707070707183e+00 5.306597799062728882e-03
1.217171717171717127e+00 5.459604319185018539e-03
1.227272727272727293e+00 3.637922229245305061e-03
1.237373737373737459e+00 3.263498423621058464e-03
1.247474747474747403e+00 3.976512700319290161e-03
1.257575757575757791e+00 3.056370420381426811e-03
1.267676767676767735e+00 2.053291536867618561e-03
1.277777777777777679e+00 2.636023331433534622e-03
1.287878787878788067e+00 2.409232780337333679e-03
1.297979797979798011e+00 1.440580585040152073e-03
1.308080808080808177e+00 1.630914164707064629e-03
1.318181818181818343e+00 1.752856653183698654e-03
1.328282828282828287e+00 1.094627543352544308e-03
1.338383838383838453e+00 9.608311811462044716e-04
1.348484848484848619e+00 1.189954113215208054e-03
1.358585858585858563e+00 8.267461671493947506e-04
1.368686868686868729e+00 5.596796399913728237e-04
1.378787878787878896e+00 7.540696533396840096e-04
1.388888888888888840e+00 5.921428091824054718e-04
1.398989898989899228e+00 3.345013537909835577e-04
1.409090909090909172e+00 4.562562389764934778e-04
1.419191919191919116e+00 3.975767176598310471e-04
1.429292929292929504e+00 2.052934869425371289e-04
1.439393939393939448e+00 2.647466899361461401e-04
1.449494949494949614e+00 2.514698717277497053e-04
1.459595959595959780e+00 1.260537537746131420e-04
1.469696969696969724e+00 1.491038419771939516e-04
1.479797979797979890e+00 1.505665859440341592e-04
1.489898989898990056e+00 7.501536310883238912e-05
1.500000000000000000e+00 8.156862168107181787e-05
