5.000000000000000000e-01 2.005570232868194580e-01
5.101010101010100550e-01 2.376756519079208374e-01
5.202020202020202211e-01 2.032458037137985229e-01
5.303030303030302761e-01 1.474615931510925293e-01
5.404040404040404422e-01 1.871709227561950684e-01
5.505050505050504972e-01 2.345540821552276611e-01
5.606060606060605522e-01 1.944655179977416992e-01
5.707070707070707183e-01 1.409594118595123291e-01
5.808080808080807733e-01 1.812897473573684692e-01
5.909090909090909394e-01 2.291468083858489990e-01
6.010101010101009944e-01 1.941487491130828857e-01
6.111111111111111605e-01 1.382490992546081543e-01
6.212121212121212155e-01 1.756458133459091187e-01
6.313131313131312705e-01 2.154455780982971191e-01
6.414141414141414366e-01 1.828068941831588745e-01
6.515151515151514916e-01 1.311656385660171509e-01
6.616161616161616577e-01 1.650690883398056030e-01
6.717171717171717127e-01 2.040731459856033325e-01
6.818181818181818787e-01 1.663689613342285156e-01
6.919191919191919338e-01 1.279042512178421021e-01
7.020202020202019888e-01 1.624829024076461792e-01
7.121212121212121549e-01 1.912842392921447754e-01
7.222222222222222099e-01 1.513110101222991943e-01
7.323232323232323759e-01 1.222875043749809265e-01
7.424242424242424310e-01 1.594141572713851929e-01
7.525252525252525970e-01 1.789079308509826660e-01
7.626262626262626521e-01 1.380779743194580078e-01
7.727272727272727071e-01 1.194361522793769836e-01
7.828282828282828731e-01 1.484424024820327759e-01
7.929292929292929282e-01 1.606676727533340454e-01
8.030303030303029832e-01 1.228883042931556702e-01
8.131313131313131493e-01 1.098402738571166992e-01
8.232323232323233153e-01 1.328590959310531616e-01
8.333333333333333703e-01 1.260676383972167969e-01
8.434343434343434254e-01 7.511755079030990601e-02
8.535353535353535914e-01 6.555751711130142212e-02
8.636363636363636465e-01 8.693761378526687622e-02
8.737373737373737015e-01 1.049308031797409058e-01
8.838383838383838675e-01 1.640194207429885864e-01
8.939393939393940336e-01 2.656159400939941406e-01
9.040404040404040886e-01 3.410869538784027100e-01
9.141414141414141437e-01 4.078895151615142822e-01
9.242424242424243097e-01 4.712538719177246094e-01
9.343434343434343647e-01 5.452546477317810059e-01
9.444444444444444198e-01 6.016746163368225098e-01
9.545454545454545858e-01 5.982875227928161621e-01
9.646464646464647519e-01 5.743786096572875977e-01
9.747474747474748069e-01 5.258420705795288086e-01
9.848484848484848619e-01 4.751352071762084961e-01
9.949494949494950280e-01 3.913682997226715088e-01
1.005050505050505194e+00 3.115147948265075684e-01
1.015151515151515138e+00 2.248708307743072510e-01
1.025252525252525304e+00 1.791165471076965332e-01
1.035353535353535470e+00 1.389793902635574341e-01
1.045454545454545414e+00 1.114454567432403564e-01
1.055555555555555580e+00 9.650103002786636353e-02
1.065656565656565746e+00 7.709136605262756348e-02
1.075757575757575690e+00 8.033062517642974854e-02
1.085858585858585856e+00 7.684655487537384033e-02
1.095959595959596022e+00 6.580946594476699829e-02
1.106060606060605966e+00 5.156412348151206970e-02
1.116161616161616355e+00 5.118360370397567749e-02
1.126262626262626299e+00 5.150610208511352539e-02
1.136363636363636465e+00 4.378634318709373474e-02
1.146464646464646631e+00 4.142918065190315247e-02
1.156565656565656575e+00 4.682421684265136719e-02
1.166666666666666741e+00 4.500601068139076233e-02
1.176767676767676907e+00 3.935209661722183228e-02
1.186868686868686851e+00 3.741177916526794434e-02
1.196969696969697017e+00 3.543876484036445618e-02
1.207070707070707183e+00 3.277979791164398193e-02
1.217171717171717127e+00 5.373684316873550415e-02
1.227272727272727293e+00 1.030301079154014587e-01
1.237373737373737459e+00 1.703653633594512939e-01
1.247474747474747403e+00 2.655048370361328125e-01
1.257575757575757791e+00 3.674923777580261230e-01
1.267676767676767735e+00 4.884003400802612305e-01
1.277777777777777679e+00 6.073703169822692871e-01
1.287878787878788067e+00 7.499974370002746582e-01
1.297979797979798011e+00 8.368813395500183105e-01
1.308080808080808177e+00 9.173988103866577148e-01
1.318181818181818343e+00 9.746971726417541504e-01
1.328282828282828287e+00 1.000000000000000000e+00
1.338383838383838453e+00 9.569103121757507324e-01
1.348484848484848619e+00 8.861311078071594238e-01
1.358585858585858563e+00 7.835063934326171875e-01
1.368686868686868729e+00 6.976729035377502441e-01
1.378787878787878896e+00 5.701403021812438965e-01
1.388888888888888840e+00 4.688418507575988770e-01
1.398989898989899228e+00 3.583372831344604492e-01
1.409090909090909172e+00 2.554343640804290771e-01
1.419191919191919116e+00 1.829354763031005859e-01
1.429292929292929504e+00 1.289535462856292725e-01
1.439393939393939448e+00 8.194737136363983154e-02
1.449494949494949614e+00 5.076761916279792786e-02
1.459595959595959780e+00 2.987662144005298615e-02
1.469696969696969724e+00 1.622966490685939789e-02
1.479797979797979890e+00 8.604479953646659851e-03
1.489898989898990056e+00 4.527781624346971512e-03
1.500000000000000000e+00 2.653829520568251610e-03
