5.000000000000000000e-01 4.044808149337768555e-01
5.101010101010100550e-01 4.508036375045776367e-01
5.202020202020202211e-01 4.791036546230316162e-01
5.303030303030302761e-01 5.026707649230957031e-01
5.404040404040404422e-01 5.572992563247680664e-01
5.505050505050504972e-01 6.283098459243774414e-01
5.606060606060605522e-01 6.782080531120300293e-01
5.707070707070707183e-01 7.217409014701843262e-01
5.808080808080807733e-01 7.788873910903930664e-01
5.909090909090909394e-01 8.465269207954406738e-01
6.010101010101009944e-01 9.053071141242980957e-01
6.111111111111111605e-01 9.318863153457641602e-01
6.212121212121212155e-01 9.574099779129028320e-01
6.313131313131312705e-01 9.842268228530883789e-01
6.414141414141414366e-01 1.000000000000000000e+00
6.515151515151514916e-01 9.826247096061706543e-01
6.616161616161616577e-01 9.484093189239501953e-01
6.717171717171717127e-01 9.144572019577026367e-01
6.818181818181818787e-01 8.702574372291564941e-01
6.919191919191919338e-01 8.114748001098632812e-01
7.020202020202019888e-01 7.319484353065490723e-01
7.121212121212121549e-01 6.628533601760864258e-01
7.222222222222222099e-01 6.007276773452758789e-01
7.323232323232323759e-01 5.354235172271728516e-01
7.424242424242424310e-01 4.580240249633789062e-01
7.525252525252525970e-01 3.931770622730255127e-01
7.626262626262626521e-01 3.516784310340881348e-01
7.727272727272727071e-01 3.077438771724700928e-01
7.828282828282828731e-01 2.576242387294769287e-01
7.929292929292929282e-01 2.170918583869934082e-01
8.030303030303029832e-01 1.982098221778869629e-01
8.131313131313131493e-01 1.781450062990188599e-01
8.232323232323233153e-01 1.492400318384170532e-01
8.333333333333333703e-01 1.296882927417755127e-01
8.434343434343434254e-01 1.237905770540237427e-01
8.535353535353535914e-01 1.134535372257232666e-01
8.636363636363636465e-01 9.450935572385787964e-02
8.737373737373737015e-01 8.564849942922592163e-02
8.838383838383838675e-01 8.491207659244537354e-02
8.939393939393940336e-01 7.679545879364013672e-02
9.040404040404040886e-01 6.280872970819473267e-02
9.141414141414141437e-01 6.016330420970916748e-02
9.242424242424243097e-01 6.041370704770088196e-02
9.343434343434343647e-01 5.258417129516601562e-02
9.444444444444444198e-01 4.324370622634887695e-02
9.545454545454545858e-01 4.353714361786842346e-02
9.646464646464647519e-01 4.296725615859031677e-02
9.747474747474748069e-01 3.545707091689109802e-02
9.848484848484848619e-01 3.045270778238773346e-02
9.949494949494950280e-01 3.228648006916046143e-02
1.005050505050505194e+00 3.017116710543632507e-02
1.015151515151515138e+00 2.366362325847148895e-02
1.025252525252525304e+00 2.224203385412693024e-02
1.035353535353535470e+00 2.358567714691162109e-02
1.045454545454545414e+00 2.020560018718242645e-02
1.055555555555555580e+00 1.595607399940490723e-02
1.065656565656565746e+00 1.679884456098079681e-02
1.075757575757575690e+00 1.685816980898380280e-02
1.085858585858585856e+00 1.307587604969739914e-02
1.095959595959596022e+00 1.130336336791515350e-02
1.106060606060605966e+00 1.262514945119619370e-02
1.116161616161616355e+00 1.112282462418079376e-02
1.126262626262626299e+00 8.142965845763683319e-03
1.136363636363636465e+00 8.520032279193401337e-03
1.146464646464646631e+00 8.868929930031299591e-03
1.156565656565656575e+00 6.683791987597942352e-03
1.166666666666666741e+00 5.565276369452476501e-03
1.176767676767676907e+00 6.457597948610782623e-03
1.186868686868686851e+00 5.576686933636665344e-03
1.196969696969697017e+00 3.901584306731820107e-03
1.207070707070707183e+00 4.256200511008501053e-03
1.217171717171717127e+00 4.360303282737731934e-03
1.227272727272727293e+00 3.078085603192448616e-03
1.237373737373737459e+00 2.673641312867403030e-03
1.247474747474747403e+00 3.122425870969891548e-03
1.257575757575757791e+00 2.475921297445893288e-03
1.267676767676767735e+00 1.720244879834353924e-03
1.277777777777777679e+00 2.058896468952298164e-03
1.287878787878788067e+00 1.893755048513412476e-03
1.297979797979798011e+00 1.210101298056542873e-03
1.308080808080808177e+00 1.266805804334580898e-03
1.318181818181818343e+00 1.351208076812326908e-03
1.328282828282828287e+00 8.932483033277094364e-04
1.338383838383838453e+00 7.591125904582440853e-04
1.348484848484848619e+00 9.022557060234248638e-04
1.358585858585858563e+00 6.534875719808042049e-04
1.368686868686868729e+00 4.479854833334684372e-04
1.378787878787878896e+00 5.706707597710192204e-04
1.388888888888888840e+00 4.589887976180762053e-04
1.398989898989899228e+00 2.713785506784915924e-04
1.409090909090909172e+00 3.416461404412984848e-04
1.419191919191919116e+00 3.013569512404501438e-04
1.429292929292929504e+00 1.666185853537172079e-04
1.439393939393939448e+00 1.963446993613615632e-04
1.449494949494949614e+00 1.891714782686904073e-04
1.459595959595959780e+00 1.020175041048787534e-04
1.469696969696969724e+00 1.104542388929985464e-04
1.479797979797979890e+00 1.126236311392858624e-04
1.489898989898990056e+00 5.981994399917311966e-05
1.500000000000000000e+00 6.053109245840460062e-05
